,0,1,2,3,4,5,6,7,8
0,-483.9340335259589,141.47669718059586,-388.9700335348405,-172.52332846757398,-3.383912445636293,250.76254558873768,28.640362905870504,189.95592959389793,0.0
1,239.12853012055965,-117.36811818713181,37.94334632807741,-175.77465387050327,-7.359246500925896,249.3369880303922,35.446427034526195,193.64991426748546,0.0
2,199.23654745777642,291.1319514940668,-200.28840447628835,247.30012834084843,-8.327849731037746,251.60829479437356,33.99405857173875,198.05591468935276,0.0
3,-148.3731407765518,-484.282401720823,-287.30571099855047,-331.7049298269549,-2.0390225463148157,249.05449867878852,33.5013894035378,177.20083024680986,0.0
4,6.03757792344346,-229.14543379410551,-409.13473874837473,-185.69598612135636,-4.970765059563616,252.09338558210277,27.512664809389502,185.99576620279055,0.0
5,336.58580686952007,-364.32340095684725,67.84696718837088,-152.08562590393186,3.831461237206497,249.15975683764842,23.817862968975348,174.41342241136996,0.0
6,143.38668711634483,-545.3993152172997,-641.3758821472738,587.7523225846473,7.561022377949175,254.21946297190678,27.48012918341235,174.9804914552035,0.0
7,141.20012902938038,-277.7562519638154,9.306689661563938,-255.975587479531,-1.7777837203724016,246.9408317684597,30.481409087930388,190.15825292100112,0.0
8,177.6413131355535,-344.62631393714037,-213.70333934849285,-203.48676646292776,-7.329494811605886,242.90280042619042,32.65936441047664,196.440853925796,0.0
9,221.55629397078405,-100.5729894072363,61.49406529623018,-132.60926285579723,17.741946632588487,235.70647834244062,21.275456035035553,158.816765537503,0.0
10,-388.25460094000096,-513.1340584800469,-394.49218285129956,373.0267973846783,10.48890775311562,234.8040693588425,26.77725842870334,179.4359976107003,0.0
11,602.1007449395423,-408.69031984470496,-81.11088898268287,-74.16933439612758,3.6639416028255543,246.61230233329655,28.229999345149526,184.11347168597342,0.0
12,278.0868226803925,157.6423605230441,89.1567525559661,-25.178901547241427,3.598736676651355,238.39026617541168,31.57532476241748,196.91281047480615,0.0
13,78.77185662715196,-276.3526145089859,-56.851678215698584,19.002027269214807,1.0520945524868086,247.15967862065813,28.455865491663992,184.5807207833796,0.0
14,91.47057465789827,-16.776536561871236,104.17194810150154,-226.9487155397867,0.292993222554113,239.93588846007543,36.87267009638336,190.283982722548,0.0
15,-83.33956575123929,-414.4216985379886,-453.68502623093025,349.06799903013234,-3.37416164261976,242.66031304627455,37.13901301708632,210.53230850445618,0.0
16,413.2054312900381,-109.41450834456296,-28.868667456475762,35.591148245387295,8.917187741871942,237.48660796881916,23.3972878553726,175.91555326073703,0.0
17,-179.85661724316654,332.58403483970824,-531.3612817465,-26.35650765349016,-11.545062068927807,246.34207180851882,42.183238669394335,207.40942155650228,0.0
18,-152.40764672161848,-226.02544399425005,-199.72911285569725,-274.94828966037466,8.748063434649834,234.2045559445438,26.993990935956003,171.14781772374323,0.0
19,693.9786166954798,-142.93873787690177,264.9553113663047,-111.73432960747269,-7.895962187505099,249.49914048349845,38.027596844188615,201.84397247040744,0.0
20,39.02740950751178,-266.5310830984996,-159.36593578134378,170.4278345543663,3.7841523802663932,247.0321429790871,30.983508288070258,179.5249366436462,0.0
21,175.6912588351573,-374.44750062471076,12.146215799560833,-256.31770152478634,4.876315979712492,236.2010261437784,31.223458768155012,182.61490059215137,0.0
22,187.1102510066359,-42.282031741903594,-154.9885503232471,-72.52790362398036,-3.9391529503903655,242.342803451728,32.12052858209575,198.35947832570272,0.0
23,269.7470833489854,-300.2009019002493,-492.7892509616792,-71.25091036880022,8.607849958920625,234.653389214472,27.260235924397527,180.14166630253624,0.0
24,367.438486395041,30.007872398371283,-274.0458777819614,237.29959910708766,-3.550720574964813,239.6473762566204,34.105460575063795,196.4094597709915,0.0
25,493.7743912707665,-492.1484262517986,-94.1674970617874,-138.8409769829764,6.024800799016739,243.5166574270177,26.71834686934599,172.91069012082417,0.0
26,267.5256988012483,-376.5432325527831,-192.4072701558152,-139.54082164729618,11.55286300214183,240.9027607824324,24.92618036582369,176.93642544730656,0.0
27,-306.9448115357244,102.08960589586526,-126.4771196300602,88.03296157307705,-3.397216353328544,238.40731069825958,34.94980141195495,198.29105051230306,0.0
28,358.20048917547587,-372.4580736064077,-335.6048334792114,-71.16806720142978,-9.863233180683425,249.9718278952537,33.112753073637016,210.25619276545805,0.0
29,573.6853541064035,-505.069142609863,-177.50074948953446,-112.33718722926203,-3.0622624444998694,257.434626020222,26.773399130643014,176.27090946990137,0.0
30,467.25741121667284,-259.68661884942094,6.351842447778822,31.544827687891797,-0.160525868468413,242.92315461090988,28.51867557212122,185.3482623719064,0.0
31,204.90038257727798,-441.98565681032466,109.3765186055221,-109.10564493887503,-4.980894709183967,245.46697695251038,32.71348283203213,188.4241872667427,0.0
32,-40.99545281296848,71.6911563241585,-448.15894498843073,-117.42901770128098,2.859692046616057,237.5884922557472,30.875894306492498,180.00703328814095,0.0
33,186.11173534493741,-368.3027458504555,157.09193738272342,-310.845567355428,2.0500688186497165,241.83050606135205,30.548617164544435,188.11812744573928,0.0
34,40.24872149481329,-229.8460288949496,-134.41929263623535,-249.74572341665623,9.60253003469563,235.66126493442795,30.531583705716972,181.92242908824807,0.0
35,-7.834665651282413,-74.85396434085241,-450.12726767196955,-116.39875254361343,12.845022887762225,245.54833362701459,21.496353214648927,169.3794612195138,0.0
36,-322.6666828227775,-57.62808647445987,-453.80738770642745,350.75486627149564,-9.964924669658295,246.84712572504125,38.352057685899375,201.34407533552363,0.0
37,549.6118237763992,-238.39561310445333,66.66567703045345,35.063180920051536,-2.6364824323076346,245.37526388655974,37.455787589347025,194.01278450028218,0.0
38,316.717087086875,-24.655491472962353,-395.99539435356263,-30.930555738076126,-5.607829840776757,238.34421271506673,35.69941535610823,203.68353558184464,0.0
39,16.193700945167034,-25.545280028761308,-462.07059092377233,451.9924029642553,-14.393295303555472,253.1451478495196,38.59797958632005,209.8629719648061,0.0
40,223.31919576866318,-180.57072995308388,-326.8528055262024,-100.46293407407609,-8.303385138420008,240.19635556826162,40.29434791189654,202.92426606059206,0.0
41,123.32818018148568,-392.46961883344363,-427.1322148615468,331.1067627194858,2.5360523090214655,242.22191467441067,28.865621760173394,185.64479212012387,0.0
42,647.2747950547914,-232.52383446087762,-123.26178998232164,-39.37081906080848,7.686440855879887,236.59181531552545,32.55970137978416,188.04273671812393,0.0
43,273.07901923562054,-318.16373438953815,-254.53137628434104,221.33128921538673,1.070300747845761,240.5183130517476,37.46612386405234,194.77789062219944,0.0
44,60.67004996382832,-380.13867009561585,-636.566018616641,-125.46589970327109,-5.475955336252239,242.61872693298704,38.250133952810685,203.19003474069387,0.0
45,69.82672122123401,-288.02024745995516,98.49460106585002,-103.78407813194958,5.825997426084686,243.06958070694682,33.41740564770074,180.81275410302408,0.0
46,352.84078633748015,-372.63737637977397,-299.8851552777587,-69.64340535994364,0.7081921975325596,240.46338084710632,31.174792351334084,197.99466428629955,0.0
47,-139.01501323284,-55.41603565950241,-179.11718672319296,77.06765182190283,-5.968649526128625,241.69916223980826,41.06362360910228,200.44124011751182,0.0
48,207.76213482739578,-239.65547961364172,-278.3963487136949,-118.61593222132944,-6.708742623360386,261.73861205898174,33.82812043581186,203.55853311487832,0.0
49,-144.9275412971717,-331.98779697780714,-160.41889271112078,140.18572149151484,0.022528490028805637,256.8861080077917,24.418234677987762,178.27333255671857,0.0
50,549.389172689452,-165.67572844660333,-118.3421783249182,-47.32597397445837,13.414431281339315,236.47522602923988,21.329824739598166,172.1239365866766,0.0
51,185.7946882192577,-67.56829244359933,-340.58514599041735,355.14042526573314,-3.411289659584791,243.27956528755567,32.68482879393107,189.3777404490183,0.0
52,251.27231451364045,-180.8425523457751,-97.65947668777461,-158.55939229238942,0.5207672462692978,237.2849029802744,23.083091386547025,178.2563097877461,0.0
53,61.68924406451312,113.19857447930448,-214.72819891356255,246.13946950259287,-0.47682354267088245,245.17903142202195,36.760218645292895,196.37547170920087,0.0
54,541.0117641734594,-345.6869595381685,-399.3169286476017,-46.13397927416063,-4.361650177865593,232.7846662948223,32.56180932088176,204.1783934277505,0.0
55,575.1675847339899,-315.7564689501463,13.134664002564978,-94.62884676155156,-7.831359446973207,247.6159306332664,34.25242762569604,205.48050460854574,0.0
56,-98.84620551040429,59.37020171677298,147.76995877045385,-219.5070398939122,6.5834357644863575,239.30541658126134,31.553990281798516,177.46326564721303,0.0
57,-53.34457552813281,-453.54524332276645,-505.52194557562655,449.5804953132939,-13.537837542153921,256.41990009929816,36.461582700213526,204.82501949681355,0.0
58,-259.1712553873098,150.23659818565497,-337.43449804146894,-137.56528873900092,-6.897535531748882,254.0575191643237,30.144314772856596,202.9107401629006,0.0
59,21.627216206907217,-237.01267847812665,-350.36955765992684,336.5727305289546,-5.614999119429982,248.59510773659864,32.99006833195228,193.61794688851788,0.0
60,360.21885144271755,-209.35043278700866,-350.344428906829,-24.80512753718298,-1.007185431410741,244.0288825154888,33.61335133997921,201.84589887351456,0.0
61,166.12921226248173,-89.45877543249121,-167.90671691560638,-110.95930328974953,-12.433803450027353,246.09089206813132,31.045465251703742,207.15440619955567,0.0
62,-6.179242366206217,180.72038176204305,-420.54074521740256,411.40219445601997,-2.7855921571756825,246.31295115433053,29.023810100571463,187.73969373031306,0.0
63,309.3730280696358,23.97774357667295,-399.5114978278619,409.550914365145,-2.0121853050929603,242.4471860080822,32.8512974605094,187.55299279803882,0.0
64,-203.6834877401858,-37.9135758481002,-35.2422432976426,-295.81003086500914,2.966023890117788,242.6244891246823,24.246979695667733,188.4471657893065,0.0
65,-376.5229917216764,46.765658090639974,-208.72184627549237,-259.3661190531751,1.8489929064204964,237.07529169626451,35.162364036491084,190.3576967449401,0.0
66,213.6607809187852,-462.07279024720333,186.2193959981157,-304.93633917016996,4.185579371245996,244.1851477810987,26.191133564109812,177.50839598356717,0.0
67,226.8113345937786,-337.3754061196629,-276.4745349796355,234.72016584255658,-2.124281674579365,239.51401183010353,40.56686827217183,195.26897537583636,0.0
68,192.50877655283216,100.86774560454992,-423.2899554413144,-33.55859914318313,5.277579697542813,233.0926492763463,30.96627567018825,190.3001563826753,0.0
69,92.79006016080666,-585.4390630834315,124.24193071717147,-348.7434365187715,-0.6627282811988013,243.07832241532495,30.780485304524998,196.02942041540027,0.0
70,-62.63719619762354,-93.68302287239379,-332.3222599183626,-119.28731200129405,5.804228481204541,238.92443209516367,28.599966433470385,187.60805450977332,0.0
71,104.63413529882382,-473.2644342981947,-367.28887996912744,246.85202746313695,-2.3489672603956446,244.68711628476947,33.95107986210161,194.55309760886544,0.0
72,-187.29670156237495,-285.94685572631323,-443.76552641729444,311.6084541257037,11.04473221186213,227.21949430158148,30.390819691037738,173.0713630645487,0.0
73,292.7024355728606,122.08190287748204,-375.04628845935446,-16.248068516153435,-4.245691220078696,248.06797017534052,33.329002424254696,200.11825161366534,0.0
74,327.50404751659164,-298.454793930711,-160.36178069625794,-146.872665975785,3.7800066861871002,241.37252505050577,27.447488853569105,177.93935369285913,0.0
75,566.1815025583838,-356.66408373881404,159.0889993659615,-93.20313904160469,1.702450734345752,240.66250796131547,31.691523565107687,186.81741641180855,0.0
76,189.9407400005694,217.37188926137713,-132.9470083666281,-69.21792089544826,0.860830934409728,241.82876671669382,30.46480047905212,191.85424973634863,0.0
77,36.22508670946254,-511.81838831797444,-200.0693697027362,-260.7503258042799,-15.76682268449609,256.96056410478843,40.67216682964348,213.98467991732616,0.0
78,78.69963223145075,-517.6862266082326,102.59443056669456,-74.57262709078182,0.1124874760796537,239.0750005993505,27.838109424497144,188.6790812692236,0.0
79,-197.79349545719458,293.0004366777547,-254.48812152284503,305.3414283921356,-4.502393656770442,243.13083625608317,31.188111444174467,189.26652649822728,0.0
80,185.3889790865841,168.14112432598196,-22.858525915162666,67.61327910703483,1.3324567813236246,243.49004506185315,31.245384007480116,183.84077205293977,0.0
81,134.12854204956486,337.48846253743807,-220.26872466044628,233.3150642294777,1.1910188302722426,239.03584084385585,34.25362910807653,184.09651594684368,0.0
82,-135.57242694685647,-40.652226082625795,-213.1240376443435,-191.54335916316302,-0.2818085816754723,249.29902717299618,30.225165024778363,182.84235708241667,0.0
83,679.1590600509757,-204.19446441027443,-180.8854330622179,19.315297701427102,8.001138695035136,244.00293330830445,29.02065280757904,162.76653979823467,0.0
84,330.88732294757284,-472.0407752161991,-155.5829919341584,-174.7103054292435,2.0587934573769737,246.79129734279826,28.61971223173008,199.69745145891045,0.0
85,-143.58490146054,148.61088351051902,-419.6251424338911,-150.3412668479312,2.7665339096096058,251.12334177958843,25.39385905545555,180.5198435317357,0.0
86,131.48753909371803,-123.54481614497837,3.3191439354717245,-199.48590337219713,-5.086677126470503,247.33170421980884,28.474068773442603,195.58250748239806,0.0
87,-15.431401649480136,247.55569288468462,-226.37487750623038,-72.88554582803542,7.129854724636946,250.04940947000748,29.62015757610494,181.62757440667312,0.0
88,-241.2824576910881,283.8844643842938,-348.98643931431013,312.299055733451,11.155854161556103,242.355091067233,23.420990519258876,173.22970841938286,0.0
89,268.7085343738926,58.02862440835281,-233.44165083048608,-52.91650248020792,6.3087044077711765,233.9776108007855,24.921755931861707,190.4455836478527,0.0
90,175.50048660063823,-45.299492213763706,-522.2672484642466,3.058866117949388,-2.5229131780177676,239.7035672202528,36.284919344190016,188.37754767217794,0.0
91,674.0031959369761,-373.84878215773205,-321.5905966787373,-27.146924192838373,8.705850427851436,241.45864743471353,26.72271932262655,165.0158047914954,0.0
92,160.27791609441692,239.69259247051005,171.65270717623935,-38.52977575666703,-1.1211709823620069,246.36014230527596,32.003065744331174,185.21161536749494,0.0
93,290.4136605013711,-274.0426846727781,-134.9376867401239,-188.69905938553774,-5.7545946592512145,248.48468910560925,36.233608042512714,191.92285929025581,0.0
94,-423.0668961820742,-11.521908150181325,-516.6171741613633,536.825091068252,-0.04736294396620144,251.669668765297,31.969514423848604,179.62733224251272,0.0
95,-179.31404912200065,23.867067192515922,-595.2709731028385,-130.3965447264128,-2.4284434719690378,248.62342742602655,31.088159950235763,180.53839423176902,0.0
96,217.95577376187828,-471.0726039247419,155.81141439097465,-301.79597482828297,0.6836492960993665,249.55001578818923,30.78699490506932,182.9548304156839,0.0
97,223.03876117288044,-214.02868930490558,-25.831234163842808,-185.8389549108195,7.470998863528381,245.40058770902226,26.318447542262266,177.34929825140335,0.0
98,329.33746075527176,-257.92435003406007,-161.34529458905897,-119.9002296656756,-12.630056695102692,255.6258134296329,38.81839386074546,207.91881840850476,0.0
99,-15.569931711523877,-351.14617948309944,-199.34066338790288,123.9387110538643,4.654440238581254,245.26922069545716,29.82936436311993,176.54429817777248,0.0
100,277.339820258731,-210.9762906361969,-183.8000403280863,-150.71317208751498,3.2367065680184908,255.43812191433148,29.48931024848203,181.30697023377883,0.0
101,590.4686525729726,71.18530333769839,-188.2319584172308,-6.274055679542934,13.631821809628049,241.53567312862353,20.810752826429674,166.68901532612355,0.0
102,-278.7569982192053,69.71561824937726,-272.96642213473274,-205.56603645593253,10.944956234444327,227.23564843265086,25.404812904385324,161.7453315627972,0.0
103,-1.8971072531482447,-375.4228614881222,-122.91220021748106,-301.5035678925982,7.760570742508115,234.3139877050709,27.799776284386905,178.34067285371736,0.0
104,-97.73358932432346,17.877146708174973,-116.06839891996073,-160.19357334040504,14.215674213483691,232.21120560780534,22.97344247495909,164.97352282983763,0.0
105,294.46646893531744,26.290768640941266,147.70433971044255,-156.0153556346454,1.394467690401314,241.69308545122828,31.65343314109032,185.5160119124907,0.0
106,284.96728354433714,-624.5134306778447,-26.523746263329784,36.30644188781995,-19.963057705462443,250.44043400584326,38.786520231803145,215.23737067100225,0.0
107,477.23532910610055,23.24925360560568,-284.6150934485693,15.564101264348128,-2.7225781991794897,252.85382739475338,33.14106747188055,187.53992405947096,0.0
108,-8.558874621085044,149.60050885365587,-59.76250519440052,137.59217275451383,0.2274828379450886,248.56870391925779,26.952933694459496,190.17188595854375,0.0
109,81.47440590169398,-41.70106232534534,-532.2145664115828,544.3679114528625,-5.677817595458339,237.7288256980382,36.256014134225886,204.47778635884643,0.0
110,143.93627917771326,20.327101142922533,323.28871973434315,-165.64204162816284,-6.026019206731335,250.12694315756337,31.15075680380783,195.99602880011332,0.0
111,477.4732928025941,-485.1677377043049,-79.84812584736527,6.897417251334459,6.080503621440092,232.4576844612167,34.28598853694456,192.446298345404,0.0
112,263.56169489543646,-363.28270546742823,-382.059345165403,296.6740976359656,-1.4820999527048435,236.45375412960334,36.37888905281734,188.35712085971034,0.0
113,258.02160653993684,-242.97326778898812,-211.3761573044193,135.6391027963876,-2.4989326200748874,253.34454023892422,31.7371438978681,191.46166787817634,0.0
114,-238.173089475413,-210.2759725728136,-440.6889528426834,312.12615074992283,-0.9764684883970588,245.3239237719681,27.940595996628037,195.53037986057862,0.0
115,172.3030655336602,88.51258372292152,-192.34206451708624,-97.83042418886619,-7.172284873687947,241.83442053978894,37.54534368258311,198.94889211514868,0.0
116,98.51304677616064,-289.4788378425409,-79.97392532709661,101.23462872051718,-12.176248618916867,247.47885284376147,35.25227283903008,204.95901396441192,0.0
117,-184.681331974825,-370.7939447275704,-588.3312739979863,451.19630391381145,6.980740240236107,239.9564665103206,33.233994840787,172.92654438937402,0.0
118,-12.765597494968507,-70.81961780126109,-128.31069987619424,95.05609319712131,-5.928884102415488,249.8327020534214,34.4152828090764,189.14632845925956,0.0
119,48.96873794907359,-47.14650100767739,-347.2622683903762,295.2631521902359,-4.852480640472654,241.17361759662617,34.74625975351208,189.66259922624724,0.0
120,218.2141848145853,-233.3276402872146,-183.23568074724014,89.39744652786786,7.991170201329375,241.22551036216612,23.712745262056075,170.52626869073603,0.0
121,73.05250625089343,-192.01556427299616,-36.35630956312508,-231.07769161226256,-17.051399695109367,251.7808845344761,37.87245763052613,206.92695014277538,0.0
122,85.59258011233771,230.50033012035664,-132.9687739019638,-122.23189064910346,-3.4378174565772097,248.57142952010042,30.093943250707763,188.46975498433827,0.0
123,616.6542087913089,-271.93396967973496,-85.19601582820118,-89.89344671295399,-1.2049340720675346,248.59813584771075,27.968977310580957,188.5139403247994,0.0
124,158.65148966835358,-90.91355792103936,-201.50075366154732,-122.16050275125703,-0.4804084146498836,243.83980994867719,39.14592319160717,185.15606240118328,0.0
125,234.05026297819882,232.12270544420775,72.06003729403095,-66.37344127098027,-7.4744106356137445,243.82903336719824,35.70364383131768,190.92768348737462,0.0
126,6.953969781081959,-330.58662890371187,-16.566663396985625,44.34421254978111,5.970847954579251,242.82708186240907,23.747974617282306,181.98035643980762,0.0
127,33.97728564102276,-43.02876669468127,-44.774917451936204,-176.89721415272,14.091194993015899,235.68583982771474,23.767565414499167,167.23156580969865,0.0
128,541.2132278540687,-434.0044870156771,-381.36638462367193,-101.94298253378169,-16.977454079856628,255.48728516539632,37.16444730401141,210.8274062206673,0.0
129,142.14020447804,223.36710387853466,-304.09617657401066,305.0870709402981,-2.3751345156330017,254.96877180701946,21.83284352207685,178.31112264729867,0.0
130,36.2902333554467,-175.16032840991954,-232.60576780793917,173.54310643863093,-1.7774348027977842,239.8574348546186,36.54778153090206,185.41841004107616,0.0
131,-71.22240231627868,-269.94977105481706,-17.980267753083368,-255.6120651474722,-1.3181301626367876,244.3472515763028,30.426223001924807,189.8695387899497,0.0
132,294.58177165658134,-302.8070303812193,-519.4159313598284,545.8950945007539,-9.254604194087602,249.97771315193845,36.00147388743389,198.27329234119352,0.0
133,191.5656838214707,-187.4792579212333,-248.88649029101074,-117.3745967238577,1.8666108668020347,247.93834418715457,27.315267352081566,179.52390370613534,0.0
134,342.76952027066744,138.45293752426576,-180.72445987950704,31.702932071955846,6.512525485249698,241.67130254719675,25.506406330937637,183.83613357760555,0.0
135,392.5285340517962,-252.40734209800712,44.52952911535064,-181.32867135048537,17.732686697247708,228.43208281205258,24.200316171977615,170.6061776503219,0.0
136,-255.90746050993505,-51.18972627812794,-463.19317793082394,402.29159979451146,-5.290931531809524,249.72837372504347,26.501430240197863,192.52924118755783,0.0
137,223.94136037852647,-393.8198837972965,-272.4327671991461,-137.63211514738438,11.336043828303794,237.6936875159845,22.019354322042275,168.8372995250314,0.0
138,268.5330190006022,-199.39286470564807,-151.57520804219936,-187.2559010287114,-2.5370493042472804,251.0177595592959,26.064739122339862,184.2807571341691,0.0
139,-158.79429953549078,-157.81797386144032,-589.4766088852306,468.88452817983347,-6.4766862404592915,247.99937161772652,31.279628373510153,201.32125300998078,0.0
140,581.3075826269948,-340.8949500633856,164.84394372201416,-119.19818678141354,12.63620887221975,236.92308491570785,27.862376316310925,187.8696479868696,0.0
141,-129.19824441913747,94.4850741587421,-377.45820595623604,-133.18536034443943,-18.583487754529564,256.9832054179021,42.84555850674403,212.89324436022133,0.0
142,67.00923000366453,-159.04530594542706,-63.39755790979409,-178.94178810648523,2.7046308041325346,237.92109585651775,31.559806471948523,188.1576573205295,0.0
143,-50.4463871631327,-416.06786043089573,20.710601373356653,-320.0082792601271,-6.930722125803387,250.40566222057006,39.23513342831823,206.65429517306896,0.0
144,371.44275774117494,-189.22016378552863,-223.18541700148867,323.1532087672082,0.2435927567874101,249.35952092968745,27.435168731937676,194.3856746877335,0.0
145,238.01767711255147,18.561382133288152,-347.97549187896027,-81.22612484474034,6.909770227477077,242.47472728440678,28.773747026634727,173.36898752811538,0.0
146,37.36871595348929,-11.579394018954003,-216.33069042168142,233.6373805984764,5.389310465963385,244.43058865473685,28.4984347218652,174.32878782920434,0.0
147,-168.0158991779615,63.80220261257943,-320.7884086811663,-140.46801789516292,-1.374721984366194,247.693825063086,28.870179096824298,185.98114143582117,0.0
148,-58.63832306991714,-103.7396320874198,-133.1258944655733,-230.35375385730035,-14.41449387798882,256.24496374262804,33.59029381152308,205.39893415379342,0.0
149,603.2408724486944,29.97234273367657,246.74624982438326,-99.75800508359333,6.1334921591522304,238.1041453809254,29.25245144040025,194.84907897918376,0.0
150,-390.39096355263,89.78066921353954,-147.68674859266702,-242.38850053391099,3.5686268501032066,237.57642409805644,32.33219950363753,186.06278152612822,0.0
151,642.8722154050743,-130.88594135424745,-136.71994281341887,8.691323290192997,-3.5696063440698573,253.08952493118835,32.860995515504996,193.60939491134565,0.0
152,243.77306338824746,134.19618171454118,13.11110610245616,71.05105573297331,4.654715260121718,240.43100446269443,30.702623999462354,182.96912837503461,0.0
153,246.26112831765886,-269.5778368444569,-6.949736298212583,-170.41249893346495,1.2508779716094716,238.69185462572884,35.50673243635332,192.9587030893681,0.0
154,194.2428976942087,-465.61228253756576,18.108941360232734,-15.415731425515444,16.159423372772796,232.58509205986604,24.067565016473925,162.74140647711494,0.0
155,21.291884254241154,-196.60255314291814,113.66671834106779,-166.07788429479754,4.667012492205863,245.5095707172188,37.11483423234701,180.37251872520034,0.0
156,31.72824744100493,-91.5585507559546,-84.16558705102535,-181.8682425461328,3.6897891013792083,242.2439189446825,27.302066225588604,181.30687958845527,0.0
157,14.359693971742438,152.50118709315515,260.40364514802303,-58.3886095030675,-4.2369389557666075,244.86292824556807,33.016628653853196,192.63223033143916,0.0
158,-137.03287450094172,-209.4008341334587,-203.8664318858899,160.90968682888962,6.886334985191819,234.02527244868855,29.646551713994107,188.1122946105939,0.0
159,24.788097689948785,-78.44497277088688,-254.82354293401858,-158.7864849431248,-8.88553940824528,249.86113774142044,38.698195214765335,192.9982035135317,0.0
160,209.22003809131132,-343.75269396780925,-51.334832271512276,-222.0445571415531,-0.20276284794945887,233.97812972689778,36.304864267725016,204.86049858723348,0.0
161,222.7166110393026,-184.90493333181908,-388.1201270863723,364.7049134501049,-8.494752206838594,242.62134384902208,32.42120895137892,206.6392447802428,0.0
162,98.75124035219928,-459.36478100160355,-66.24816300110929,-243.39082505262394,5.904120583743057,241.71526933904389,27.96223291435843,182.4400706580798,0.0
163,606.3329090852903,-481.0939473835781,-356.98711339111753,-85.7189854794061,-6.418671018590754,250.88746731496698,35.698718858802124,190.13033564018113,0.0
164,38.860571037352166,-323.6476261752474,5.352361525457394,-238.6982845975232,-2.6198749272903132,253.07983159331886,36.120660304876516,187.98860109752505,0.0
165,71.92934785172731,88.65278977532722,-29.800531344048096,-138.09431143572746,-10.732295874663501,237.06900860598046,37.88284985078425,194.40622595643237,0.0
166,314.0143596746114,4.6391052798167465,-301.1310180009368,-42.25557603149299,4.584238158536039,232.33208379434294,33.917150377499446,182.43340754037715,0.0
167,232.88299086770658,-244.38360551714914,-313.6207944207699,-92.77858568898894,13.946872307885398,233.8598229860844,23.91315694601387,172.04285925254692,0.0
168,-31.125014820040796,-14.228178351851195,20.225320334082042,6.150840835487581,-0.34924181491276296,241.31545175420132,33.58240711103252,191.18388155504317,0.0
169,-18.36757669566684,-121.81818696498152,-120.56063904218189,-213.38690646741173,5.156826658210191,237.08039707459602,31.638144858249728,175.52492937281224,0.0
170,150.35215349739363,-195.32716664904837,-101.43372920282805,-174.66373180635617,-4.935131485992152,241.78648643964667,29.661961594007234,192.30515766817402,0.0
171,57.51700533975155,-246.02044610348415,-159.5452812813602,117.45314190508209,1.5637352424387028,244.2235491520628,31.04064307666109,192.04643101378028,0.0
172,-195.56281461772915,121.04037647402741,-378.9492839246512,-118.5158350232379,-5.928003543269233,243.00282663912714,34.96763831895982,198.52183808275603,0.0
173,308.2988508627204,29.810002932003222,-97.12020494920944,-85.97373023044035,3.3339953920757655,243.07260042440623,28.06081923251116,172.61348061698288,0.0
174,-156.8881525240923,-284.49943928225775,-600.0010517665341,536.6235857620931,-5.757963491106672,240.7791332962331,32.22181690691279,196.62046783167528,0.0
175,-119.33546643815767,323.7303379338568,-407.18753204058567,505.94355411986623,10.07044500323221,231.66339887985148,26.280202712804304,185.20687631406943,0.0
176,543.6407698566212,20.868359665594927,180.0826362828714,-115.61421244238596,-4.684594082599287,244.35539836416027,38.29118675247112,203.62339551466633,0.0
177,-36.07751111840602,-226.71190584435416,-370.89477679785705,-202.3067859498349,-6.495135799261548,251.40811217678575,31.63075535440165,190.48929421264128,0.0
178,250.9197901482357,-205.46760468840498,-25.331804257144984,-7.838759837835152,-12.502993242827472,251.97429822270064,40.783003777539214,223.78963178418493,0.0
179,130.59999833393968,-163.69586805912047,-173.91091892266988,-177.86620513830437,6.795031848988557,239.05770006967688,26.59076161690002,180.64850066598532,0.0
180,344.0636091273362,-76.59915626169975,-165.92962927388913,-83.10851053974184,8.756668997347496,230.73042079016727,27.463896220684525,179.313966550062,0.0
181,291.8224321046496,-85.41618184399815,-160.59760206547293,-119.2954955686573,1.6434078731961703,234.18049807130603,33.88861118473835,189.84721803839986,0.0
182,-107.8754168551583,-447.3939577223659,-21.335404264982326,387.38335604847833,8.456601627702995,243.31732078230678,27.96064009050927,174.2216038435962,0.0
183,546.3391657992131,-783.0505768595217,45.401347511062575,-272.48623301013225,-10.599553728183068,252.66738742761348,39.64097536416453,202.12504244791796,0.0
184,849.7950615227687,-401.7869194971084,-203.22642997720965,3.1762576299558365,-3.510027889102639,252.71478878969472,34.14399964981688,191.92155862736462,0.0
185,91.62954588950176,-202.79258274332892,-343.0110699603348,310.16697987880445,-7.404601852547209,239.79722958694805,37.48816071442753,204.9685008864916,0.0
186,179.30428410783918,-101.31796404892985,-49.15206799034109,-158.92331369992107,-5.44044710310968,238.89029012125937,36.250056899548426,192.74044552817963,0.0
187,208.80658974422522,211.29668731824216,-296.8051539617153,-22.754648483762008,13.317912317801305,243.72251190518713,20.35444732873394,162.24220900455188,0.0
188,81.02699114398112,-118.11000136763423,-244.34963471900534,188.8595622865807,0.6483032030047728,250.5086989309641,23.07702775809681,169.78695411706778,0.0
189,-361.5692431558001,-289.2156168310403,-87.35699146344184,383.96785876992203,-7.002022696513054,251.60847828157836,35.53895833694897,195.0264891817644,0.0
190,345.96295124550545,-329.415149766344,-333.3014201905515,247.66624780326936,0.7238536943938927,243.74153495351163,27.567919976279214,190.5123814721081,0.0
191,-232.88008142369577,-447.73886885809605,189.40032074413585,-397.60969103442136,-7.032367318590131,241.1148195139283,35.843345417538195,194.20323900435525,0.0
192,-107.56819782524639,-146.67329227407936,-553.6009270870828,-157.7773511337612,9.937704805261474,236.48872900546746,28.26532897916489,175.43668600282797,0.0
193,-253.8863127527462,-146.32688690882912,-423.6997415697161,441.7121145803291,-8.66470992962892,248.8565418045194,41.30294161201778,202.76040711527168,0.0
194,81.53831766670194,-253.19815537652818,31.497510895826352,-262.9944626490898,12.602139985319235,242.58892110509572,22.975660087405885,160.45966181058353,0.0
195,190.4945510612438,-126.5021728621508,-190.77285784255656,258.8651729383427,-9.670176864663373,250.63883221662314,40.75483890871496,203.29498385898734,0.0
196,228.3112124541051,-263.0853734571384,-106.79538452353232,152.73747833511203,-1.8607755590162456,251.82038195390015,31.879516155289302,191.68588731197556,0.0
197,-203.18862491657424,-182.7403884814326,-408.1153936450245,330.7284384115804,-2.9343781219635723,236.53846472635803,37.61106906573787,203.0988997565036,0.0
198,54.190723169516986,-99.25476560142977,-101.1367745806813,117.80875435452968,-5.7304916647501445,252.68066511153634,34.89457378388828,188.1913694897147,0.0
199,-116.86625644312612,188.85321065819895,-229.2677859733117,-135.27330115299335,-3.1598532689158088,251.41128310844942,31.005731451984964,190.8658927803797,0.0
200,36.09702182307581,-203.75643895381,-302.89240616017617,306.02339521769267,0.20849170435928643,240.4054942352482,32.6806216764813,196.40999910840924,0.0
201,327.5399489624823,-281.11646753245833,-205.56721384920428,268.28341875305955,0.30954528394135283,236.9213289791151,27.32909864492942,192.05759774257578,0.0
202,313.18454077675494,-90.07683772798221,141.82293472417342,-153.36776564302917,2.420420676480664,234.18589666342723,33.04712640698189,189.80654188068033,0.0
203,261.27895099859364,145.0073973512505,-309.6027172254837,-23.139550171417355,1.1607341376919273,247.09015199678743,27.54144235824903,182.53548883166536,0.0
204,1011.8434824939382,-409.67017343263024,-41.24745062257633,-16.525961939733236,1.5397780683088511,246.629694519593,34.18175722424836,184.61218410386203,0.0
205,-8.496848468627572,-281.9491915957869,34.164341693182834,-281.6585522279603,-5.82301545355445,249.53932891400248,39.740764103713886,203.829530501001,0.0
206,65.12287844674918,-440.84002110993924,328.0832684860184,-361.0430677914363,-16.927652652962365,253.6131760553402,38.87847399535651,209.25161499342468,0.0
207,-51.975973699288815,-349.26806821356746,-518.5644044357606,375.8470789958566,7.265983587786982,234.62346494809694,30.97965452936307,185.65621072145186,0.0
208,-388.5904531977913,101.34343266613084,-701.6073233243674,-126.63006632895568,1.3848178257753552,240.36105043862477,31.778828018961285,195.2331454655453,0.0
209,230.9316583035312,-149.71468239892386,-1.7150397033411036,68.56774147504447,-6.660453292988475,249.9726138314435,33.42353081983173,195.0771243144598,0.0
210,-112.3791973356978,-445.50184174992967,-535.538770090864,393.4789525229583,-8.668222633111927,246.0575789613537,42.899061532317404,216.0518268631299,0.0
211,34.9309150396667,-272.5491032953741,-669.9334738454259,523.8048871982246,-21.1281200239766,259.3366676764136,40.430832422013715,220.06787701213892,0.0
212,243.32691987748692,19.70408760370761,-126.1675963968361,-93.76972375190121,-13.86022404434412,254.6738496903156,37.81795864349065,200.48512330867027,0.0
213,150.87258656659367,-101.96804510926452,-8.468534740131318,-18.33701005989066,2.6909601506819745,244.42701506706487,27.55496468413592,177.91627980487908,0.0
214,198.68415543705285,-277.74026279539265,-13.674586765852425,64.6795433579212,-0.7906396564405509,236.12504736661245,30.006926162046067,194.11190101824872,0.0
215,89.84859339510388,-313.29176527307527,-476.20131458039856,413.97740395463865,-4.432436290435826,245.18543532161848,34.40843045429477,191.48547271726454,0.0
216,128.80511376834872,-100.34918576678997,215.61044183904897,-85.50365410751826,10.205906381023171,238.22140469124102,24.497157560297076,179.25510022372885,0.0
217,591.6940191463723,-376.1480843916556,49.26701270184593,-128.04495275972036,-10.77596500358247,253.12238207737064,38.55091274618358,204.16090295036733,0.0
218,489.90179141702885,-146.11562392471708,-23.943722975912408,-87.55967891854374,-0.2016566578935629,240.87304310472024,33.032430322577646,191.49300561376845,0.0
219,563.4071788140293,-454.9435282036434,-121.05869203743028,134.08021765044907,18.840338491367522,230.88311201123054,18.332518769577018,164.63374995797972,0.0
220,435.0118803741593,-302.5906426008905,270.3901727307795,-169.30073588904392,-6.52693692136456,244.737446666154,35.120495587736634,204.63325414647542,0.0
221,-22.481771160508956,-460.8627722756398,-61.550550969322394,-319.4474607734705,-1.1843640362191845,249.92419846111548,30.691461546729855,181.09961238164652,0.0
222,58.02319771830764,-234.39464695404985,-117.61013332365116,-189.98922407457326,11.098647184186436,233.6467710366611,28.561032624552,175.4491127829438,0.0
223,-247.69943534454373,-237.25899546726689,-299.9879161123761,262.8060123974636,-0.5241081354882408,238.65055604816757,32.68975550993912,188.87026282771782,0.0
224,187.00098643036094,-644.2011771718068,-1.1885810746690595,-65.57928714559931,1.1229616876389765,244.2108139457078,25.565001346688547,192.54066544971496,0.0
225,-8.534006532379458,111.49129611653615,-287.8526784799647,230.5338918487316,-3.3008147821970444,236.90667683393488,38.27780514172592,196.00538884406038,0.0
226,133.1529990395814,15.22829938566228,-396.5136226611014,-84.90489467459675,-4.884688503943668,252.9042775732031,31.20370330732106,189.95562963044415,0.0
227,429.79694417583795,-317.84172313352656,40.71805508681394,21.62002573192323,1.2749210810849472,243.8540729205172,29.594379315467652,171.70665254394765,0.0
228,80.7215399001644,96.29908706257386,-238.64361524765224,260.13309435558347,-0.20310210285698527,241.29533786974656,32.075295608149666,184.2996861550111,0.0
229,196.63713607383508,-6.259724049376447,-10.166128615618852,-127.98496857369888,-12.396559858222842,260.9655687234956,30.76268727485777,191.42505648944868,0.0
230,-253.1276955094969,113.32724165733477,-30.763468452240094,20.823520613976076,5.53888954364606,233.49587540645356,31.460966895131154,185.5774154379099,0.0
231,323.4053085570313,-159.73994352124353,-53.5411786886951,-122.72399035810038,-17.2613025928257,253.7999594765129,44.33579641793421,216.21634718057877,0.0
232,55.02374916684596,-187.6420712861718,-484.2700787728887,490.93093783207564,3.7571245220329192,247.22553265378673,29.079277233547977,190.63456802554296,0.0
233,-112.61443051483297,-458.9154222741499,-466.4543558220392,337.9050549885152,4.5144698652829485,238.26473288925402,37.884368383763245,194.02816924255805,0.0
234,720.8369907976589,-463.6018295104992,134.11943205972477,-148.9527107198815,15.572950500181442,233.9516527306042,21.455069397369577,176.30659209575313,0.0
235,456.5880077940772,-148.8832914330906,-129.21961077458474,-112.28605977516399,0.5906669868180408,236.31301340572008,36.251524162781486,196.628379605738,0.0
236,181.19138938090003,-362.1543748751259,147.98815606271353,-133.8819415318155,17.856964189642138,232.8292323145302,26.62884604876654,164.11463085466687,0.0
237,190.15535575827923,-77.67532190331892,-80.53236361848082,-160.1213858487132,-18.396797139586052,259.8537089249774,41.57997192907948,208.9994203370687,0.0
238,28.10206493645555,-36.52218531924103,-181.0131923975241,-157.6551827294263,10.864378690783912,250.31679142991152,26.548048012330213,164.4891862495606,0.0
239,-30.20932889144008,-46.10904306991481,-255.9247596179977,-174.78422990695947,7.196381562776915,244.11640496693892,29.7523855542609,177.11810846053277,0.0
240,-31.029944416034148,-68.72014034888215,-312.4851648985469,364.23797071087,10.691680646043785,235.85772009195497,30.374316620230424,179.91135293851647,0.0
241,320.05796740237304,-501.04131330273754,94.42574991006074,-145.1212133162037,-9.809121761791191,248.44791623894707,34.98606850881319,206.23215534598717,0.0
242,99.71007565083593,-354.91130320845696,124.57601474082934,-250.96666454888668,-12.652074095529972,247.45781613271893,37.97209142319585,210.27171905325557,0.0
243,289.10213531224923,-166.91914414362995,-183.13502289566387,-144.76784280547074,-7.501470436675191,249.26518207345694,36.3345194446947,193.4077220781378,0.0
244,79.99297167705328,-196.94768794197216,-215.20345040330508,139.11820337055573,-10.481390248745772,247.00321347730016,36.51074601442031,203.18329672022236,0.0
245,168.26878199820484,6.941060720204906,-415.1506206163381,-14.735008788098547,-0.02257056287780812,239.8527217277224,31.928235881482838,188.44228306803473,0.0
246,528.3532898986377,-105.90994863973707,161.24873817746993,-14.50209424012041,-4.893422687529716,241.64732738231322,34.019079633089326,204.41182326667771,0.0
247,314.413148728996,-65.07475306451816,20.531144207149943,40.218373814553644,-21.560500372601243,253.8505506926553,46.764059420257645,238.33632532604435,0.0
248,285.6515981411574,-140.75305880391605,-274.74738176689925,261.98625169736636,3.9712154623626175,240.39147239105782,21.895994197603578,181.11570545754418,0.0
249,374.34976322396,154.8049158140427,257.00664757180846,-171.81257599587005,0.6063097509400706,247.80071078953475,24.541958838211663,178.29557011328657,0.0
250,322.2767893973393,-578.7790211150348,-275.84251138602036,-115.7986920420257,7.475257783579535,232.87429679138347,29.950302177312206,192.1869681389358,0.0
251,504.9376691492407,-253.1349016137242,240.3258478767563,-140.38762872174266,-7.211471614440199,240.29969293045394,39.59140102244295,198.25531752855267,0.0
252,298.9239258656866,-416.70223880425664,56.68581577785674,-52.60333122439982,-12.94596117202459,250.45725697089952,33.73027186674263,209.86085709451316,0.0
253,-53.39825154223252,-52.43801155032259,-441.7330713836684,472.52508041028085,6.085040335184711,234.21372117307942,31.289330636287524,190.80490061528963,0.0
254,467.8390454402674,-288.822663624613,-54.96352254019734,-7.230849979956799,-2.1920100532821922,240.39182908512817,38.57070937814805,195.83201943904893,0.0
255,-199.93671458869088,54.009876362889784,-387.2124435168451,-173.9643590668219,2.565514823778957,242.31527219067289,29.047338545696917,179.32472338211656,0.0
256,37.360068960901096,184.09873463008552,-129.7230369200784,-108.39586361370257,-1.582494221537937,240.20841173815612,30.084276763815865,189.02674603398455,0.0
257,115.83699813467408,-243.80380847821633,-107.82926331245824,195.31148716964375,5.753485244589004,232.26790266767628,31.975328625077722,188.0269715553392,0.0
258,-162.67801134869634,4.0771068211081785,-189.1736804014603,176.58652352649605,-6.550807723760297,257.82219898793596,30.15483483703788,183.78995094674656,0.0
259,257.2384925475491,-59.08236077447921,248.24331637248372,-142.76646740764366,-12.763983716735648,250.2276282210615,38.77383361742669,199.41231910999352,0.0
260,289.04860683242765,-6.189922944141779,44.13575053245773,-3.2344385806716724,10.57610606878485,243.96600215920094,23.820443325415447,173.84981165303836,0.0
261,-171.39144628532307,-296.8943354086223,-153.8021597303332,-295.9131928084814,-7.34679976026146,251.50677570931683,31.31671653109813,187.0297971907722,0.0
262,362.3416600077518,-398.92922983654404,-134.3394257800081,48.269178032281076,-1.8445005011460704,241.62743663472287,36.00683146407515,189.12455691624695,0.0
263,246.2685394532482,41.80407190777537,-382.550364264803,350.4230356979681,8.347607363832717,238.84505102830872,24.81266249969555,177.7579256244334,0.0
264,-142.7284978763557,456.8228088570182,303.0339575308676,-251.9412668589871,3.821869496183117,246.05089824137224,25.3280245645254,180.900485255359,0.0
265,-240.93671296261988,-6.3935889202098695,-523.2824699674338,430.81530316262615,-0.9958007922189688,244.40356194879917,33.09331353685731,186.81116413770013,0.0
266,-156.89410241130045,-231.8730260606694,-399.01513925964775,305.5355756154084,-4.637014993165032,243.97601998949003,35.2256567009175,195.93080666917777,0.0
267,107.19239274826387,-176.06668671376192,-43.89095359481274,-202.12753163148153,-0.7002659803635725,249.43043006470492,32.0548888027313,183.8248234094671,0.0
268,287.81072431102183,73.64376254484722,-24.462294070077007,49.69060482682393,-4.8816500022985,261.11017775041637,32.858757232164336,190.1876563319874,0.0
269,204.07678645544038,336.59577986071116,-132.34667452979932,218.39424487697272,5.586269457912089,242.120961184703,31.982940879713098,167.04263132672207,0.0
270,440.9564461026326,-254.40393014747707,-185.04248586415886,-93.55742570995974,0.4291624355057009,239.56025062755617,30.416493569539014,190.48757391301643,0.0
271,125.05449703992579,-277.6303827154546,-254.49517888690622,-218.99073454665805,3.156918386463116,236.5753282358072,34.6126005660015,192.30594925200796,0.0
272,41.07401693945416,-277.55811912680394,-37.395045944837754,-301.2138490230469,-2.9668902161022004,244.53426678263747,32.355764479768915,187.8365651635326,0.0
273,-91.43071530088011,125.5162188167748,-129.74671993577192,113.11623306772853,1.1504544281055935,236.3223078200286,33.80145179090236,187.99585773316792,0.0
274,7.452946986063291,-125.51127198474474,-105.02120030260195,80.9192204177839,3.477883981185542,246.66650075807803,29.538481965399924,187.25340166567338,0.0
275,285.06014502192346,-362.69945501724135,-167.8825007572615,-169.1385655489487,-2.1876827734806135,244.02030892710414,36.25339673539746,195.70167829338837,0.0
276,259.8371851141286,-47.047838963405276,-204.17221759752772,214.93643310574,-1.3031259721152604,245.89413392993637,30.458602621267765,193.7118610103325,0.0
277,149.4419879507612,-140.46439886717076,189.12160662228135,-107.91775363653393,-16.82672675590221,249.8835828092927,44.843131342292224,226.198508933597,0.0
278,450.08884169909163,-387.4271782148636,-563.6800100047026,507.2938911403289,-8.978442719607434,239.35737758707762,41.39933140241288,206.19999166490783,0.0
279,202.50805861209918,-476.66147166338766,-593.2809155837323,522.2644876381249,-7.31805950790886,248.33651310962375,35.554491501603565,195.61783398083162,0.0
280,93.61773955961638,-415.25099588620395,-12.294003634661156,54.58378442996374,1.2398590705756853,242.1834697869869,29.824526967395705,179.9800797364499,0.0
281,-169.8338148725199,-157.21247954411174,-496.4913636565633,-190.52927072945442,-14.886332195634475,254.71672889617474,34.363161223247396,209.7199873500323,0.0
282,223.07127337614173,-90.14732758626853,-10.162352996394809,74.13301636946106,3.8339936201357485,241.76610375933558,27.5636766901494,186.96153737663346,0.0
283,263.8075295602184,-312.9716824065053,63.63271226089746,-199.3874242598248,3.4641279498217017,237.88323923284477,25.6558571761752,178.63476887242095,0.0
284,392.28978903776925,-324.70943489350054,-31.954048637961606,-53.01164222294332,6.3587560636024,241.80172929003604,27.31247983858954,181.0443526135633,0.0
285,190.39259462374258,-413.50877105321473,-181.827039087167,175.0498547073682,-2.02115739809449,235.18584489615708,33.119070017384914,201.73213716155402,0.0
286,381.07694239037033,-268.01176739498607,-143.6847397716492,160.16623303016274,-3.144151285492724,246.25543651891346,30.266777270737165,197.2911355516344,0.0
287,-568.1099872708488,-97.10424181546783,-123.26194048461248,-323.0716877805757,-5.773911573972351,246.11410545769468,36.83552809029832,198.6160240419731,0.0
288,86.20161455602474,-348.80198672683605,-552.75482657332,394.47455175487,12.445928489731687,237.8091755513124,21.60366443643911,166.58948094237078,0.0
289,101.40901331984651,217.18741155517915,-87.80206735696795,-72.17808359408598,2.6171719073505493,240.53983739032452,28.9961837160533,178.52082041371247,0.0
290,412.07669945934003,132.34613595129662,-519.5238023649018,62.99171518103401,-16.023078515453054,254.1540345241674,39.002638037637446,204.0078438566099,0.0
291,269.0134955017085,76.181434891559,-213.02999727617072,-98.6803827486648,0.6639453999873346,240.99332372491494,29.2388614254642,186.23627076258802,0.0
292,-177.90364495178608,-248.9389581298547,-261.44035110576016,229.16299084656927,23.54953417875761,222.87483092038556,22.69636037687465,161.87062145891267,0.0
293,191.13423070873915,-45.481116010419285,-149.85771189252654,181.03833310713432,4.187514681753542,244.59463894820286,25.639095446371737,193.85726582379874,0.0
294,-29.06725308309943,-190.9903806736172,-89.55589780218051,-199.64517326550126,-1.1172713206979847,243.37744952304723,33.36505829719114,202.01565549631457,0.0
295,118.2593006927482,-448.76978989371105,47.72801957647963,-31.94204235392004,-6.981340429482146,243.02633597124444,35.5581045056221,191.49254717508543,0.0
296,414.04335505397006,160.7966074487186,131.59710754210857,63.06742607688823,3.2283918082354717,237.95243672247148,35.938789478664745,194.5632837878074,0.0
297,337.8482325743129,-252.02999167248757,-618.3907743819522,16.618724943829367,-6.61611253112966,245.3984809571277,39.748670788372216,207.36112592018722,0.0
298,128.238767646304,49.72043144628459,-189.36918036916518,-119.92167230572299,-4.331264973188919,247.9633527200601,26.021624833042747,196.46402578589954,0.0
299,155.30282937217453,391.3754629146513,-274.4103514859205,-8.182699802514293,-11.795218662697637,253.94423308250438,39.3492571971874,202.62852454219652,0.0
300,302.06785705043575,-480.2312446900493,-311.9276144354485,-145.55527020195004,-8.881816588404067,256.2414387638309,38.36412760018788,206.8986810306191,0.0
301,-18.01774983685811,-456.78994347739047,9.386171179954793,2.0482884692940795,-0.9627494120051071,252.17390245535526,29.910708285846887,185.78330378458503,0.0
302,363.4236768346842,119.32734394770117,-178.18623407123485,201.54534906911138,-4.513953657825514,245.59323173211902,30.68425145518164,200.44963752309454,0.0
303,85.23854601780234,-411.2784264466485,-397.2750447866079,313.25408814909827,9.841214126867156,241.87581659442094,27.801308912809674,180.40342544957204,0.0
304,8.163683057877137,-142.76948535190087,-328.25248059137084,290.9255454416405,-0.3619839976238469,242.24367633268727,39.9587288596624,196.68496226387245,0.0
305,221.29465893164314,150.14368035302925,-73.55351954793726,-80.52477232610555,-2.2279927140269873,243.33638805342133,34.964168731121504,191.0709595521515,0.0
306,-18.885145964793203,50.84476525347172,-493.2928419591537,498.7028790839798,-0.9120886977763876,239.37450059412924,30.997221457689026,198.07896367918642,0.0
307,445.410386886261,-358.29157245561606,24.85503299593961,-167.0982333167173,-12.177603531428797,252.18755419479928,37.43852522586464,201.18128597744973,0.0
308,-241.15934749114695,213.218715060889,-50.33573581414616,-204.52889227263995,-7.982543778012819,249.5739644428304,31.464624179327096,204.93151208710293,0.0
309,-70.99205626082652,-243.40240178302483,-291.2672707793306,292.23915426332627,-8.197783628304112,251.37681666649547,37.738280391235875,198.40538893765074,0.0
310,202.12236210955413,-296.17433736388193,-341.6434682064134,-134.09009716431004,-10.101667894927072,245.61704028267496,47.91739228264567,204.69419302182087,0.0
311,-128.94851439057837,-52.54786492956498,-289.4469004705747,246.60203555269834,-9.482602560637853,241.8605323254733,40.34336643940614,209.21097758303253,0.0
312,111.03481546074003,10.075786268914966,-53.216688944855804,94.35809184556464,-1.1296517682809626,240.7173365962291,35.94043211530266,197.58857959281215,0.0
313,421.68144060629817,-163.93822921364435,-340.79130219161965,373.8663276038243,4.709775421502997,227.95412534182648,31.182608128827393,192.4680172417963,0.0
314,103.83182647941864,95.85641022774949,-239.06319745696484,243.32637790093554,-12.13781853607362,248.5395321305758,39.27360721624007,210.07182960581997,0.0
315,182.09820247866622,-175.101563405593,195.60386473188828,-116.74685684578759,-5.97312507623018,247.59470723351242,32.67152429745231,192.80307082103192,0.0
316,472.61012895067205,-360.00082899140153,105.38923513958949,-82.28623750092234,-8.598379721243074,249.50609808134607,37.969882616539344,206.76556601234984,0.0
317,-13.603843376558178,-247.63494050965443,-672.8229526084805,601.2811300472763,-1.6017323201383173,252.72844646459325,33.38332739903889,190.67140359205308,0.0
318,227.38870484459954,-58.305582532697976,-48.53669373397575,110.71396363648974,-8.798756868275294,235.4854084763954,46.28873707072308,214.7761103416764,0.0
319,-23.87157325679896,109.44042187192973,-267.53881080340614,188.4115927550289,18.067110876511766,236.11353086690053,22.336033704772465,152.7799089388152,0.0
320,-134.32583027330782,-270.7571895222627,-591.8526316233537,525.4340669234846,4.662942366063606,241.98272532326513,28.40230263576224,186.49948411919007,0.0
321,979.2470788395226,-449.9414463841374,76.85139701779202,-29.660758906669706,-13.566395597057037,250.76856346768096,34.28428223458895,191.20352911636056,0.0
322,253.87284982073206,83.63287412822768,-341.3887652196407,291.2377954127115,2.8926262297022016,241.41020392963657,22.67376500450408,182.30978204525337,0.0
323,-220.6560286161456,-366.03179791325715,-375.15250937947667,315.8247177984867,-17.131850094371856,248.324648709113,38.99399279334141,211.64582116548078,0.0
324,61.33981965224267,-89.37040174067315,-192.93389392388102,-163.16130555092244,17.4132414836417,243.301560834274,21.69131411335877,157.16603814324355,0.0
325,396.0971552483042,-203.23547932648688,-388.2705362496608,-41.48939484760494,-8.981417778794388,257.2503120153175,30.82160499486935,196.6607784919094,0.0
326,-202.51648097189644,182.59624679113892,-131.8605177010275,-141.1024364981604,-4.92631300316244,246.3929178838117,37.59147276823412,193.88445319445594,0.0
327,32.180419025058285,86.26067105195263,-177.9982074375398,-135.08390062476144,-4.579161940378944,259.30299706129836,29.252109286019785,190.23879534240947,0.0
328,-183.92915963059036,-119.51577521706653,-221.31268678088873,-237.31177263012046,-3.0310704140055007,254.48945745949322,27.98848569598871,190.57873355872195,0.0
329,438.0436572529506,65.95272370199629,-249.11617697262605,268.9189567580568,5.488942477941771,240.85726810978926,26.358141847543948,181.2193510726674,0.0
330,433.72896181253077,-317.7798493434859,-99.55184249425135,-140.8667651507633,10.604650859774468,240.14041339800124,21.927282821757473,167.59880317644388,0.0
331,-49.040751485211985,-28.510017652539467,-139.16875424365713,-197.23970615519258,0.44798071077855894,244.9908149272808,30.08697368427088,187.45281606298505,0.0
332,-215.4732853256084,-53.88366614704716,-147.87354491269173,-267.61888378675553,23.82726789821811,225.40388845537893,22.01805684410325,161.08188855876628,0.0
333,-166.76532014601358,283.8229874250992,-109.91191149335691,217.9918910007225,-5.810445940300575,243.56778852952064,43.68835403069229,206.9622895614718,0.0
334,421.74267526779323,-433.47110046854664,378.0300064800381,-293.63217723456887,-10.365264546941582,251.7058288870319,33.34218740297841,205.00053058099002,0.0
335,227.04609287125317,-56.74583069269066,-270.6063790244533,-114.27461970067436,-3.153163023416048,240.9717786433102,37.21236819653638,193.92208757406755,0.0
336,446.39225793669243,-349.4932583090203,-151.12585068126575,-142.76192988177849,7.923302510072993,244.18568915078652,32.2835817794895,175.72449015038578,0.0
337,-54.28092391974744,35.38995724116694,-8.95058576408867,-189.15818762861343,-11.07979162986231,255.40911413430976,32.435988022743594,204.61697263337305,0.0
338,345.18989287114596,-404.9254496826906,-127.08741623601121,-165.4456295400592,-1.2034356237884551,239.57513056489432,35.8301367145968,197.52240927016493,0.0
339,-168.41099481343957,-87.90390992599635,-423.3765005025665,-150.3319157741354,-7.5330794503303995,248.50750404253935,38.63752346717037,202.8429778750688,0.0
340,271.48751679775796,-428.93646024866143,34.284689900599204,24.796985143231165,-6.259379250519898,238.32896231310227,38.503180288798895,200.50749303110894,0.0
341,453.4239801714053,-426.651434675049,112.89598386901574,-232.95331363539398,10.867599524865266,232.35132636055792,24.401579407135696,172.71210411171796,0.0
342,495.6744625098392,-122.94807756607821,-227.46091124860303,-16.460358854732338,-9.238893901898177,250.67417071885419,33.67280836075034,209.08074593815542,0.0
343,-18.248859700880104,-169.75353300600645,63.597283073314024,-271.40933456485186,0.5649239331511255,239.96584639442878,37.40159232574881,182.71599178463686,0.0
344,240.56966280256108,-382.52739500915425,-111.89315629069073,149.77455683491624,-7.52199802567276,238.9632681412581,39.8785070921879,214.26974072527648,0.0
345,112.91042354903658,48.7956899283176,295.4976877687155,-212.8937385184703,-2.073305924580815,242.80055323672195,32.86394484874379,192.2948282058482,0.0
346,456.0495268871618,-358.98683727943217,-149.92456451833377,203.775006287119,-5.116525863528394,243.61600352841802,37.61105253784007,194.85579400658614,0.0
347,-190.72278875977804,274.2847026314884,-499.0554650025809,497.0818145976347,0.632035106153104,248.9527461229893,33.478284622718206,187.88447637607965,0.0
348,-62.17876075266937,-262.88859796545535,80.43438994255365,-302.4585336113171,3.552247308092877,236.84149495354538,31.546594168164454,189.66917953954317,0.0
349,96.04945087816937,18.721655818865578,-171.98635846727478,191.61517333288543,5.755193271163027,242.4362434844161,25.518632521469666,178.86962026827536,0.0
350,429.4906194246318,-111.7090045120602,10.956829171892647,67.78660359726638,6.413381028126115,230.0779132985416,33.72429884253758,193.3967948972595,0.0
351,-469.232630513847,33.98176704538209,39.900324545167095,-331.06563934647414,2.350911916311648,245.62699386619653,23.36057052554566,185.47796831509822,0.0
352,666.4771638941628,-367.88832224587816,220.30160009583108,-130.83123572276656,-0.40308390025661234,240.3575373483868,35.090004796575506,201.4041687136292,0.0
353,31.490248342633432,33.07487933284445,-420.21115263708555,-103.89773085157267,-9.353875278482976,253.65058762575327,35.81032218244734,216.0725012556733,0.0
354,151.6318501402137,-337.7758575954573,-196.05007429342675,-141.24818151517425,-6.002877312204798,249.67897301233978,36.854650700378386,205.4947054967912,0.0
355,-11.396517019200992,-177.14424643602922,-391.3175221551927,317.49836476126507,0.054409983656378946,237.5418208527778,31.8405195520825,194.33062994046335,0.0
356,180.18400985617754,-190.49271634249652,-229.80674266984016,-146.32842635756793,-1.6225486923677026,244.48727946558586,33.26567837717546,192.90987347237433,0.0
357,-258.8607531549741,-251.1072315446695,180.71896240908453,65.34203407912867,-11.06411959377268,256.9913146276068,33.321039317468745,205.07644053749152,0.0
358,1.1279992925800508,-15.900805316439826,83.10956312479507,-235.01477010113283,-5.399695658442106,242.4316634444678,34.287552569504626,201.67303819009194,0.0
359,-527.5923166055296,452.42256539658393,64.18391708325517,526.57193552984,4.2538332492035,238.85835888650337,31.99733522177241,179.28036296184297,0.0
360,-128.00254708405458,304.2347698556634,35.996763932831556,-160.5453316904701,10.632190695899451,246.6755982847121,21.515735272462354,167.19912574579868,0.0
361,26.69319144098865,-274.74000411502044,-53.222428492881924,-231.5783032922563,3.5175942742452175,237.68243939810446,35.18962050533114,194.76347667650006,0.0
362,-92.46490118211051,-198.96695565482588,51.88292177683165,-45.352160500547754,11.100615441200313,232.62638495789855,26.695111363681793,174.41338906554478,0.0
363,-50.1507157818105,102.8957052566398,-227.43469011253111,204.21354007583798,6.264879370480884,246.28461832301247,23.13907995773618,165.0093926645545,0.0
364,249.78740469214165,-11.413426858492205,15.7069348033958,81.91786456299025,8.028708602745757,243.26356444215025,23.809853098601366,174.17597881993,0.0
365,-0.24126429201005717,-110.52912388784097,-363.3028536307097,336.731946123038,-2.8354654487054676,237.34443626941942,36.69562106882808,199.897925145692,0.0
366,48.81905770074197,50.619065626649196,-31.027257100490235,-182.34509144847365,5.070531420079285,246.76237292199252,32.77672239076999,177.702803077995,0.0
367,-167.03662282148747,-382.0684419837203,-585.0857486101218,430.39470565093734,-27.37420059744231,256.57566581371145,46.89866439260062,239.25553416011968,0.0
368,72.61455839900161,-323.1963063860183,89.67853652655427,-42.434564956765456,-2.046268874585758,247.93700852052322,34.717097861002735,193.23675699939182,0.0
369,5.9579569066184,-127.51665064572964,-176.44736551648586,157.62995847445285,-1.2890127874729675,247.5648791765295,30.632575239068867,186.87681255696546,0.0
370,421.7281266981173,-366.8097729994897,30.868571150198942,-190.40022857294173,-5.9879622153331615,248.01748232923916,34.136738607881675,198.40584878586785,0.0
371,-102.593792328196,-413.9528064330834,-321.6232114139838,-292.53554283278464,1.134012382965135,244.6261160727572,30.355596924790127,185.34535775000256,0.0
372,246.40942162602988,184.23183715142625,-352.3813490807684,328.8879680759134,-11.86018544716027,243.03487712201797,41.830078743433226,210.61629569897988,0.0
373,-254.0023693047418,-126.36405354810071,-449.23232802063137,351.88434683959304,-2.9131648051392145,249.23456903077545,37.0188715931155,184.66053516312013,0.0
374,-173.73954298147925,212.34550709161257,-446.39708772160293,378.7132405722448,-15.451737822539876,246.5478789128809,40.93857685164542,209.38166230507818,0.0
375,209.52620841020857,-195.74652267404886,49.64989920965084,34.44551825831699,7.173193626474976,234.87797208843875,29.327347162016956,178.1358022535422,0.0
376,306.2879908596726,-216.0242921826349,174.35738764161007,-141.39341331509718,-13.340384297202366,240.23536564953352,43.765778170927554,211.75071512534115,0.0
377,-181.40159405414016,263.59806303908067,-186.76145000975959,-152.27846512135196,1.2203141150173518,243.211700154799,30.26917844441676,191.25171722813906,0.0
378,38.91098474650639,-260.6378151811054,-437.3988001795256,417.12010422671125,5.671475890054818,240.85793101439432,28.173860828419485,167.3010722788183,0.0
379,12.088335643636183,-373.2237139740018,-166.43071065433168,-291.9563807467837,6.537988597948918,242.25233656997435,30.670907477667807,182.97117683132802,0.0
380,309.5755053524575,-325.6861668103944,-18.85902726550095,-61.35524586632211,-13.803563734922628,251.40236022396397,35.02359175167026,210.72136017818974,0.0
381,-20.0965885222409,-228.5489126113617,-317.3753966088897,303.14380992046347,-3.277692327967054,242.5282016654516,37.97489574969139,192.70619549853006,0.0
382,37.99927307531563,-178.60840902120168,-154.64634825267493,-249.31475873607022,-3.477052763427843,248.21265171779612,35.017948861908785,194.02594981595158,0.0
383,73.85706937190457,-327.1174300149847,-106.31855215933832,-196.73827818306768,2.77817016711862,243.91182980324066,31.79862089518946,192.06434410910651,0.0
384,-24.40666548509549,-110.69805208695851,-73.05529448138232,-271.45684074278194,-2.3830150074411955,244.55581361450191,29.541480796209466,189.77722246440035,0.0
385,304.5636946512791,-91.32052326304601,-229.6096130233954,243.25970276245963,-4.6549565416784855,244.56667285728798,33.81451277824002,200.09073225786813,0.0
386,466.5730470170202,-304.65682936327283,-54.388093958266424,38.657989764843734,3.168506700234401,234.17451055494126,34.214700151158716,185.06372775899288,0.0
387,243.91337654040498,38.1637568273147,-115.77186063318405,215.26112935904794,-5.612855097720079,244.05802270591326,34.68223931923994,197.79385696306497,0.0
388,279.2262534218688,-591.5491194999364,-104.27751704763428,-282.659805594253,-6.559048843051897,248.3529820706297,32.29517812139111,197.1136914921876,0.0
389,393.80327989771496,326.23410146633296,-187.23485580817552,312.6903976628627,-16.335083240950368,250.82290950653982,45.502058068062134,216.01274042165926,0.0
390,156.2815436717051,-314.50124722559013,-246.34472326534075,196.35002361702252,-18.798321780861873,254.98265259573597,42.72020198357232,211.49849842089625,0.0
391,67.07504708449099,7.926086318180081,-199.19239251272137,232.26750398496026,15.010906294932198,232.26069634675565,27.925118987583254,167.97928711045725,0.0
392,109.3074524223212,210.0690466471179,-554.3367234897497,10.733143524428712,0.4040087745453984,246.48855373404396,33.75430727204039,190.4952854524412,0.0
393,456.3636547631415,227.3948009539482,19.848343211780307,144.08134809359373,-15.50065673749788,248.4598968063888,37.84835844432132,207.24775351381922,0.0
394,-106.96241078909839,-193.0361271886729,234.6594065996576,-357.1198728313452,5.469804965532881,249.97055630646693,31.669449394655867,180.05652801350882,0.0
395,425.7729991899147,-107.57905979456159,-393.38978712315793,-17.126224298917702,4.64706927182053,235.99525272612883,30.336647791762534,188.61552657094558,0.0
396,326.5218686176892,-304.668828518573,-11.934033189222815,-136.83506558765438,1.3878740716357854,242.2733018672765,29.426249235925983,188.5775926481849,0.0
397,516.5142227019396,-84.78954635098323,-204.39583847083728,-54.55316017319352,-4.632669076127453,236.6927657664355,42.12053931369408,203.75066655386212,0.0
398,262.20290404647193,-169.89088437916166,169.68218610798385,-129.1552175033823,-6.879235316565966,238.99860537617863,35.91024657127409,200.23537989344484,0.0
399,179.55552925321933,-377.48444685722086,-79.13975667298291,-198.3086961426038,-1.7060339448208364,243.35419830653595,34.211133430557645,192.0438023826758,0.0
400,199.1783099061445,-249.04533186961538,-31.351873116468877,-186.69741256542176,-3.0084887452111486,245.1213392630453,37.451618106212436,197.98475134188593,0.0
401,402.1162384335252,208.29828018233698,-209.50711300207715,20.039974138031358,3.574712830865259,245.51814401599103,29.225066300939822,176.11321500213919,0.0
402,369.87681352753253,-192.97017488528454,-112.26199640322383,-122.55377467277609,-7.5121079588181585,246.51412100866497,34.51776302542194,185.23400119482199,0.0
403,94.1249666832064,-418.2864980629967,-444.31080008127236,452.15821592354837,-10.766355741907585,257.3840913944439,39.37787845532617,205.05235832096326,0.0
404,627.1689515319069,-505.48484914932726,126.15016038136595,-66.25095148719957,3.413570450516864,234.26644916287626,26.6926101786311,188.73090226083804,0.0
405,546.9816818091604,-232.76397617624377,-290.9951675164331,235.86535716674115,-1.791607062159808,247.64488926984816,28.43789852029674,200.78812851919423,0.0
406,166.171823534304,-3.512637400767571,-124.77085762063716,169.60042889169387,-3.906656314409885,240.2785016227294,38.48234188346962,197.44005100340974,0.0
407,173.19024652506306,-45.12099927894702,-344.4780857121086,327.34260994807306,15.86178332507026,232.04545623776846,22.581235003498552,164.2902468407132,0.0
408,360.4380851071271,-279.66700119067167,-35.401615410579915,-137.90912444424228,-1.4105347022328667,234.9145171072455,35.83197126579456,196.51108074631657,0.0
409,476.417805048936,-541.4326570457117,56.72237155458739,-62.083764272176545,-17.354053472054353,256.7602789810374,38.106203009279625,213.1501878219791,0.0
410,-517.6064036932264,-91.42715679190037,-79.79232954182761,48.436031185231386,-2.5397347463551725,252.23963555600776,29.05611786980192,184.8138591649911,0.0
411,82.27023548988888,-88.76272118429405,119.32141446467308,-221.68511532216772,0.22313569838936242,236.39685197372805,37.85236333996342,198.42735085740793,0.0
412,-33.66689320848337,195.59493637852836,-355.65683220357045,-108.70743343944021,7.200833184183569,233.90834095795236,29.257683337473267,184.44979232564614,0.0
413,206.42488849528638,-433.99267715949696,-547.6903835063555,545.9692163706329,4.780345439348453,248.98125923135922,17.351993100828736,182.51561884933633,0.0
414,-91.60021355884025,-207.12019177951882,-365.55940341840994,407.5169883024346,-5.153660666583047,254.45207650873078,32.35434310941848,190.71143790036166,0.0
415,533.3283686860221,-338.1532459036518,268.74313274387407,-197.4298878560959,-10.701320466520714,245.4399095522613,32.25011557993788,196.48115643203982,0.0
416,-45.26727203694896,-189.15016516816718,-58.871955069200624,94.50267852954929,15.265001886795055,235.54698424139107,26.324814409588733,168.16165632548083,0.0
417,399.7990769845246,-112.3935210637855,-170.2254883736066,155.26149739418304,19.6603131230492,239.0610336448936,16.80432557961442,162.48115032139464,0.0
418,238.3871500305281,-486.4119348979042,-330.1420063628565,-168.50737445234805,-14.883052259087952,247.04668145874845,40.38070477789051,215.90752307206637,0.0
419,521.6549224623982,-180.32170687530297,79.81331592972141,-89.04430565011661,-14.695046089693998,248.84725115064265,40.36137274049834,215.0146953482371,0.0
420,-250.46890306289896,-273.0591660723472,-127.95178087978468,-287.7789367530128,-2.616604914487551,238.2234147270106,31.737978720666938,192.63036357838664,0.0
421,210.74416792257554,79.60087177723337,-109.5044180528771,120.00924016845671,-14.637920028814237,251.92115278712515,39.407362004384396,210.4916541307877,0.0
422,34.401571779753446,-181.43550937704714,-13.69263792590698,-38.56169582252591,9.25148103654852,236.7110624924942,25.381113828734065,183.0653426565979,0.0
423,-464.57333909478854,-73.84280069312818,-980.4288582775829,828.952185045807,-9.115715040729267,247.64723075601634,40.43123840813239,197.2076649434268,0.0
424,282.30087745807396,248.57774595329442,-272.9029047846118,5.475702216608402,-4.592169538993338,249.50185393564874,36.45806201139503,198.4086433754591,0.0
425,100.16871650064043,-183.57975811184838,-35.320137946271466,-211.2680928169698,-10.985404270721794,244.58317597207014,36.82630439397001,205.037265620536,0.0
426,208.76354112841545,-209.04146142862078,-202.18250757620942,184.47991282055196,0.2075162808114761,249.30899462295957,31.413092684672737,181.6735755363481,0.0
427,683.4784676891269,-520.3778844243071,247.41682341129123,-134.81946470271663,-2.3519181037767676,243.4847013711989,38.72890040740495,202.29441116650713,0.0
428,-157.02834760013306,-86.82079208882672,-56.112180252048894,-244.14649620127622,-9.991845865927328,251.47519052709862,37.35211190202883,198.1864201974065,0.0
429,871.2986267362288,-512.3874732177408,78.05521670376775,-58.8973639796748,-0.07418705048312602,244.9685380774634,32.0908424833702,186.3848945489058,0.0
430,495.40551970956164,-318.77657162893047,166.13862930869448,-138.25619259282837,1.788830989028166,246.98376562981798,28.598677463109304,176.88057475205505,0.0
431,538.7153641444163,-324.6450270925731,210.41267083867177,-194.73163966193923,11.599996773211998,250.69899394452332,24.269092259073,171.38316437523594,0.0
432,141.95012788350584,-236.71595911666336,-339.91046428569535,335.1888767255172,-8.373972100144062,244.07120754892404,40.05518573148267,210.40170354513802,0.0
433,-211.34459997994298,-127.8246357932021,-302.63685859160165,-242.32958130722656,3.343017203235352,241.85068285945772,30.13264768986467,176.5545834556006,0.0
434,39.816133866451885,-508.6393913111092,-411.53222755200966,374.184111268494,-9.596339105585926,252.4474493872669,33.08874547197788,196.82478107530127,0.0
435,324.86588579435545,-24.007048107135564,-322.58227809495736,243.72257357594106,-0.26994884058186086,247.95465983291356,28.45385303181965,184.706548346114,0.0
436,266.17709763441025,-34.74209691214667,-176.81106332641826,-136.31598141208084,3.3899583743218917,241.3776571982343,31.20236843150817,190.31959348305054,0.0
437,-109.57510751085277,-158.8918025489702,-111.94282845516913,-222.98949947119425,9.08559413898675,226.8978677874994,30.792317448858093,187.76960393034557,0.0
438,270.9624731610095,-229.84471943266422,-382.9350519667367,-131.53370840807165,-18.84822748824683,249.66181971620188,46.530981681782535,223.16914177865794,0.0
439,65.95389713542548,-139.2980354056628,-38.28304625186041,21.02817311239673,7.30736749993485,242.50223039679614,22.03309625890101,174.62381557266002,0.0
440,506.72998248226924,-65.19518012409088,254.5424007344177,-202.2992566042896,-17.239118995002602,249.91849748332828,40.85021975875851,217.51662255690738,0.0
441,149.82707431415164,-136.19996409220767,148.49990806805002,-211.81785110889913,-10.433434100005277,250.13988515230704,33.087796179375616,210.19406361684347,0.0
442,-76.86932421351477,-687.9075223877215,50.839622188497515,-392.2577960488775,3.1495139083953765,244.35668935166024,27.279017158778817,180.97660769768493,0.0
443,-202.9360388797111,264.49182889470444,-164.4042195839701,-135.56688175542354,-0.9401556809792151,247.4398161495745,36.84008104629556,191.23395951623118,0.0
444,-126.60799884604215,45.602357430502316,-254.87284872561355,145.98411253351605,5.751115658798613,241.6486821337697,25.452663667840007,186.39656704719403,0.0
445,-0.02204477125848925,48.00478333667324,-103.6466440623085,-120.41192609719661,-4.538860634718686,248.9139132037742,35.82323149045623,201.01959164990646,0.0
446,-51.917619861859386,-25.74199219889548,-450.1506154447016,279.78573830398915,-4.140890384768402,244.85681621185822,34.62573510518617,202.39806855578195,0.0
447,253.32307301585251,-440.0609396819929,-272.7072144644563,274.9309462058937,16.20302321217028,232.7998642492265,26.755352293994182,169.82366609346067,0.0
448,470.6379814591866,-423.7892989666774,345.1766486935314,-239.89935263779049,16.50759092495984,236.50048670541975,24.85729314638173,162.9641744250926,0.0
449,-88.76019225371796,14.544272347702103,-483.32520014138913,402.24533194045955,-12.928129220943186,247.00891711129808,38.800229742679626,211.2636925724675,0.0
450,67.44763782980571,37.45926448779095,-101.71517407243233,170.5101895719981,-6.421096945187204,240.3126714573835,38.14598731836654,210.50662450132364,0.0
451,106.89884821624108,341.7682485149315,192.60757206614966,-86.20838119747619,-2.8790240982969246,247.07644535622805,31.617682878645798,186.264310586823,0.0
452,461.62584264533376,-214.72307926572586,-46.883649534187064,50.30616018803455,1.1705528429531307,247.32348042110934,30.872606045947016,180.333495748828,0.0
453,349.4959881253535,-302.56050033008364,183.3233207244898,-168.870590989037,-9.461650981616689,246.72542447366652,37.87396737580955,205.73434746745247,0.0
454,188.82078043057155,-30.830962076207125,-644.3084314633375,4.547782810140899,-19.475132799456045,246.38835181690152,44.370703378235085,220.79273516579582,0.0
455,-10.855812038936108,103.8155391958986,-234.8328093008436,-106.60475510339981,9.7588337749583,230.47905277318876,27.866910798293816,181.297072917902,0.0
456,54.0548419310521,-157.18544065708696,-181.60144944713014,-174.40665992690666,-2.1765611990170823,249.37048656741237,29.829915823286626,183.90556864737727,0.0
457,465.3669058122666,-88.60059149626005,-447.70306801220306,60.62180834404365,1.5840506720834697,256.6724365149446,31.873085447403078,191.758707449568,0.0
458,584.6510844442001,-393.0327750782747,-82.00571058036435,128.15851119524538,10.710653465389752,231.47643111953514,26.921489534748368,159.888923361005,0.0
459,222.07801852577273,154.62424855870358,-65.78218849277768,112.80407368178219,-1.669210091655655,235.38331258662146,32.98011187705398,191.4874268215323,0.0
460,-416.67899252523955,-157.71885630891023,-428.83176466645534,304.6109483329838,-2.230110321731312,250.00505398269343,35.69804821877446,196.09003153056304,0.0
461,159.88547521611812,131.2640684121531,-315.6292513213177,-39.90626009868969,-3.647449749318844,245.3944115655327,32.84081260744917,202.0878032015026,0.0
462,352.55931757805587,-204.63109650800945,-157.3961424902159,64.00363311535294,-7.602197360123542,236.63167848090563,36.7402801517214,199.20385950653792,0.0
463,156.6884348925759,-346.65971716050643,-200.8642352863086,154.95833369841773,3.7059679649899726,237.9824123489828,30.991318392280295,184.82412399174893,0.0
464,-75.36354764503383,29.921096109799315,-354.23045591393685,290.772376288152,-16.63081218514051,247.20451492920097,38.035282366238825,215.10330853175546,0.0
465,-133.11886835060096,-184.10872845644394,-325.0551612205659,-196.99667665370862,-1.0009864240835298,238.98637601625117,36.81399264954946,188.7067237681514,0.0
466,-92.14503181542968,-92.71555731193072,331.53438887516995,-235.5173925230595,-6.059714851747947,252.05665388635444,30.49923887704255,192.9752894945161,0.0
467,397.4238890367097,-459.03091184407634,-232.2084864674178,-152.42873462538677,13.029662846433434,226.6293293790664,28.38368939269394,174.71092145033427,0.0
468,-79.37195920365565,-65.66837543346323,-40.04132893179837,-185.1894891386864,4.9275398186410335,235.64161836951644,31.45768443586064,184.34949397544653,0.0
469,-26.02082339833649,-124.7587208131165,-142.49654630575824,-227.16737557802605,14.27360707870319,243.29117078976552,22.371704628393307,154.89164084678688,0.0
470,315.89655039588405,40.06197879084405,-208.83705683773545,-77.02493767056848,-14.32033513137618,244.45088326923764,41.786439102346556,211.7115613811119,0.0
471,103.55540716110345,-83.57221515014196,-194.4069148104482,-123.50160233677134,-4.3611258502230505,248.7907053849727,33.79069008790175,199.32463968627084,0.0
472,287.2501454234805,57.80583701199858,-528.4430115167346,72.66631468804063,6.2128027032579665,250.75105740796923,26.825090949499895,173.62011837901446,0.0
473,-267.5209801624672,-11.650081781612197,-325.65034089107553,-201.80938370391002,-7.2170323350453565,251.6627040060013,29.88718876350384,193.93176321273742,0.0
474,54.6508364250867,-133.56501935269537,-360.02985406967326,-151.931107244769,14.072548246787335,233.45691626322701,23.14679687526565,174.71612096810492,0.0
475,-58.00822560814822,293.6679997666572,-258.39511912767597,-114.31195794934585,-7.768919894829827,242.34772150054246,36.869489895556654,200.608565779233,0.0
476,-51.23451922570182,15.828888830258393,-586.9229684083276,-93.83433377357095,-4.389742175503861,254.50622099857137,31.29365003840781,195.11134632811888,0.0
477,291.73118817089926,-104.30169277325665,-115.83432258080282,-86.963371137976,-3.768507396454516,244.95719698294957,33.75423625155981,201.47035820362152,0.0
478,-42.261569387307986,139.32685967875028,-532.8226534307421,-47.04873237941698,-10.592965428029128,248.591760278227,39.16452974904214,198.0617101252352,0.0
479,352.38991305520096,-366.201488239451,-239.3093947150929,188.45029787087245,-18.818870964388616,254.5372011793856,36.68754138863764,212.91417673159987,0.0
480,418.3226444374412,-130.5893000057224,-325.19344376926796,-38.18239729420745,-12.64470186151998,242.3408204081437,36.574989199584955,205.4966959525279,0.0
481,298.58895427181267,207.34884927514275,78.32249264042979,13.668736493623591,-3.9732971442548646,242.20190759816265,33.550009629189745,190.86066562549524,0.0
482,271.22787798604213,-349.22886208254573,58.399463873810745,-183.65226347248176,-10.958646107557765,252.39763885319832,35.82543750066137,201.693601865518,0.0
483,-247.56920401962748,-246.67656508115527,-588.5036361664615,461.36753331268244,0.2569238676337635,243.47107358971118,25.105039257332848,183.53234583923597,0.0
484,163.2617056418577,219.42929752082415,-157.62960464785604,-23.603006311534934,-4.951754433136506,245.1939616890914,30.2768276927642,192.36195450971363,0.0
485,671.376372347505,-191.60478942423228,-25.85469671517786,-32.21992571673438,-2.0369093750006875,242.89434254304817,34.15287946235896,194.09914033978686,0.0
486,-168.62866398627898,-409.7692115042152,348.40609850808846,-463.0669984207727,13.920957755370297,232.65851373730314,26.64484585910858,175.29532899406246,0.0
487,295.4491746355761,-38.53821835984006,-285.91911623820636,314.42904373031405,0.829223028034016,241.25481604484605,35.223790329220265,187.80706048268877,0.0
488,-440.16769155550435,-200.37802170441887,-629.1934616922321,541.7723176070828,-2.61113080710697,247.7672926366587,31.29844948732993,190.39742030013647,0.0
489,175.1579230075969,26.230396446905257,-97.53775925898005,151.20450334862204,9.36774585369242,230.0356058114279,33.373704066775744,192.42488069705482,0.0
490,355.1659974375358,-75.22858780137524,-127.93916350271952,111.34211923243338,2.414536502514322,246.3481398323486,29.918089026941107,182.45636220726033,0.0
491,-15.130659047020757,90.232252657928,-339.6758680847605,-109.0364242018115,10.408888112979414,240.6466069363133,17.2495565581888,179.648359285398,0.0
492,-154.20373380315405,-43.86616968405414,-194.66117973001727,-200.53079538142543,-3.1203454817650655,235.7744824024749,40.31640085796981,193.12897732411693,0.0
493,35.969891532287114,-362.5094807623183,167.92167441347766,-348.88976582212916,-8.048927948807368,250.737017046588,33.22223837864801,201.78505393558132,0.0
494,263.69834087583166,-294.36648919755396,-82.81137596772058,-200.1508178041612,6.023985908499499,236.6172225379041,33.9243195046634,192.8017547571289,0.0
495,387.2330049288886,-105.93633747391564,-157.024636219844,-77.98066200854953,-4.925332889704427,239.05321303472525,32.47901520917032,203.74241369781126,0.0
496,240.58046965762708,-120.94978310664142,-170.09679325056987,-96.53377465068743,3.7640690366376477,238.0869883318012,30.455214006608617,189.6233024287272,0.0
497,-373.06747190190595,-37.37017052576017,-72.35235161899438,-318.0055443195123,-0.4627845189966706,250.02655369826692,30.614247426706505,188.00110447555946,0.0
498,354.0112973584291,-43.70047418133238,155.95703655274616,-169.8587234390192,-17.560656274955484,249.26727750608626,46.29538239467468,216.73073792679912,0.0
499,316.52811387943495,-261.7836595148492,87.58968283892142,20.21030499914207,3.2379940869722246,241.8935783217372,24.65294754121947,182.92856032936191,0.0
500,232.8260993231491,-267.9563841564805,-320.6021431868056,248.55218215876152,-11.725897633767024,254.52378608734773,32.88483351626217,197.5956391506869,0.0
501,167.43277127964237,-168.41531002272924,209.84691553203913,-217.91176798975124,2.630934802937921,237.18576934964705,28.34963788007907,187.44179881514322,0.0
502,213.5859515784585,-124.150050881649,-337.83239472424026,302.3044874583301,0.7973073720569435,235.57857391737812,33.28692845305101,192.27313585367156,0.0
503,231.79336650565574,-275.7631519288691,-228.4563958048109,-190.73283666166074,-8.691703013247725,244.41193980399987,35.48123582660194,209.39978327773176,0.0
504,2.7074996250291417,-287.40646306941846,-91.70230121658396,52.85761942008984,6.791047035922152,233.78251179803055,26.171623421783835,172.05985846287606,0.0
505,313.4361502383489,-370.3799892371359,-3.271133064923859,-126.81188462451196,2.5181718175342684,235.5133365673438,34.715044020429126,190.73642335787406,0.0
506,413.6289849292849,-377.15952655158975,-358.5448271635479,314.6425487054848,2.90604502190467,241.82585562415065,30.697971335622153,197.30430850012783,0.0
507,-68.63571072351067,-21.778809899956375,-534.64358308832,-112.77195613322435,15.682579570026057,234.06941436539037,20.8398465394952,173.45393493486833,0.0
508,296.7191060956719,-676.4673272177653,-412.9977906049982,295.5461481458762,4.369636152483002,241.29336314684625,32.24215536857921,180.79327674246852,0.0
509,71.57280380119234,8.057120922300065,-278.2571684485545,259.85480651020094,-5.233283935457911,250.1002788967522,33.93457724105913,196.05864171928934,0.0
510,154.50741615258664,105.40463521651624,-357.92525206430827,-32.36330633089142,-5.359090244609476,252.28071034324572,33.40139050382749,194.87886423805728,0.0
511,382.82450531329374,-74.85247299938848,32.192102504827844,-85.50049489046879,1.2770779588878791,250.1503812391406,33.55127975447761,190.22531752486367,0.0
512,277.34046072458483,-271.39063906860383,459.5932950922176,-315.78140145402284,-14.161884836036599,257.3203044604864,39.22703202188524,207.89667097262463,0.0
513,164.7404094774396,-150.74943003506027,-215.85914059963093,-119.27097018664617,8.343246436785043,231.10685477548972,25.412616041305238,180.2975423378433,0.0
514,-39.65462093440342,-668.5185133248729,-92.74564371137278,49.21195959915936,-6.149602405843547,253.548473545427,32.1189374732043,197.5113719612222,0.0
515,-41.422678982660074,-145.47820080791075,-340.16452699646516,317.8888200182999,-4.737616432900213,247.82067422149098,35.32708523588614,191.18445006667667,0.0
516,48.73937179021554,77.18552962464193,-134.22294378936442,-117.81528120455809,-1.466307322799265,246.74698859271436,26.377229202786207,193.5061019905388,0.0
517,221.54404702794147,-423.51216935856894,142.82692992455392,-332.7631624999659,-3.095410680817155,248.99939026072013,31.945048166836965,184.25616976545996,0.0
518,88.85171272135605,222.73759354020405,-274.5158907932304,-53.56229184817769,1.2612678091831269,245.15305450125504,30.395294537195138,188.6879184370998,0.0
519,-71.42686464993857,-457.1625866065041,-280.2353865245523,214.36156135158083,-7.910002139179226,247.4513405372221,32.23983415014287,209.25968148605128,0.0
520,-49.536468025700884,-284.05593929542874,-58.603267651058964,-243.24666211521097,-11.839916829621929,243.2226658573538,40.13602052380849,203.62484391871462,0.0
521,126.10999134707193,-229.40925961677422,-98.562128347722,-205.78038444448688,1.658549528193043,241.8088304836182,31.309500549535052,182.29397924686918,0.0
522,30.264180846202038,-246.5584870885145,-37.755975356053085,-227.87267968566113,-1.9996044584430024,251.3230167497005,29.44590241099428,182.19210693415843,0.0
523,238.41794437598267,-165.3538334399322,-394.3977700138833,-77.3647395128866,-17.86142279073027,255.22893039786504,35.99779273070429,213.53373993441346,0.0
524,460.54817877413507,29.603879544142096,-255.46250026469437,-24.66124557920302,-12.232002280505371,249.42227351078074,38.61623630339961,211.67784876810884,0.0
525,166.76834514425715,-303.2645878066999,98.66445304960658,-244.9833047550313,7.372293263658321,247.15976743247543,24.321536275736356,181.67988328802653,0.0
526,433.73329215362884,-594.2190693841824,-16.91207953275411,-241.8563359566391,5.538100047653217,241.8788161753789,31.744123352051574,179.02337134188144,0.0
527,1.3287592256139735,179.2583196189629,-325.14234732288804,334.3796313178383,7.119774925587535,240.21079037827857,26.649592727146725,178.76416132221755,0.0
528,337.6204196382171,-370.61479909840114,126.54908074058878,-197.7438891238291,-13.612935864587417,241.54960797209523,40.59970676564977,208.71512982455084,0.0
529,382.7295366897557,-1.1403090455871956,-54.881853065833994,86.8074283345662,-1.482453189621307,254.0904297675742,26.53407370756791,182.06474159988298,0.0
530,-75.54326690294837,59.01936055999495,-147.87757485227684,-187.16454834804463,-8.290509977524533,255.39252339699672,28.632943796091862,186.06863942913722,0.0
531,-145.9193488214026,-151.78427486460194,-473.8777678913793,411.3866177433642,-4.946656844949206,240.30229716889838,33.39926570198365,188.88929958459292,0.0
532,5.0839232022253045,-581.332361736381,-63.247580222064414,-337.0147935347254,-4.010320556274914,241.52597241164017,35.838264499810585,200.53705344637214,0.0
533,308.2013576382261,-366.0563868027257,-285.7368178085765,-128.13178417984852,-3.7992898801954427,243.06622209543366,38.22257255685573,204.53283100122644,0.0
534,354.3086989305482,-141.2774152333604,78.82575986545942,-194.53167153794217,2.024862854600977,241.88847173742693,28.21157666415958,174.40069534880726,0.0
535,107.37755611343121,-9.635019960067236,-216.02830468143307,-95.15051168684407,2.9495993563395553,234.4872190532587,32.02359724690255,189.88087740856918,0.0
536,6.308275004409203,231.93329264423025,-155.81533443865706,148.93460509293496,0.7380928059542953,239.3711272974885,36.24634128713784,193.23624567136403,0.0
537,220.97925959568732,41.27832941262808,50.158950516416965,-177.29494424262728,-8.214343682102733,243.2967109406822,37.18220975872167,208.1854211362798,0.0
538,-34.529924813229606,-59.77706835662473,-505.41986158748193,416.41222293632853,-3.4320602236413653,244.89919529541694,32.6159120188972,195.62692588425907,0.0
539,86.5602409729372,-93.3966544694939,-87.6427946207002,27.39344628241618,-5.690239142271221,251.43661566960643,34.29383761020388,190.45191495741076,0.0
540,236.19594638038404,-196.70984023356698,-68.00109421270952,-159.04323445872728,2.2333150854989614,233.79147811609116,34.333002751906676,188.63339260260406,0.0
541,101.65608613752353,-95.35618788446001,78.1490181370327,-215.54302519766756,10.91679362850176,228.77633943412647,32.224056643465346,180.05128312337908,0.0
542,-167.3327138363073,44.42243701172623,-367.7294953813721,401.70165784379145,-5.170098590744586,244.07523562356388,36.46099905837637,199.7675086182629,0.0
543,-37.44248603804725,359.77401444926016,-322.9347569385433,394.6926114720968,-1.7492995305289627,242.6451966137249,30.364611141536255,196.35540710174774,0.0
544,-278.8965762962309,-121.29721784277771,-458.3418406414397,431.5193611985077,3.5710489624495434,244.07526501080778,29.34877811088479,184.13482061382246,0.0
545,-17.571658370625066,-371.75711737729995,-195.89428336399808,140.0217370980015,-10.261296494853726,245.42508062394862,34.747330780352364,210.2761304373808,0.0
546,114.79281547718003,-566.044256844512,-567.3161709638896,504.8317140506988,-7.398759642660379,245.40760640916946,39.879800405203184,204.65057725968353,0.0
547,226.67168425435,90.77725463298725,-47.15837702340258,-108.48246807947311,-4.138707800602164,240.82837319083924,37.849850397888126,200.98379456404652,0.0
548,226.08459296490597,-146.3978542642661,-189.54788684394265,-118.71992081385389,-6.315178482978154,245.92790507374505,39.83973349278874,203.62493686034563,0.0
549,24.848480503066117,-283.4795673332053,-174.1499287426414,-230.38081085547063,-6.236538168935696,247.44131012535098,33.49395014198241,189.36303369826024,0.0
550,296.99102046838755,-0.15608472762838055,-55.33629848747266,71.34909159915279,-3.628264445989255,238.34720715666816,34.42260036055646,197.62838466249923,0.0
551,-3.8301053152870246,95.3699991011661,-324.44812058836334,248.85238177593587,10.211577425299215,239.62520462886187,29.610295381677272,180.79160736028925,0.0
552,331.3449527003585,-208.99398089412858,-166.19563574587417,265.8456242375179,-6.795600597098457,233.18383534853174,38.93572308630248,205.4216170063285,0.0
553,217.5069250178642,-216.3635890865549,-88.6113364170576,-175.3187785782669,0.46033909718905797,239.7006879983115,35.178237718389774,195.4865227626485,0.0
554,473.3040247571495,-104.594615716851,-288.384030477266,19.973638805405947,-9.188296650268303,250.29517159040716,34.203112775555915,198.55063828735936,0.0
555,398.00806052664626,92.07353152746651,-82.11242870020718,96.79430323573257,7.0665425209904935,237.2168207625256,29.066100715666398,188.86516809960372,0.0
556,445.0239973487402,77.57551178522459,-265.5667441618061,17.070507379216515,-5.459568571861626,241.86889544161838,34.17270815688992,198.02309104050883,0.0
557,83.77386119255635,160.79949010826732,-72.44783579343942,-5.219558329606633,-3.4377052285484866,243.35040328055052,38.433317757492624,199.32623872664067,0.0
558,-39.49554921452347,-29.31675940858498,-447.5072085916505,418.4449221395992,-12.520794016526908,254.4540740010609,40.52623582266901,196.6605382874587,0.0
559,166.68111475570592,-278.7548984707363,41.39142503694701,-242.21860036509898,6.247418793159306,250.14328637831554,23.008666593511027,181.03917639648725,0.0
560,188.15753092197113,310.846187264219,-152.84615311863791,-64.66118878841318,-7.353063579720664,245.89050998051502,39.284961454405654,202.0686968892062,0.0
561,115.22678381996539,-144.6403496872732,-26.945815498209026,46.103700390114774,19.51679015684849,228.28557279931783,23.884114713433824,155.80648430505582,0.0
562,249.50121115306936,-30.037053237149248,-81.32319431542429,94.3695871450212,3.38340658273599,240.81102982861734,27.05032861810033,187.204317999637,0.0
563,137.19956232687431,114.8199255155693,-263.07685732825587,248.55220093757006,2.794822383930476,255.49218383676265,24.78088078461714,180.06963705579534,0.0
564,62.21000480490717,-590.8701241948377,-237.88577492672337,135.35569713438852,7.299769576820946,240.34890883431044,30.544824359790656,179.74323510617603,0.0
565,-17.567845882824827,377.2090585562267,-290.0603776719049,251.72857668401693,-7.186131670234526,244.10055926099912,39.64880578772052,191.42657126584686,0.0
566,321.1627952473868,353.77061762338565,-525.034334976922,106.4062815569701,-3.506345912940371,248.02030571857335,32.40569305377582,187.1014510117628,0.0
567,-16.68402686040993,-25.70824527684148,-26.915944459665965,-212.06562199954652,-3.69520444159674,237.64050457594445,31.047227316983044,195.86760178246575,0.0
568,216.7648349215105,-79.90854936207266,-196.05430850259947,-150.5665999473896,0.23163062976611237,249.34349563571445,30.281728973736424,184.34164155147985,0.0
569,251.2961034407736,-234.7072864334496,-472.5908264472731,422.7739498849556,-12.704833569794747,254.6444321831436,34.72713447252423,204.2428389085256,0.0
570,-578.7176885363793,-125.51982743663469,-263.0992951145312,-339.2145392582965,-8.48389799420941,259.54717829144664,33.08195977293898,193.67752993425066,0.0
571,734.2619378910709,-448.23073269476413,24.540030892408303,-149.9541636797905,-11.06188458056221,261.3053196491253,34.48363039648583,199.76056480889073,0.0
572,172.30685018733922,-112.47305203091177,-108.81535971896325,-152.3528912688346,0.24581424832777898,251.63749357462257,27.2458334357972,171.82962234710882,0.0
573,124.22027002463545,-353.3720204171852,-26.759300448769284,-259.8684999098639,3.0459675373317303,237.7590086405098,33.42256067490366,192.4252864209553,0.0
574,-36.23771479334816,-405.56811964997917,-377.41881799471776,321.36927369358057,16.885306700483852,233.43934411141396,21.291606512751052,162.89620212989388,0.0
575,40.557912888715194,-164.88880925478952,-99.40907412907183,-227.66283764959604,-1.0127386416701387,250.81727441373638,29.861422948464686,191.87262323757525,0.0
576,-12.008759503726441,-111.39232108214787,-161.10817917987984,60.1869059301005,-9.437859712590512,245.58186846542526,35.46241694302453,206.43874217413435,0.0
577,217.8350920955321,-177.2823333009325,261.3119875376175,-229.12153852022698,-7.418573672875949,248.39841816228187,35.45533380418235,191.25509474549202,0.0
578,-286.6387059321093,167.5712323877865,-608.2950171806033,670.4441931791669,-14.309793799160639,248.873297748727,39.461536392018765,218.04206523436284,0.0
579,376.4320960076318,-212.67229509084484,9.898876983409167,39.313008997775455,-8.321953829553415,246.24026353486832,41.56748613588369,201.02508804157935,0.0
580,294.6633340786606,-399.6976992225315,279.17297657162885,-165.18214667975252,3.099938904635641,237.7367049012772,29.418887035109,177.96683557377565,0.0
581,220.64017233666925,-445.2767378670059,-151.41911566499437,174.70271698701902,-2.3304607869956175,247.11532972783345,29.01909756703906,191.07075020549064,0.0
582,330.0402916254768,-330.62947513959654,-336.66275161735274,286.2298029714504,0.897115227138312,233.164369960112,33.60270059764932,206.1974354697757,0.0
583,197.74465802857847,-210.11606121307892,-211.19211866108145,164.75757391774044,0.9441031334414838,241.33814269688355,30.74649992288591,185.68504668763853,0.0
584,-83.00154054927008,92.1007400692929,-149.28457574156693,171.04595014758374,4.241303937249802,248.31608119117496,27.22955368671933,178.09912929952574,0.0
585,-6.682961145031707,-213.2535202297474,-41.88871884948748,112.34956394504027,-2.230996443019879,245.86934569028628,31.853346374606357,185.49380674489967,0.0
586,372.5376017782664,-223.3823714149401,-282.0713605209473,-77.95985467159852,-7.411999237116879,243.3257431163802,33.96632388687026,196.39177803176983,0.0
587,326.1214441303218,-500.65889563374253,-245.574618097819,188.96393061378927,-17.100195834175043,251.61182820249113,44.65015975515688,221.13923292719082,0.0
588,346.43646204676986,-336.50474436804154,-466.17628344144816,-73.49052226500338,6.185834265143576,245.19927539863897,22.4494943237453,177.20543953953094,0.0
589,205.47875893272467,-76.48451978037801,-310.728283584704,-119.3850751364595,1.2256593298934821,243.67225832356579,29.067678526451523,191.69373932435414,0.0
590,351.52281845726776,-440.5799082257886,-190.14256372132917,-113.27626374834252,-11.862817723762953,247.92709490666056,31.28062103807587,207.8793757852272,0.0
591,493.0574534015499,-645.7898915834473,49.415005748484255,-263.8974191875751,-7.601924440973249,247.74718847075866,34.07342283345969,193.7939959641971,0.0
592,47.272795255460906,168.82111094422672,-163.0823698425488,-77.61860847860783,-0.7592413728367343,241.37593259444827,29.73024389513223,193.49474546727637,0.0
593,-165.9190045761715,509.2105627206019,-200.44701346273385,28.077827424136537,-7.522399030497566,252.8320237030478,36.18036812298231,189.32133250127256,0.0
594,427.53070611436374,-65.22106921802025,-159.95273376906783,207.8571152284709,-10.387849765457714,242.39995561670628,36.66272570591501,201.3831441719842,0.0
595,239.05960297290864,-163.00315829381094,-119.17129033906437,-78.18532562485852,16.713625727746493,228.66229580796238,26.221265446590486,174.44099600601916,0.0
596,-433.44108768328005,-252.28406171895966,-178.53722863622627,-334.7017888073953,-4.244727515764788,245.30194036936888,37.18709332775726,186.04075265592087,0.0
597,90.55595288486414,-254.93979133903974,-21.481654841430988,67.23228986764849,-19.877852874814113,250.50678522957188,39.87042043958831,221.3944725630115,0.0
598,368.58900969298855,-72.25145308972188,-179.35296001573352,-51.71904944841148,4.932453061652575,238.74558506768594,31.611711259700044,188.16834947750863,0.0
599,408.8087326901487,-685.2405927628967,96.73266093127806,-112.75645370261178,-6.586397679097555,240.93970782579157,36.160384471202654,200.33036574099302,0.0
600,242.58870743665133,-463.09666221882713,-71.65854229608772,148.98376992105474,2.6395238428915833,238.9263391635293,28.847540714380536,188.08623171414467,0.0
601,-178.35917266035585,6.492519306220301,-236.34123579616238,-228.18734553569618,-11.896088495240638,259.39571264604075,35.524140098929266,193.94043327793042,0.0
602,-37.16133391886871,28.57033530847488,-329.5510996959043,-127.1271145759438,-6.298984010227233,249.9040522996251,32.48824810477454,204.17434378554998,0.0
603,474.71097297040654,-184.28729137917168,293.7847172643372,-228.74805991072137,-4.75263951645369,245.76588406620573,31.415559996390318,194.35403833764954,0.0
604,-141.48164277193965,-6.346427282236067,-266.7456631722519,-130.64471607118503,12.962951747247157,237.5758278587488,22.443247135978396,170.93670661389547,0.0
605,117.71586758124613,205.62871133859812,-50.43175786054863,-90.83531733481911,5.277648240746958,239.7384160689094,25.34093781160931,182.88146624033612,0.0
606,38.04349128862579,-283.2634707167769,79.12868007702008,-77.47176684041244,0.022265754650296454,254.90244952406428,26.837458719073943,178.89801376532063,0.0
607,-14.326485172858394,-243.51198104981341,72.02276965358614,-285.02836416975634,-2.886441329987714,242.1828989102655,31.73802806630088,191.8540215299374,0.0
608,-36.04917470965492,188.68136017991867,-246.87443570975444,-112.62130761755853,-9.237088858680103,246.0992492287292,35.36077204938787,202.8894962908465,0.0
609,-82.53003264465607,-371.8576461127012,-424.7211959198111,393.16344992345347,-5.297756863419098,246.80117380425142,31.48241578788076,198.6375236878658,0.0
610,828.9387561823503,-304.75640353563864,-60.73561920431321,3.3728994261867484,3.281128578431482,247.13716680639973,27.002631310950086,194.9290375302407,0.0
611,-68.61854659723798,-337.46273453385743,-334.0041090281999,240.8316786767511,-2.1971412330586606,246.05309940950247,33.652189313996,175.10671679949255,0.0
612,421.4062655135788,149.9986394697449,241.45320247734242,-99.43143266500113,14.351520787430609,232.32559725822443,24.31232012108466,165.3687004436178,0.0
613,433.32823505235183,-492.6138477315877,-52.48091199285278,-211.99206262240838,-7.992883052190405,247.06683602929485,40.76057536537521,192.21244181700325,0.0
614,-240.87636851543422,-110.74962988768495,-193.6624297809844,-263.93193426037067,-5.054511775492145,255.700324452974,36.56357875845932,190.53837234582977,0.0
615,-61.35963873306554,-214.79665565082726,-184.28436150654716,-249.47663207537877,3.406978756483884,242.67163786869395,32.67670297681625,182.9527078413863,0.0
616,-199.69026013810668,92.52849113546229,-572.5313219040698,-139.165036727731,22.627224231238312,220.64054636351096,28.94885995103607,171.27644804224045,0.0
617,160.20843507399414,202.22957803169254,-531.6846091019034,14.65763343844666,-8.89480592027479,252.15005163827618,37.80836289200634,206.97548314649234,0.0
618,262.6721792558549,-419.81208326536364,-211.1890291937406,-221.78218062251284,-0.7884552791186737,247.64204623665725,27.434022141554514,190.76756953047197,0.0
619,6.781677014744969,260.5181800559743,-324.5077061692162,-39.326252526732006,-3.4001968144465224,244.47979155475286,33.57611642812499,187.87772809569634,0.0
620,-109.95500151307911,325.98892308165273,-377.41279148447734,407.3100170243366,10.527104832067282,239.15116512743506,24.57031772889918,161.30387272476278,0.0
621,543.1468542800795,-809.355859838368,-21.703603291701178,-28.754005942780548,-7.104106444030139,250.81633169117637,39.02974580900948,200.11033696310014,0.0
622,455.3051614604744,-361.60757801662527,217.18197323576584,-199.6952129375872,11.376130339232414,239.8153654499651,24.287308996880853,173.87600793716084,0.0
623,130.5633080447964,-33.16556668644306,-445.11878937296086,477.7422377702469,4.390303039665863,239.53690323444752,29.824528583676,192.3912811683392,0.0
624,56.285910936206406,-17.47853242868409,-107.11233874313754,125.51200289397231,0.15356432129663755,237.29124286460296,33.611334909317186,187.27342554445727,0.0
625,-1.9715962187886404,-50.646350707764,21.685464599249716,-231.51393355983174,-2.881270948398061,250.8524066244075,30.07802728900792,193.3599136237105,0.0
626,181.6539046662709,-197.81849216502988,116.69051271995099,-256.71646056794424,9.48617567980542,228.22940058581034,29.599958078494815,183.47335208215463,0.0
627,-58.08245663027001,184.48769665369161,-140.8366604077264,-138.63293289539308,2.6900697116089174,235.1590720915627,35.2552215042842,192.24455645465395,0.0
628,-68.48186563631135,81.80950225138743,-749.9158461843276,681.6683602649309,-3.126128128699292,255.90483029172117,34.610946640082375,190.13482342979245,0.0
629,17.539274774157953,126.65896710305384,-52.72870560447331,46.28307705410752,-2.0712002793444446,240.12707836118514,27.199546323539042,193.9028297894472,0.0
630,551.298820003648,-205.1129826876226,-28.896058506061472,-74.96086767693312,1.7676517776106757,236.92081320963126,33.03929316040896,190.14623666156726,0.0
631,724.3477363513889,-267.4392253331891,127.09225551279557,45.17709163424601,-5.370262774019162,242.9047037969286,35.66646816585045,195.94476490590918,0.0
632,-44.78497261335388,1.1033213044345347,-101.36587498547192,-159.1197917244545,10.081060588358428,242.50192762217551,27.02802425035408,173.02702704340314,0.0
633,255.75813996527677,46.258760698876245,18.81127435338188,-47.66961493674056,3.8601858307080565,246.5526868528803,26.66787365491089,178.4318238705753,0.0
634,-2.6581349435816914,-231.50610150220726,28.426712637360207,30.404113664321898,2.579756587118767,242.32950033829053,29.69182167569387,187.5677439670682,0.0
635,126.88081839015773,60.44281907143465,-194.67727033066146,-92.15505861116635,-4.403489476245202,251.5256552575928,38.721668440851474,206.9459234857245,0.0
636,326.4076405359904,-694.2651958853988,6.4775625877666165,-280.77309113610653,1.712137400451046,235.4934282548646,32.791435612408684,189.1369665900694,0.0
637,-401.62257108384375,-261.45169859248415,56.041887448488396,-396.03550255961795,-3.2821870384023994,240.8616757773862,36.14142631582066,195.6131329863469,0.0
638,675.0695019124121,-362.21545069917903,-366.02347518021423,-49.27694391454263,-9.463691312881464,243.00207687690764,37.35815057787406,203.56809499570588,0.0
639,51.69235879877216,-45.044876148492705,-109.47110329016108,-189.7457720080384,-4.405518339276786,242.12900923832564,39.40804713644444,196.617849523387,0.0
640,424.91326972216586,-262.26349706161744,116.29110281207025,-82.49740074273117,-5.137958090714661,242.14490348344893,31.982415936682223,196.27268100975246,0.0
641,529.3657134875357,-215.84923175402676,144.89635010294185,13.552659147766356,7.7029388545520465,240.30877525988387,24.97671775232084,184.98701416731106,0.0
642,127.72755238568708,-374.26963991256025,458.20064264637426,-397.21717060886374,-9.977494702792303,252.39793729755922,38.79712435226291,194.55641183854735,0.0
643,284.8741682304435,120.99361851367823,186.20987663687032,-87.02164250522313,-6.343070203174323,249.15014454604656,33.74630863177695,200.18153316661326,0.0
644,198.06690917133437,-316.52551374822406,-45.15770991478168,67.46471104855006,-9.498872913339383,255.74247161760266,30.118468315398154,187.1599460123233,0.0
645,-238.87732138724,-245.27173379617747,-72.0945634075963,78.76974421090347,-1.3778843336190405,249.81629486855175,32.294007467304915,190.26498692499263,0.0
646,-382.6548483819408,-157.14724993269454,-185.23468070433583,168.5728960471649,-8.27781202785538,239.3495879626188,37.08380562290003,208.10493877587953,0.0
647,285.929706430163,-194.0515183154103,-275.1567442281618,-105.35374847926207,-2.5046622227948196,234.0367521637752,34.83182768883204,198.07695427035543,0.0
648,235.73554126739086,-126.52047396956907,-158.8676541111209,-115.59782470294083,6.902996381709859,237.54768662969363,27.03716927353783,183.43657448716797,0.0
649,450.703511159198,-181.1429987402313,-104.32868716114444,-80.32788742436662,3.790778841984337,232.290821434337,35.01480255451447,194.32927250996525,0.0
650,-68.3305659650514,-274.83869898571436,183.16199806569617,-372.6253757664248,-15.346543008076116,250.0641441170632,35.76754909643259,219.29075978316922,0.0
651,64.9825986529897,216.35446076665096,-151.46430193768506,-89.48843680373292,3.1401979611776625,244.484994688845,28.328477134063004,191.40743585740006,0.0
652,55.92490083175321,-57.14091201695983,-27.38196990549058,-215.94766168866008,-16.065931344071117,254.42843584792092,38.16742339879186,211.29772462908753,0.0
653,81.28478129732453,-399.22597152448304,-198.7502487949838,164.06669031368207,-7.103393210144878,248.81603085778173,35.97124967152776,200.52228268345743,0.0
654,-32.723254816172,-292.2090222036954,-121.41591525985243,-231.1225478659229,2.947583375301555,249.1131653503097,22.79162437124556,172.4624933758169,0.0
655,354.75580634661696,47.152824141697195,-67.25532149325522,50.253495000832956,7.4019212499079465,243.76639599501672,25.888518984915084,170.7268746800234,0.0
656,391.34921854715236,160.6432002684048,-284.94180164520634,27.019136712269876,-10.124028762604583,252.62214941641525,38.32282663248262,188.29727661258997,0.0
657,27.054572221210037,-281.415620921999,28.81430266096656,-26.990172440705827,-1.144094990032506,239.75545946865267,31.426867642449807,192.55018014493436,0.0
658,95.00755768987122,-355.43279295709056,-107.40928194747174,100.75348030953309,8.04122155608545,241.75496558525822,26.49382808229841,172.54051420187128,0.0
659,512.8908993412479,-103.5139988083931,-74.6368766699433,122.3506476786141,-1.0525665034935132,245.1757458655693,27.014150878068357,195.36174582548009,0.0
660,-65.224709066332,-304.02203245496526,-267.04939049773674,262.1444853498889,2.9794860835661368,245.61508456590786,31.889014304051962,177.9026950247337,0.0
661,356.959037600558,-478.57019594661114,265.8833228035313,-283.2066796755878,-1.8270447762985915,246.72924112004299,33.391694477711745,193.6783917115533,0.0
662,-33.22473458483781,8.770184544957637,-790.1701301639447,744.5053752491241,6.621679924124706,242.17730540353975,30.638719838247077,185.49685089882095,0.0
663,-170.7219211630757,165.0354875924249,-504.1103274003468,454.6033054927623,12.429472414842442,238.57695877210264,23.10558171674841,173.12888386278814,0.0
664,277.22058024435466,72.03300122708333,265.5120072736473,-119.96358393655422,-8.053594890798378,247.0281726694831,34.25882442945243,205.19119142339053,0.0
665,333.8310504636294,-311.92536376843316,152.45921372000387,-124.34001267663723,1.0907641430949533,241.47983041155499,32.73174769102483,196.41269249270513,0.0
666,-288.42778655973376,128.9502406726335,-526.5971756237087,-169.89646215038198,-4.99213435286044,255.20759712456322,27.646034827230515,184.36208638610577,0.0
667,347.9961613794711,-326.22458919264574,-307.12145767812154,-104.55902845965785,-0.5493134231614609,248.90440112492422,33.946077123321594,192.6113483135132,0.0
668,47.73586806951735,23.63867581277088,-285.4286013161345,-126.47305777944796,-8.111254501034297,248.60880929073838,36.07959095856276,205.1276971000914,0.0
669,81.63445102773366,-365.81063151662056,-122.32859086677266,-264.6081370002148,-10.289787240704035,239.22372881939924,39.07712948291479,201.26375146939108,0.0
670,265.2579977444724,-553.3687840342506,134.3439982631729,-269.68844320119246,5.618008023276101,233.12554170465967,30.25574868116258,191.32908572428576,0.0
671,122.17742132438269,-126.47267101693487,-35.43571447192455,-147.57580940762466,-6.706772354128367,244.08265098729322,35.82616226036953,201.2938313608813,0.0
672,383.3452080160272,-132.6058090757756,37.30654931046282,-122.83078279316888,-7.416041267948817,241.56855996968147,30.98823829740872,190.24705383808794,0.0
673,90.84527812836663,3.7435160285410385,39.76195035431389,-60.18830520505678,-8.516960570930618,251.41605347280617,41.53143439664412,213.85184722505704,0.0
674,90.83359150082131,-162.96397894440685,-181.27816162087734,-194.9141154444984,10.316299727758985,235.62092034237193,26.011395533598623,172.53174004091568,0.0
675,-302.76543154138847,-99.73826899726834,-76.66607543703877,-311.2328053085869,-9.644312837885462,251.0352006767656,35.32739369079777,202.37273747251555,0.0
676,352.82499929971465,-107.45746985262574,19.48075752633809,30.272589373319025,-4.671217324096032,243.4042732695793,37.69311847271046,204.68082798296408,0.0
677,17.437210816487216,-115.22194440162328,97.5660669765121,-59.575789461728505,8.588298767753162,247.11725827317858,19.467638530973723,169.73277400516517,0.0
678,418.73864596344924,-81.72508313191624,367.78461859526277,-290.03835844989953,-9.647575236498222,252.88216316665742,29.78444985838919,194.4153978358046,0.0
679,-135.5720859945289,-277.660327647135,-518.1449417751276,-200.8360548550173,-9.872995349812237,254.211398030167,36.667742551202046,196.2913089875767,0.0
680,-154.54824031531572,-215.7060705660571,-382.105961785773,356.27836010300547,-8.105175123007317,244.97860445518683,35.70480926940945,213.15435373075476,0.0
681,225.5881945586311,-164.54383336776414,-448.37157718799796,-88.703815375287,8.793781032171307,242.98361842806963,27.291764679095785,177.7823688302497,0.0
682,205.97040850578523,-269.37513389120545,-316.4450361533625,-129.76053981923963,-6.376884323329903,238.63624099450897,37.4446854902614,204.87990241520518,0.0
683,246.2069110486507,-201.84745265802638,-459.6003433492893,-105.0562787527093,-1.77015173265377,234.95685961226974,41.54893216897304,203.22889525138498,0.0
684,413.58094809295727,-290.3543421386849,151.7844584101673,-104.3498283879714,-4.444872524811461,244.52632263329562,35.09786155353379,198.18688912287368,0.0
685,108.80235035470169,-193.34917675438317,-302.9768174857816,-147.20944592588802,-0.013469787681336776,250.11077745440974,29.674783883417202,188.2061837439541,0.0
686,-83.57470059531539,210.46186356978959,-329.5961089217119,364.8363974685899,-3.9644114789717255,239.7192856355233,40.28711279582824,190.28892836312534,0.0
687,132.38552888275294,-352.0091561282575,-332.54887117204385,-127.36283617492607,6.7558550171792335,241.8357231630316,27.84742715889635,187.16409687441828,0.0
688,234.01786715675473,-579.647881060769,15.619691223325315,-48.11710157061597,9.565745029322324,236.38173486313406,29.881433887987193,182.6889623870414,0.0
689,559.204757440158,-156.35832710686554,92.03501753860857,-90.78105097051908,0.9464665496629654,231.0169702598505,30.46670875495941,195.09568181613233,0.0
690,71.8254853526842,-42.50878024253974,-367.25847156606693,-81.44628249296815,-2.767170561364583,247.8021503596168,35.081175699235324,202.61585187053524,0.0
691,237.6612014659586,-276.90223632599526,-48.71482468247874,-8.03980104418589,4.087064691057685,237.37372774560043,29.405826579242774,181.7580369414638,0.0
692,340.9178904853999,-257.07998564774755,-291.19686598737496,-125.46808367512097,-8.849805971244663,254.20609693280556,35.27991268102026,200.1912517199887,0.0
693,241.77221524598286,503.6741455526393,134.42770950531929,-67.27731529563373,1.5894218863171932,243.77876967922876,32.23477531078568,180.31858771407502,0.0
694,227.65186684019457,-335.7454989134911,-357.09471903003634,284.23299249087677,21.64443798291425,231.77167608494017,22.807218195231275,148.9878774483699,0.0
695,368.04926467603156,196.50525990931,-279.4794204006252,18.318218258352047,-9.289191841252153,249.28002746134348,33.03586372335051,188.7012722598105,0.0
696,33.531731220019864,-92.74581545755616,-79.68163415209915,66.45254601651305,12.642272332714537,242.87213984773143,19.998278135477825,163.42964749653555,0.0
697,515.9092955401832,-322.525065935478,14.748860399295838,-129.75401869675397,-0.8907021758388989,233.83610758273593,35.098681414150064,186.07333443833875,0.0
698,494.57000144650357,-235.2009770144161,-86.94523972121421,-121.43077449548736,-5.583494700520044,245.80739686312273,32.90939694931803,192.23452334814775,0.0
699,-27.74933778199582,-304.6770287188168,-179.40477599038212,162.70959998635192,20.487913838279454,228.09444416292732,27.87955143647955,166.6122634534736,0.0
700,567.2290957597058,-93.09629120107294,-112.17325467835151,202.82112572769248,-8.37555704499522,242.8701468869458,37.36100143440035,203.2446052773569,0.0
701,61.013943051626526,-224.69304686712138,163.47343152503373,-151.98994948534767,-0.5169944754458324,233.70005625231119,34.54610530429781,192.68077573565526,0.0
702,328.9965973829253,129.81077577441962,-3.3741827655432655,103.00649452199902,2.256625970205762,238.27055663314667,29.86694963060567,185.84617918752718,0.0
703,63.031351319192694,-313.48115135064245,-315.12482874842476,228.19057404076509,-3.3425411604921607,244.65423242475063,35.06445994760175,196.64263925083023,0.0
704,533.977339984083,-30.31175967179123,3.0743870259817507,-46.55912072286947,-0.7097564446448604,247.83783401726564,27.42998028055448,189.4530941699698,0.0
705,133.79541250126985,69.08242985145803,-175.25963707945945,193.08364669532014,15.037086807801444,237.63504124428158,23.080988348996435,164.6976188743214,0.0
706,-125.67505544355795,-146.1266984116336,-167.69996450674716,-239.72558626869392,-6.487990298055953,251.44407481404016,31.047948722336827,203.55181345150226,0.0
707,384.5250075949217,-371.0693875796535,58.282551601209676,-171.18781971600455,-1.9537780755315919,235.01942731201024,39.27861041094854,201.40295931419493,0.0
708,252.43161929271386,-9.506570860972886,-253.83232687414488,-47.85981580932608,4.815639172692409,241.42032162994406,32.348209877149905,186.1534335762137,0.0
709,273.2469723780146,-244.38527888935621,-183.83349468845,-103.87199874544508,-0.8199866455787842,246.64621837980937,27.848084206753413,186.5614477104483,0.0
710,-579.6974480101161,-188.44391683032796,-333.8329929959469,216.08634757315605,6.671174299942069,245.59543570541067,28.84696090301999,171.14715635040446,0.0
711,72.43231728912819,-472.5730828868791,-289.9103961144081,230.42038187321307,-5.429939240987319,245.87030458022318,37.210801952865076,199.98293807478342,0.0
712,34.8163700137774,-87.28011883889573,-355.29778969214993,-176.32277921616017,15.241222781298813,243.15560184649848,27.528999999960313,155.98898111700763,0.0
713,39.46242746242088,-272.08127259714263,70.98979340486937,-277.9195572318679,-8.29608751041991,244.29048312824796,36.328376922813135,203.64124434973965,0.0
714,55.29777970120453,-87.49572896492238,170.6611487531315,-129.58498123719443,-0.10151270410865487,242.98358828285902,30.93261876526444,196.41251167174303,0.0
715,560.7104502009299,-364.13034719977753,116.84191434603584,-164.38149353973796,6.430506982705582,234.037335401658,30.897470911140946,180.94336561202908,0.0
716,-34.715786152849226,3.339076038328126,38.234341347122665,-258.1980290129892,12.545273312002916,238.21655435708155,21.43807299225482,171.6364740353611,0.0
717,-106.00215660623049,-90.05701207731174,28.979815392696608,-219.8605768232073,11.221252350820718,235.87807197687312,23.668185420984805,166.98593062071234,0.0
718,342.39557050835276,37.597501273637235,-18.886909453065925,-130.4979685019363,-4.911389508509782,248.2504519469305,38.63061426349884,200.09711586578402,0.0
719,9.246781273464478,44.06732315584478,-392.10923836198106,435.09101132596675,-3.125379380631899,244.2347386383644,32.70452175527811,196.65461596767204,0.0
720,234.4770950951312,-223.2278884173016,168.60964037306024,-121.82622001285934,14.097140579496434,241.05105585543794,28.08281894636857,173.82753834369018,0.0
721,385.2455983396656,-80.73541635876681,-50.723085349476094,132.31841067598884,-6.09352395187744,248.610036052481,37.32941206346955,197.5167914499086,0.0
722,157.86694057625363,-355.69714933235565,-476.5080743960024,382.036872682506,12.339457361576628,244.0790676610204,18.31310423545355,161.30996824183956,0.0
723,-240.5912563546511,-80.99082384489331,-450.69746349098335,-241.9160082830953,-15.544350576407272,244.51380772674668,32.48847918076082,207.0323026418967,0.0
724,226.6799286045644,-220.06708124301585,-246.1029199268903,-119.39452461750419,-0.40953492006200876,243.23259912749205,31.095841531146583,191.64801211651562,0.0
725,156.95434056550522,362.3520259956949,-139.4545484980665,144.9865625222614,9.383438574916653,239.17207950776688,20.682964540378542,173.52323868727055,0.0
726,-30.586358695353645,264.8723010772643,-621.4622065432027,-22.68298507247728,2.970298298854913,251.41688808906366,27.318791236686867,190.1030845356192,0.0
727,201.83278001526705,-22.436850975222853,-5.367854912448022,-132.65283460506382,-12.377255629515675,259.5128319602669,32.56038827122732,196.34735774783087,0.0
728,-155.5076527645046,46.744162072851346,-337.4843539021814,306.5896381459647,-2.908705991346311,231.5263765112498,37.05897775991166,191.1791203365518,0.0
729,16.58967869269654,-215.49990499522323,-362.6375753662402,344.6142896987884,-0.23412534392221995,242.4032600005255,34.35613878699517,185.63010240890344,0.0
730,247.79670429190324,7.937865908871622,-599.0382880347461,5.726289104985938,2.0665289095597434,247.03894999635207,24.80607677479464,184.03979859839293,0.0
731,449.6898925097952,-248.98665687361205,217.4937764972745,-125.62542448902852,7.66527997965383,241.67254673156972,26.050148380973628,181.3850136812572,0.0
732,51.68924735368985,-83.33537831589979,195.771241913829,-254.3355553688633,-18.196809365194664,259.5647564466263,38.101035510925186,204.744165897364,0.0
733,126.37928320395191,-416.1302357491602,47.67558921328754,-321.447795546077,1.1107949617355355,242.17881474874216,30.541084027182446,192.81459622957817,0.0
734,-104.02395872074335,-86.78910808510372,-313.171067107221,-179.40852825155358,2.694242477954403,245.87391781236724,29.301828017955447,178.67085407518297,0.0
735,132.65062011464016,-505.7429466120782,22.171482129414798,-324.82437683485006,4.686199017129363,240.17638518345933,37.19772162217279,190.28523351068216,0.0
736,-161.77116295490893,-224.18003229205848,-203.60625107098565,-280.7629304872607,0.08145577874849974,243.6243440581206,35.42810807385779,185.22404634166023,0.0
737,-280.8085322370664,178.89287115008307,-239.908238232458,-195.70433414658322,-9.39837434090755,254.92254230293227,32.84412990685411,195.9657220785171,0.0
738,404.0044667084064,-327.29217737192204,295.9960350890315,-212.32124389335561,-9.00786089003012,237.41164986907552,40.423392309625946,201.80384174202518,0.0
739,218.71993339350072,-150.99396469175687,-149.66664782526186,168.0835105748817,-2.836914642935795,239.96662489696033,33.85616502298289,193.49415040427925,0.0
740,214.4377204070048,258.6226563454289,-172.96129365881802,151.28084723207655,1.9708511675798528,240.22895947099525,28.638007428376643,194.71678623820526,0.0
741,171.10198415296324,-54.28095630660601,-79.12834253433893,-164.2955713136362,-7.956674669322601,245.94148274041515,39.307225043826925,200.17475566643841,0.0
742,-308.1647266790983,338.3657608178591,-521.290921423493,500.41113432435793,2.468930129613293,226.76380863725223,34.22809746605131,195.21777217992246,0.0
743,-205.09104597988585,19.599645512697393,-218.3105583692085,-232.09951501851864,-4.049910706498843,244.11006591487467,37.16323332849279,199.72139873924,0.0
744,27.051709393310187,-40.3853662349656,-317.7777142328545,269.93539502645154,-5.963442422531265,254.31065865798365,32.27535283427854,195.8688908095073,0.0
745,230.33746998129604,-169.63878086550335,-173.60601154313179,-137.78367802584557,1.3533363394103266,227.92868862390435,33.98087202949872,190.81485379195817,0.0
746,409.1332731594278,-236.14601803976365,-10.871536570432404,79.08347481809953,12.760788998600754,229.72543697403472,26.33445710544894,174.67890796571248,0.0
747,253.7491224302721,-468.25037791370517,-124.29244281280648,111.84985472396014,-0.03972488786717587,243.56249074846255,25.73247486630989,186.1187513836177,0.0
748,-415.8902701207179,132.382777450005,-311.82790826735186,-265.6193894761431,10.895481404234452,233.58041223762535,33.51984128569361,172.22812221909788,0.0
749,79.34079212142694,-132.2209420842792,-383.60811731126785,373.43026814813317,-6.760279342321717,254.5306847326726,29.581974868675367,202.5105370863316,0.0
750,466.7799128313888,-409.2767834140395,76.78712922357462,-156.91549994252586,4.867010434241551,233.76703537746874,29.42463888782186,185.10024967662554,0.0
751,100.77831959923469,-430.63362397465016,-50.98094030543025,-286.01473851108267,-11.946004958332912,255.03707829948556,36.77790570623806,205.34278307836126,0.0
752,184.31186473456626,-104.46445629986539,-275.7523249146114,-120.98872701773855,-6.187406590147943,238.8656942679537,39.422180530958784,197.3685173193831,0.0
753,-29.645753861696633,90.20290783224239,-480.2782851860788,-80.92520575917442,-8.101985921759638,243.59778146872094,39.439865304516786,209.57278136185138,0.0
754,-8.54588459582406,-527.5703366975025,-39.90655492734314,56.746842977957535,-15.770592088640605,251.68910343047642,39.15612323851926,210.14323408803335,0.0
755,271.9450388865016,-380.36648619470463,-298.96491931613764,-123.07540580446779,0.8454879741679022,243.26848262825925,33.96260731582857,199.21025484251103,0.0
756,-374.2940931618625,-2.9843269113233095,77.16918378129756,-341.49163833722235,-4.63382131596722,253.77101393120154,37.150775228507705,197.32758494240312,0.0
757,-298.54067019887276,-213.9329266966752,-334.0615702085783,-268.79992963653444,8.137322368064503,244.2550353523051,25.45719862080369,187.1413810070771,0.0
758,-71.33385067017271,86.36816465864729,-173.24646536165855,-166.01306502490036,-8.703395921441412,248.39494576448473,29.684221238962788,201.83659896363523,0.0
759,389.2204049060267,-338.78697124366937,-182.67500961447274,-145.59976566435918,-6.453996488653637,243.71572863987245,32.70362185694654,201.47029483158173,0.0
760,105.98216551832078,-434.71284876962574,-422.4703714553538,442.0804352148914,-10.056770996351233,239.7561105486624,41.617084665997794,207.03835601110615,0.0
761,279.14592316157604,-493.03053567820234,-468.59774199077737,-88.01918285154208,4.984599679380488,233.63386211871264,32.5545972012938,192.22247709410374,0.0
762,-280.94354508801723,-26.59762580299503,-553.1863837093033,506.2112486087148,-6.518455498935533,257.33807414306096,33.30448201641941,193.63986465169702,0.0
763,276.6767629518869,-34.62121409157819,29.49477550201749,104.14078412781001,-15.069963218470198,250.64268850616713,36.84504239379129,206.9922057972525,0.0
764,75.55012586538754,-121.08805504823579,-257.40318620088243,-165.41563256580721,10.774330132477527,239.31466206627434,29.732292456941764,180.85995863294244,0.0
765,448.38217696976824,-26.64110553150443,207.96733161569114,-135.8280533252066,-0.2440614978683343,246.49626367324635,33.586165168038896,186.5287317360881,0.0
766,176.3560711693537,-296.5214809946231,-93.76143430497879,34.61220887181562,-0.7437816364107395,244.15809469561214,29.58822115626959,193.38925869385656,0.0
767,27.07217874345662,19.469434178532286,-552.9334084291621,590.9137528916166,-5.210848772739087,239.0368535706535,40.29597050023023,210.4189867734733,0.0
768,389.24520528032633,8.215251637247833,2.871784933286281,-46.198649047570875,-3.134124314400164,242.57425618841924,29.82942959923228,187.25022105197039,0.0
769,-144.29262216098633,37.022895572274805,-406.60368379361495,-166.73012732707605,3.281459253193999,238.8005701068585,31.10584245643539,187.94111185553186,0.0
770,412.6888927461945,177.78642478718325,20.761134852534724,79.22861971265458,-23.017869532323907,258.13439392257175,41.76346451497702,216.9514104459332,0.0
771,124.90669661724485,-436.4649840216679,-158.12982583457864,93.87613040513963,-1.1973072149780828,245.59747133876724,32.880084067831405,199.0064397299626,0.0
772,259.0768330778213,-196.21384723419416,-50.799866161792394,90.61455266068769,3.4787149503732504,244.59861662790527,26.192309665995975,180.08344237300494,0.0
773,375.0179548074728,70.47492255189324,-190.59773695684646,-36.78383491634296,-0.5728399142767022,238.58879479295038,28.54802163491028,188.14494003319484,0.0
774,-228.85647553889675,-157.5911078403189,-436.0823341017397,379.4376148543359,-3.2893666210559576,244.83163427880038,31.434523551451523,189.12741005935706,0.0
775,52.618904444842386,254.52771512868125,-477.6804356508781,6.569306309874756,9.100798907015898,239.71152120831272,31.196444709169505,175.53865623356708,0.0
776,33.45149285847757,-88.97558737244267,-375.00147600056806,322.8372733435839,-6.964542072198637,234.524568871381,42.236206041678464,204.70980627476763,0.0
777,177.91446558523373,-164.92651939882057,-16.11085240316703,53.59372727489715,12.921480601147223,243.09638241031513,21.100680462218634,161.70620208318374,0.0
778,316.8031845515167,67.17968688842224,-439.5956235933936,27.873674489184097,3.6242595857125286,243.80886596759518,22.571936003197273,178.8371958952259,0.0
779,-84.64613826616483,166.32900994253882,-228.01478978022587,142.37986761230928,-7.795328992373774,246.97610880250676,34.82592381004458,207.27634713538518,0.0
780,203.02318592969243,-271.60297125663845,-93.61689537815289,-169.6186077266528,-5.189555480619478,255.547832054412,34.59881755297434,191.3350823084188,0.0
781,79.40048390050589,-249.2999902970259,26.25104118567425,-268.0262499564585,-3.664529152681339,245.2418645233387,32.87691922301016,204.38382178868184,0.0
782,21.035509253373675,-15.995109089114322,-254.9473703274856,-85.79865201685661,21.11858510449577,224.81583235935963,22.096895474310035,171.5447332893292,0.0
783,321.40519923541524,-219.8668609066746,-43.40981494292968,-192.86480097365762,-4.774568701653045,251.34071187964398,33.57671548277276,203.36183080416387,0.0
784,-31.384618297248036,48.66986883814488,-292.0565774300853,-161.12085040313912,0.4429720676562139,243.82812464835155,31.022216023649513,185.44288610073,0.0
785,-121.04197221629884,36.30240824217801,-542.5568684678078,504.9687584097485,-7.832304338042531,249.3614776359803,36.65903521499549,198.9601271516973,0.0
786,-90.21980534716927,-163.46016537034222,-476.26561857110283,372.1130858720072,0.7469839628279635,233.23298058511017,33.8778807378741,195.59681233774006,0.0
787,-155.71271209755056,-167.58963039454704,-142.07777841655763,-224.88914884413603,-4.63499472512469,259.81924231238634,27.26026300834779,180.09292978596162,0.0
788,228.67258832026232,87.02235461305862,23.451377482724457,40.8145606382742,-8.215283755746134,238.62495295345258,39.120701948073055,199.0104216307146,0.0
789,254.6341654343656,-527.8957306881874,-105.82353342677293,-261.84657649532517,5.593338044041701,237.72871219653592,29.55247345424793,177.80020196617554,0.0
790,38.093164408465555,-71.70596526230278,-60.3959022798792,17.46328639612651,-19.28026635702616,259.965575491434,40.8713223489214,213.74246375249248,0.0
791,-268.23308724942126,-246.2918847776413,-687.7674528751444,603.3846651119269,-17.443057515615497,254.4048335848843,37.639108838416135,205.08257412828715,0.0
792,-106.59021607232285,-319.0678479486435,-184.16320258086282,-239.71404099560226,-3.5722808523580327,249.9141351703232,34.656015119747934,204.94613236944306,0.0
793,-83.8764925818058,-14.453187421318026,43.101834790769765,-53.72308089562679,-8.700234907484646,252.00513995347544,38.8900660377051,207.87001072942994,0.0
794,98.6553344098605,-130.6331168288316,13.018209489567955,26.25912489981941,-3.78448199536335,244.04242886550594,30.715128277307787,192.50265162075124,0.0
795,-125.6299072226915,-117.5008265541158,-383.9296279118452,334.3642760488286,-7.048886482952407,246.97556885813114,35.720614194932715,207.21157270256052,0.0
796,478.10947441361816,-81.62514395423653,476.41440742070154,-292.306585263272,-10.55490906511825,250.38857665326117,39.13959171814045,201.5219064497316,0.0
797,82.5153858511497,-344.3014709369652,-155.70930012788514,66.92747552210243,4.703680516268075,229.48804855506168,33.682851003137564,181.85249964710636,0.0
798,514.8602223448225,-432.25994968844503,340.8813224093874,-305.2997129648011,-14.259559518687068,238.9509591998403,41.025443145152735,226.05083642323916,0.0
799,92.07809941621638,34.70026875980392,-51.81447150412013,-184.71476877559073,13.732012585559515,230.48166929940993,24.995201844648548,180.013249361395,0.0
800,556.1483089022084,-329.2483965453284,-299.697373762204,-28.07187678376333,-3.7920023370846256,244.23268538042393,35.387045024546715,184.10059701798093,0.0
801,8.255983444877613,-286.9394332098019,-473.0054792184674,411.1386930100199,1.2718809804989282,241.92303107539013,32.6810898925433,189.51675243149992,0.0
802,253.78707252083302,205.98581174395733,-15.45744689347548,93.9575649618101,10.3359399946456,247.95516925219823,22.58172501646916,167.43825266535856,0.0
803,381.16633350210367,-293.37531339531296,165.2459464991647,-71.33872160400915,3.2293346420232067,237.67472277218113,33.99142291489408,202.4005944243735,0.0
804,-42.225133857769535,-323.33922201022995,-162.02658153457347,188.94949427229685,3.9799115582855356,241.61708295663541,23.151241383791866,175.47028553253554,0.0
805,7.371702910935607,-592.9454633006224,-537.1291669784135,404.5636953901772,6.589457213028512,248.81866680186818,28.201562635623134,168.14708547490557,0.0
806,-141.91767365559724,-17.45579065305094,-189.76336359626617,-212.8556389760642,9.990425805218008,238.9231856190294,29.184262755173883,181.58270683009133,0.0
807,-78.35263200571596,-20.22348322265868,-316.55720833711536,-146.06749326746663,-5.083146119624557,251.51650152737813,37.22823577615457,190.92799053315053,0.0
808,79.02107039162958,19.915586947328755,-93.4279472144775,-142.08996080637408,2.0438672143397167,240.68288623897996,30.320815035998653,186.3459888845679,0.0
809,-23.06750485909155,-128.68002071223984,-202.55269524569428,245.9182806084509,7.176234965758461,230.93892357334508,32.23450267944843,186.438406616843,0.0
810,234.52753014906995,-222.0458185094243,-240.98983560398955,-161.40247346344262,-21.786209430111295,253.4377711896234,49.93987764879951,222.39625022412122,0.0
811,214.8442643798727,-294.0683520620488,-73.42201545589498,41.20504470000632,5.001925438351405,233.72525468052794,29.99149649529135,171.75452005424987,0.0
812,542.1527601026334,-307.58028268208955,267.29749105382905,-207.88608804839333,1.7951482975806816,237.57246610562817,33.636661100736056,191.90940019874031,0.0
813,38.00917170816347,-429.44763862647005,30.344374996238876,-338.33895175295135,6.126418577268126,243.56782434952981,25.478454937206696,176.47902886247545,0.0
814,398.67210041920765,46.75504539703583,-181.46728346984108,188.16834524427824,-2.91603852513727,249.86302901432998,31.118851679889893,194.26737885601196,0.0
815,126.23254053718473,-109.0912423892904,-450.44152866592776,454.149260009979,-10.199714377633917,244.35680840634063,39.668853609295596,208.55160865497214,0.0
816,253.45865135929685,-136.08547705430476,14.290857353374298,-13.293018808820257,3.180355769519955,241.92954372209138,35.42832324575785,182.28709246688447,0.0
817,96.85823829201726,-292.0262550397253,-580.4229679941074,525.9362966750264,9.759199494566722,233.74988787234315,33.39983283924453,182.3165158085927,0.0
818,418.00881948239737,-0.8471145755173604,-250.83064772786759,302.7473530025409,3.189197065046809,239.73134265274996,28.340265599371225,175.25462940420326,0.0
819,333.5775023784725,-249.64828509079538,-389.42369846074405,309.76525825162184,-3.644591228719339,247.15950795034192,32.877554930032666,181.40575101445245,0.0
820,268.02348190054903,-137.45677400385617,-35.632751670555066,-149.48229011694355,4.5313497577007675,241.17459929385183,28.740673938134794,174.07002157929077,0.0
821,302.9726785037435,-130.47806918801837,-183.19476299216373,156.67695222562713,2.9766898838639637,240.86136675572283,33.35273384150327,186.3024184499262,0.0
822,220.87144438673994,-313.32021629387975,-247.14783889040186,-149.93564521673457,2.51570460781944,236.03892966181135,37.232823401080644,195.08762667420743,0.0
823,-128.72449753063262,-219.78974967809418,-637.8911527370809,543.8438606780655,-2.365194374193901,236.28779091668702,37.76340839408668,189.1160423615161,0.0
824,30.83915978968936,-11.426549606678261,-352.9467389306261,-167.7044791730159,-3.1929368986825475,252.13986550230223,28.978592684803868,193.65113619731588,0.0
825,-468.4825715025461,73.34286581669373,-240.45428649691823,267.04458967579916,2.0300765652758286,244.79769442537787,30.912163859654363,185.93838415704082,0.0
826,-101.31101739967204,-117.35771881464943,-481.28101135596245,453.39177522196314,16.236539169800825,240.01800390902662,20.948325170510927,155.20067022731507,0.0
827,207.97243042338476,-136.7500827160128,-224.66156105430463,-114.51071611061039,10.488620907652052,238.48921878252887,26.086763766161653,167.7390433501066,0.0
828,-127.3274549195317,218.90137789371934,-153.56006099503657,-122.10821143769302,7.817197134608524,237.6993673285361,27.88259960749548,179.7622729952179,0.0
829,442.8043158508073,79.76158119191959,-311.48884226531754,-20.83270018668204,7.607676438609362,236.98342173373956,30.3697503646824,173.14668800954934,0.0
830,214.17635964606484,-174.99502551217816,-378.434773842574,353.75511942526407,-0.02494047379143738,243.96288125500564,33.36920877488678,183.7084426998597,0.0
831,68.99386180047028,-117.73093024333157,159.6105766176406,-72.18442888865506,-2.181059790815562,247.72206536473837,32.05779536966497,186.64771640873448,0.0
832,85.62174261024971,-464.3263279547341,-338.0392153413363,285.6546818795776,-14.080177356398092,250.1257920481394,40.18429058817518,211.9228107277803,0.0
833,66.9302015906331,70.61492765624675,128.44921036488816,-52.966633490042135,-8.535606587415622,250.4194311282909,31.796684819033974,188.73319722883363,0.0
834,554.8713953848849,-247.41869149327476,-205.79239456297148,-46.79647829316336,20.928101386294976,235.26137900343173,16.111473978784957,158.57876032792842,0.0
835,82.39369417200753,-199.3084791963538,90.38725403818711,-115.94728395242475,-2.802127046047727,243.3565499523466,35.654450036371784,189.99364918039294,0.0
836,498.3845033098177,76.55328237919346,-160.9135860552874,156.18363569591958,-19.623737541740464,263.65030495443955,39.429216930831295,205.70924967579845,0.0
837,659.6425906945001,-83.29743081053785,280.2442651975016,-170.2012312632838,6.5526094813248354,244.08408757823386,27.181200592635033,182.22134382240836,0.0
838,248.31706972916683,11.496374819253475,-115.46061250010212,-60.264855151431085,5.629771460058674,230.39365094415584,33.42804895838768,186.8439175825488,0.0
839,187.1687179846134,-72.76732008065495,-333.54510395777044,-110.09839238160053,-18.414254638783344,248.23793996599704,42.77088237998332,212.66132502171183,0.0
840,152.1305692501962,-265.121909234694,-351.5544264859017,335.3294674847878,9.872894305780578,238.27510927317135,22.407349359815512,180.0554926766866,0.0
841,-162.46643142891836,72.08152432790205,2.0232505382717703,163.65453653946034,1.5818525936438719,234.7252143012826,34.68300562777818,189.2869762861902,0.0
842,-111.87967842766598,42.926853535423426,-265.4879560224277,-199.60579468706956,-3.657404016671724,245.08803410640294,29.33988125432117,181.92605779415177,0.0
843,85.59496773200331,-127.14983539532103,-242.51077505719275,-173.81248100691275,12.956566224122549,230.88916509402762,21.074450368398608,172.06973409463518,0.0
844,-33.141596648657256,-41.6437011423977,167.8857772848402,-280.5111551927403,-3.152312292413203,241.2494449376987,31.878937695739268,204.50650675642038,0.0
845,139.79733700690068,99.99914946341252,-367.55313340686786,373.67591175100586,8.101254400081283,240.75821355417864,27.155925835728723,180.38905346856313,0.0
846,-102.33740714507479,-144.63569101695194,-438.1722211649949,459.822236182469,-3.100608249501063,246.15159645322498,36.94253217362091,197.59064323398317,0.0
847,-26.314886780418977,142.547199985058,-299.57889659296904,-115.39433339810654,-7.513707112050249,239.46695681239754,41.500046975560856,212.92678917262552,0.0
848,12.99607474794131,-624.4239369239785,-74.00998969199232,125.14199334291467,-8.190160173892059,246.65870188620832,37.06670251205301,205.12900142805466,0.0
849,91.81247460279042,-177.3565171859751,368.7180157348435,-318.41507922746126,8.934972566667026,238.51677682023325,23.99070715703379,177.14789915567883,0.0
850,-281.83141517872843,-396.5534645484083,-499.8182124005718,451.34022678969217,-11.56315476712671,252.91859641997087,34.5332086435001,203.81248488437785,0.0
851,-39.95033733543916,-135.2657281041947,-291.29291483954245,-194.64945464378508,-3.9709936436140234,247.96991534676246,37.12423543758753,191.03854811149668,0.0
852,-30.083570720644026,-437.30746352980907,-353.3899936778485,291.31714832856164,2.652171815673782,230.74904274185147,31.673311178359462,183.3001060561247,0.0
853,-130.60214024926927,-349.3629648528374,-349.3469321046781,290.47122489368616,-6.78105558177842,238.83382422474403,36.611226998372196,211.59822061622904,0.0
854,-42.21868786152845,-96.4973868430554,117.07583811670959,-283.22388693698474,-4.968720748970606,241.4227299709265,37.2615428801476,205.79193342520074,0.0
855,397.6413032561031,105.07389158623144,-574.5929869331168,49.05921199690289,6.06154610459323,242.56768967136344,28.553050161274157,186.03830333691195,0.0
856,165.10223858741574,-334.0188032083854,53.17441184802494,-104.71624481737956,-1.097373476443021,249.45018631772436,29.68332576845877,193.09285869091823,0.0
857,-82.32553579241025,-443.61975202113905,-173.02697902260113,-287.43519956367453,0.6947205101821039,241.00276023673615,24.583410306419676,186.4801855693183,0.0
858,-211.13558246324806,370.17910100820603,-656.5129117689047,676.7831839011718,-3.4452312834081154,249.91547507456673,30.96288528949115,191.99164667812352,0.0
859,156.37049319554194,99.61081334970262,-366.93961425306793,-48.47628685940699,-1.7366547687853275,247.3426917955656,28.292544168631238,186.63920424180563,0.0
860,-154.67592148220697,-266.91551888301683,-208.08819959004109,128.09684384428047,-2.1933323171503094,235.9008945283525,37.050339428603664,199.35906245923962,0.0
861,-104.02022017026952,211.8802058169861,-455.4366878425539,458.47742668210094,8.68110897707468,242.10955794185875,28.872807094966433,170.44906888177746,0.0
862,422.96053175865023,-278.90552678999654,198.80170675390426,-219.5377834620442,5.211094686315356,236.99352655911363,28.819515529596124,179.67783874153463,0.0
863,-305.26039720851725,-56.47427775018215,-581.9521519024186,496.635734848331,-17.82493339532604,250.25854519621316,43.53893973555389,221.99552490975518,0.0
864,30.000988819858666,-205.55508437971275,-248.76692159313114,-203.3439890864492,2.460543866345378,242.32221740650778,31.796643707276562,188.80223881458355,0.0
865,85.97144587438834,-225.62970539532574,-355.8774043607913,347.86994285742105,2.553077149475623,246.48797754750368,36.08790138953269,187.48520685857866,0.0
866,462.5784514290267,19.19782644042156,-68.77662485498927,-10.057989185080896,-2.740412651349904,236.7850486359477,37.848348523848465,199.82990882456886,0.0
867,482.8215850382204,-144.66846454613636,20.74131947806077,-81.12359241346385,-9.610589256956995,258.7474179673563,29.82886481335884,195.868780666853,0.0
868,268.84998237274516,23.361682561902786,-81.2497841054273,164.72552554867792,-8.40987616557544,247.1118208125018,40.15796924629841,201.51796384336504,0.0
869,-132.90184729436177,-235.44220677563538,-158.91258829312847,170.76499694674158,-11.915328347971297,238.58550303499067,37.36881622797117,193.93131857320645,0.0
870,-345.51059988451516,31.818125131854313,-441.6394752269819,434.56820544332294,-6.072702830930346,245.2101954325137,38.51726292500118,204.93935855244567,0.0
871,-108.17730435012774,-116.00212433419466,-406.17238937224124,314.1833920841845,-6.595379065433924,241.91686543678995,37.62632351024476,205.5368488033945,0.0
872,510.73350397834207,-604.7498932955788,127.32718358841227,-236.53753006522416,6.228094687760387,245.77674071629102,33.76967752518827,180.8490738216563,0.0
873,-218.73189220134103,-234.41910344583115,-320.3849898059108,206.6782354380102,-9.218491044355103,242.51112563417823,34.30351587448776,204.35758866533172,0.0
874,840.7243548987682,-472.057304646577,-241.10398932510836,-10.111651434087143,-4.405690295818261,251.02488377399067,35.0516779552131,202.9997427169564,0.0
875,-67.81677478652513,-38.116748934537625,-61.51703448971693,-179.80389934057928,1.4395692940933542,248.86941743202215,27.978377554479128,183.4980802684504,0.0
876,355.9836817619277,-201.8783561925748,-275.86336457592273,258.57220187588626,-18.386925365279044,250.25619598167768,38.3962813125951,210.93517593742342,0.0
877,16.397442231068492,70.64544161097955,-270.2513525479301,-158.30223326706846,5.149534911464618,231.86059557802182,29.668206965959925,192.3129848091323,0.0
878,208.22954372664256,-106.82385348370941,-272.0180316782282,248.0621140102993,10.74028866088771,229.21271667158217,28.196512838924196,180.03915417310844,0.0
879,315.4819361587273,-233.78580189309352,-378.24294888331633,-95.14355560077966,-1.8494916310952467,233.63263140107875,40.14100952621001,185.32068611346762,0.0
880,170.7140802073582,-285.93468799858925,-176.91741951717702,-193.82389190178407,-22.485241028359187,253.22211966247778,43.13394570035563,227.67938764509827,0.0
881,-70.03064426722796,-359.7144149440592,-144.00706378855105,-261.5699789930871,-1.4452035767198523,250.37768290176848,32.67279948283629,185.74670708204465,0.0
882,294.61884738752354,-222.39747202556575,125.45895552142584,-189.10038148584397,-5.823897851995407,248.61879775112482,32.89452565753563,192.49242776799443,0.0
883,48.36418817905705,-94.88163696299009,-501.9416916508894,-144.612081898327,8.61715449569565,243.9330421040599,24.182486915067436,168.09244820811514,0.0
884,190.2304016868023,-21.810288059806826,-503.4696698207979,-37.60312314554699,-8.359305420569079,246.7341095548173,40.182244433460774,207.68203695573456,0.0
885,-67.87946427881057,-395.991494660691,-203.601963016477,237.4176239980514,1.6029655595061354,236.98524225732726,37.28700536973361,199.5844729148413,0.0
886,147.33441278904417,-212.8976534196088,-27.5906131285921,86.71568922496117,12.565758466124965,233.13432306739486,23.907301817545317,167.56858877015824,0.0
887,-0.6347762365587428,-179.7193557214584,-85.66792207970443,-234.56978789500394,-4.971272375322558,235.94523492808432,36.86824005179851,202.2365343476446,0.0
888,482.57926201070217,-318.00043590618685,-86.26042438636337,-144.80807848861096,5.379515390369492,247.40394897518664,23.392308161954404,172.032726988367,0.0
889,188.6548720516472,70.5744422655187,-4.919408878317144,8.262542002751916,10.53297532028207,247.58844410178168,20.218588341711325,171.4670108288337,0.0
890,-183.93004645772527,-506.1907110370517,-171.06841365504167,-323.3196755520329,-5.6035159240998,246.44547635585118,29.861709863972973,201.47304849733283,0.0
891,359.49869805477704,-298.8755565316658,89.97201722164871,-116.3198493997637,-1.3136529752578705,243.2368365099304,30.901664218412186,183.09951267746413,0.0
892,-8.264803790055787,-186.46256414503512,-697.3259949487135,584.1616024824867,2.583082070917276,246.65446707421896,28.26378990423055,178.8340123109017,0.0
893,122.58785298510533,266.2587017140706,-20.917705518609118,82.21875374514175,-0.2854416787203524,255.03547603965407,26.906154389840786,182.54601983842255,0.0
894,57.9314507792549,-60.374164334895156,-165.6074114856048,172.8999448158548,0.5831406850248393,247.5647857301435,30.645154692562713,185.81600890213556,0.0
895,149.16759148340728,-266.28894625805106,-139.60597520878702,42.48972793343317,-5.321864015534537,244.7019162147581,39.00125305865499,196.5308924803936,0.0
896,263.4018413519265,-48.041945642321004,-478.0396813900293,-38.81168260370962,-13.295781663761241,249.26042498967774,42.44720147216829,205.15933207412397,0.0
897,-337.5017682368036,202.4760775647458,-457.04334858320203,363.3042881125366,-3.3303898481768903,253.6386401757176,35.79886197019491,192.88146036361357,0.0
898,124.95419981762323,-432.5168325424594,-66.82368197876893,82.67538598088832,0.38074184836808866,251.5716927873349,26.490474643871135,176.46924286023528,0.0
899,25.512570917652067,-79.31680064066492,-62.58801005635944,19.834325096730154,-4.70205836098733,252.2864223975317,37.83593862195412,199.92683564315885,0.0
900,304.5198409728247,-287.9751174664795,-84.1607962204838,113.23974623294517,-4.848444422670752,242.6905266622111,34.74053947273084,200.55358601343045,0.0
901,336.63533165253403,-264.4735325704664,-37.38517641260657,65.5421936182334,6.495667612557786,231.4171221876865,28.776859496342997,182.58079202536277,0.0
902,367.87567504567147,-623.1549745632597,309.7970413916521,-315.30252047601454,-5.3869570844229075,245.74044051624293,41.08083335523638,198.00347391916156,0.0
903,644.6218556528345,-319.8049536768265,-278.5624209627579,329.11174423079046,-11.582025808020463,245.40629203887835,41.97881691456744,215.04620320715458,0.0
904,491.47865509866654,-140.8096500078608,36.0848377109825,-97.81686413455914,-13.727841441798361,247.47779053573572,42.57796570207705,213.6750943769392,0.0
905,137.03474155991745,-172.8050115192558,-557.4616884320341,500.01176037915764,-6.153254593272552,239.56620269035506,36.21864476566637,201.6687480546413,0.0
906,185.05468149250933,-58.58699026608798,-237.7155301564064,-101.87439433925014,3.8624140650129135,243.04186176379275,30.224569930353937,179.6498176649347,0.0
907,-44.427669783218704,-212.11526914635294,-227.06000093636018,194.43075888502366,1.3024521473139519,240.11088235913675,34.86428908015042,181.48782449957017,0.0
908,308.8921532928151,-9.698671166075679,-102.27983328138612,-106.04227218189617,3.4360821278237124,244.37293726579605,24.469709155698368,183.42614654671732,0.0
909,293.925187797315,-375.2139338961544,-211.47660131491884,-157.9312507176988,13.286683482856757,237.31694897963152,23.227317473943103,170.66447370332105,0.0
910,-93.81654006853708,340.02088805258927,-319.17735826508897,254.19504931802345,-0.1250614453080544,243.7932064702101,29.41121745043138,189.564025520683,0.0
911,258.6914192645262,-130.86710110685897,-368.15570948204714,338.0393488294298,0.9530864612186458,241.91929922799207,33.56209603954102,182.2652366942001,0.0
912,119.22805291243121,75.62258033487663,-299.05263122455244,-46.085741960326,13.24905406995238,234.63266736561005,25.131719766468603,169.77288962532705,0.0
913,-170.11292492395745,0.8175458909277289,-150.69738792440845,-150.56771081165454,-3.51321119398405,247.75905116693698,27.779304908327816,195.20706034395485,0.0
914,162.67804837951442,-77.93880738871847,258.68893011753323,-227.42730569035237,-6.646787821132149,251.2386986683251,31.586869041751914,186.61903210555252,0.0
915,65.95994163450186,-301.22372692821455,-123.5167550207133,-303.73172949818314,-15.467078647670384,245.26147355332046,40.57717597130123,214.82891613244226,0.0
916,-9.068971959306493,-338.8187339087757,-291.30141083267057,174.1403836937284,-14.174629215431354,252.40782880574105,33.12969075203898,210.77878432713035,0.0
917,-128.49957771798918,113.8040033471782,-264.10190402061727,-134.20415956298882,-0.03822297704890287,251.78156754158562,30.129410148916094,188.30075186924154,0.0
918,104.62201893843759,148.39932295412993,-535.002559465898,18.2815686557114,11.192719639392479,246.16119090018915,17.5135634993784,166.39509845389188,0.0
919,525.8475871256577,83.5508892028165,303.0385615265937,-134.23545975756576,15.444515646785757,234.61664116185167,27.126809220016863,182.6236556726582,0.0
920,131.62010664335915,-332.7926206248643,-276.10006888778446,240.98442023290846,-12.03300523650339,251.3568386867023,34.33558478635199,200.66345199133548,0.0
921,-159.9277022996422,-60.51597510193643,-373.0077155708107,336.33797755451803,0.9876871374949237,246.69910295987816,28.73929226600053,196.93700343785574,0.0
922,-88.32479123177256,-47.524724471973556,117.44766889312896,-264.60589441397724,-4.034612951077408,243.876887884921,34.942371908885605,196.61470645084836,0.0
923,691.372477388297,-166.86090661055914,-65.41072727970196,-60.40656049643817,6.511680264712097,242.0088791675875,30.273039927522678,187.31162960661274,0.0
924,138.0899108494766,177.40896271726209,-230.9941364571844,241.2744896948944,0.6196879587397988,235.0466207046697,30.616861316875394,184.11212508969953,0.0
925,285.33041376058543,-356.5256819677608,-308.0888088089112,-108.00102748691118,14.624713427822112,237.29695667491134,28.615138115740617,171.29605094680267,0.0
926,357.97803143999954,-107.29908950462921,83.61296410963645,30.77184306482639,-16.586703669064384,258.5598301005342,40.39730836122764,205.97502684609324,0.0
927,198.62902973401714,-647.1147363491642,-176.14393763946705,144.40599832489025,-6.119479818028315,246.63920894739465,32.39215418820648,197.76857809157767,0.0
928,-20.279260153079903,15.851847048070455,-378.2206610467336,-128.92108691497586,-21.503086588431536,261.1150727129814,41.00782803460219,210.1697000365035,0.0
929,72.5666330421933,-107.05151583684449,39.541123564951675,-25.612446474413098,-18.029941905090432,250.54686183089504,43.708882683514794,217.14327925108046,0.0
930,371.61716490869605,-296.9894306490243,-251.80866047425837,-81.9696125961448,15.72676192601978,236.01099761263302,22.644215103959993,166.37947300595667,0.0
931,-151.85918988882733,-299.0794873237241,-40.057245962022556,-6.53903882576623,-17.235696789518517,258.5203751643235,37.10681049593829,214.56417294278287,0.0
932,158.04844823738492,-154.12163137662498,-330.3778790766577,326.3097979529377,6.040649933658368,242.28020250157243,26.371653281643383,182.03879602733107,0.0
933,2.1180018299930214,68.89105788097329,-531.8296110993977,498.7836917916672,-0.18573983688869344,235.56110104550314,33.178830547225694,198.2919386252572,0.0
934,-153.10108617378054,112.60727773593868,-259.0899405416058,-186.55926175831058,4.70900618770354,246.00563401323416,26.464402039210974,182.32799391419525,0.0
935,50.89730349823676,51.958129481636476,-169.81885556307716,-151.37447377918107,-2.733166748884946,243.98794203811943,36.08363773283553,198.01402435696554,0.0
936,62.69014879052768,-335.6687423164285,-289.01208337737245,209.2396715630922,0.9466382067181969,242.81920292128356,32.11643106163575,198.48962824800014,0.0
937,80.24373903734178,-75.70740345017141,-293.73358848434395,-144.8855616444368,-1.2507014296235053,238.79000980850327,31.410999083189495,188.32192458270544,0.0
938,-159.70776333358802,-208.7029540831823,-420.7287059986246,280.04291993142596,-20.163068737157612,253.91141102411513,48.13571055802228,222.67641571428473,0.0
939,281.94728718494184,-99.50760770870866,-181.44773281943483,-114.82150394470563,-13.787250496654623,248.48846666142987,40.41634081503129,205.21233407983988,0.0
940,-92.73928415828286,80.72764129271187,-257.9128556096901,-125.7198170273925,-5.274229625868083,239.63003563433654,38.118115735738265,206.62671667487567,0.0
941,59.98540386819846,-185.30006555070418,-305.89652679912933,314.3739970657108,-0.6027445091319994,247.35525530021656,27.5190095015064,177.14995428315555,0.0
942,81.81944848818453,-166.03814441509797,-9.649293506580925,-207.35570978880037,3.218876671713023,234.82051602879662,33.656039623254635,196.01313659211195,0.0
943,46.0443588091636,-249.2510320883976,-271.6552573495778,-187.9723605457483,4.255331151683996,235.48820880450748,29.204026800502913,183.54083464434126,0.0
944,-462.6814804002628,-140.79773223898528,-685.5131658881241,639.663218247194,-6.876818262699645,248.6579063952135,29.856439538424873,191.19327555840684,0.0
945,210.1272651502585,-198.82441926081844,56.081331402887045,-143.93449892414182,6.7042041603488425,238.79345193191025,23.875102091481878,179.89529790467276,0.0
946,208.2937194374549,-295.00996514491413,127.41127377781703,-271.627379679364,-9.744824905956714,246.54516180127177,36.391864457230774,204.0975339647486,0.0
947,204.35727212513535,241.7510956639672,-214.4039279694927,-18.57652939813148,-7.529138669390325,254.10059355099284,33.30250423280323,194.5249984497013,0.0
948,-198.3022141181077,-47.289404466551524,-361.72517250172444,-165.64757584128884,-29.148601912994284,262.42668294706823,43.94093912833547,225.12336781995793,0.0
949,-125.00709133429902,-183.0277319386858,-819.922669765278,704.1706982949208,6.041985309505357,243.9863343340833,25.729149773403286,174.2610982577417,0.0
950,90.30765246988283,-484.4547567698312,-379.42515165103896,315.2866536333453,-8.38919912387471,252.88595736770105,33.29103881087798,198.26217686262956,0.0
951,-404.46774342339023,-214.9215383883301,-464.1354561947049,395.20383434410587,1.7803074976156719,240.46381420778283,29.50283589107164,180.97680140160546,0.0
952,-50.806071068529945,-500.63962916864995,-656.332354224538,514.7878369941136,5.976204812340293,247.9324838580835,23.742759519976154,169.09735160631973,0.0
953,-239.60050719908114,-138.8968504833775,-149.15247698488216,151.97124152334916,-2.282808205364267,245.61208287340426,36.35346978954864,190.98656284835525,0.0
954,176.30864761436808,5.3586172404806565,-29.436381879886085,126.63711576930929,-21.271119165418988,256.1617990376839,39.2066788320496,214.89083929981672,0.0
955,234.05509562316996,-137.4162341482866,-228.93214404260482,-148.09790000189253,-16.534966975565567,254.40731937968854,45.71145326183453,210.9068581047486,0.0
956,182.38438184283456,-194.0837624929041,-137.93277528670248,148.66337431281102,-2.4679218998525423,244.4741414934784,27.71263506111835,190.56056205201105,0.0
957,169.48648660462922,-155.06629404551722,-134.85845981015004,166.4479442722527,-12.444370918001578,241.23745794628658,35.76501405260497,202.01474306034677,0.0
958,91.37888747182434,296.20240245302483,84.5208529908474,9.23321689991572,2.4084202848643685,246.53926077263068,27.98752730049989,179.2127719026006,0.0
959,204.0777270342605,-179.13122096770002,74.28683983768138,-218.27585400809966,-4.2723739845906366,235.6537544901707,37.715582877179465,212.08293229842783,0.0
960,473.4217577397713,-82.49890341624676,-266.2489939469375,-18.82046087101319,0.16419059351439702,248.46607579236797,29.675002044135255,187.9606644931495,0.0
961,144.74537129422967,-77.54167688402269,-83.72005494085589,208.9047134571181,4.999623637937137,239.1277752695253,32.70182608219205,190.38206823360306,0.0
962,625.5710766601995,-119.88170163826666,-474.56487146119224,76.25042251801588,15.701686421728311,234.56825459833448,23.912339971092145,162.24649024637,0.0
963,182.45194353498078,-87.59265798976777,-96.62287809104328,133.0550575644349,-14.273927724238666,251.79126404735135,44.53809924883549,211.7808018631424,0.0
964,213.5390660478281,-94.50308603012401,-200.21238064555985,234.95536292182146,8.257625546268024,231.26936094442215,33.3428470951847,183.95895725943126,0.0
965,26.694981958004817,-157.78856376535296,-87.26652091313085,41.61212213561849,1.8298321495205538,236.329553313118,34.01699623372781,187.78376279638724,0.0
966,53.215331217121765,99.52012674745947,-315.6258987286167,-131.00155694725166,-9.21638870078864,257.5942073547192,33.65769025280729,197.9805981858235,0.0
967,-98.32531282927323,-58.56636112815645,-90.43759558295658,-243.63682551723943,5.541703588820761,234.3423311553527,28.050421551929976,185.22412919017455,0.0
968,-432.89252141137524,-89.31187095558705,-174.203841546007,-336.1601226960968,-11.413221240471216,237.89701736889552,45.56070349557272,218.8240945091059,0.0
969,43.93941953383156,225.89757834362638,-141.86001862053678,207.96615197542985,-3.4365164165650803,249.3702816679442,29.70725726346629,186.60952419238748,0.0
970,167.54639845216482,-267.4222290665761,62.51938787400242,-73.16213973125785,0.800849402689328,242.91365345945297,28.80400768219414,186.9905088064742,0.0
971,44.77885647798565,284.6696232713284,-116.65809271317498,167.48292219259312,-7.740765209951146,249.61999882652643,32.81724730120811,194.1911757455387,0.0
972,233.5341086161265,-84.86845074685418,-177.5001495217582,85.03019921191962,9.799595056048219,241.66234307062336,22.890799892664226,168.61028705742768,0.0
973,-220.55669649253025,-271.77597229935293,-277.3151884449568,-244.90187484678185,-3.499511264435178,234.47575221854663,33.19240261888081,207.3012627883728,0.0
974,292.94644580689305,-660.0038681236022,-342.1731891283587,261.6607388411124,7.0504862188629875,246.7514222869554,27.5932559659202,182.1235253905109,0.0
975,9.185900289746574,91.84661230844169,-211.1827284674452,262.9208369917727,-4.281456407617778,247.4223523250943,33.69381589152209,190.3694832080366,0.0
976,569.839533132283,-198.03132952721637,272.9019814364931,-315.84068422836197,-13.816234631740016,261.62492528078064,35.15483679546737,210.752454711311,0.0
977,281.6706225025955,-27.213913768467602,-470.12644133368616,-1.7860354445020432,-1.8871646061841805,249.03484839763053,24.30635133029762,187.17152948117567,0.0
978,297.53425850020886,-573.4180327251494,103.26312703273435,-276.98478782943397,9.625760864527539,240.24012094330496,26.33277169969626,177.64586178405762,0.0
979,345.09593165467544,-56.83492168582627,-120.81509921747013,-96.23924145926972,-4.5357914688740575,250.8905708603702,26.757310407066797,194.90231255111394,0.0
980,545.8661217817997,-197.9266333040423,100.59112253259018,-168.1788018210767,-20.242250202915322,251.06342673991503,45.60572445171945,219.25011510476446,0.0
981,-276.7947616050018,21.786649314180973,-305.1518280080538,-218.9860793520585,-10.99456341402158,246.99337385495824,35.69372039283491,201.34316064012424,0.0
982,-159.2668819943642,9.252800259049444,147.07400397045654,-287.22395141401046,2.876148073378739,251.1182992636578,29.273205295321432,177.3957245015439,0.0
983,-41.75232681629706,64.99733412087352,-112.52912780522617,95.79246418111346,12.500420586633554,230.5806666812483,28.119836245733673,167.26708085642764,0.0
984,-210.21939986816255,-254.9001171052466,-420.9897356440626,336.1497023986022,5.64930162446028,244.89527804687495,31.58364700918971,183.08743365535642,0.0
985,310.78533300624997,-128.77017568541498,-152.2018505955638,-97.09118324875169,-20.0170062495503,254.02150599737837,42.57793681665904,213.38422336890326,0.0
986,328.4494894023227,-291.2826506633967,-289.73506680857093,-160.58391376487384,-4.092316702966152,239.51287270656343,34.1449773899832,191.7292754880161,0.0
987,77.90506863455862,-479.85138355100787,-458.48918159406213,482.36854749919524,-1.1997740829070809,244.10301885281592,30.296483813439895,191.4462935044113,0.0
988,-325.29714257422813,182.06138952333953,131.89275336017693,446.0163714573593,7.20250733086065,234.37522733892698,28.117974101867276,184.77002886133002,0.0
989,383.2350910053816,-120.38727525523609,62.26487936864218,23.159126710068477,9.325221277664628,232.2724902034777,29.048609636479558,185.36536522264998,0.0
990,468.7427825684585,-491.72735148559383,-232.4294744630783,-138.5799196930355,1.730109328368577,246.61874917732712,29.61049170938582,183.84508665892298,0.0
991,176.9663142223653,-139.48556631830684,-302.6559854186135,250.56790209209484,3.219513718091637,233.90371127461802,28.195138082222044,199.60701109903422,0.0
992,755.0464433101231,-381.1354150050998,145.7614994124877,-67.32806854069437,-5.221993160469374,248.84744701673057,35.94590860207321,194.1847804970214,0.0
993,26.02177868994704,210.82044225614754,-568.8853789627997,-8.685321881868436,-16.255151604206752,248.93445349608436,40.09492638364196,218.5903751887578,0.0
994,-212.58519859544447,22.580215189244555,-273.58064605845163,213.0688774438271,-5.980225424917639,246.88317455986365,35.046356702829215,193.68550085864877,0.0
995,41.72745906294026,-457.99729293652456,-231.70732252366494,183.85817202269158,-13.107556435032313,247.7029094758055,38.62161623496765,211.83424868929905,0.0
996,189.4166391461634,-109.92460071137114,-607.8679926981276,-69.37542569736475,4.150572853648114,236.9666183535307,28.596070369125435,180.17242313652648,0.0
997,349.56483142775056,-114.78105662489737,-281.46955487427505,336.7987256730774,-10.910199463998167,246.83394702651967,43.37764436513742,207.37663312260497,0.0
998,-379.90172311435225,45.6352836330431,74.021087269443,100.4915439223542,-2.0751070395076363,238.49560742111723,37.006920129803774,199.39283482776113,0.0
999,142.6159206796648,-51.07428708338344,-184.30550870531252,270.4001577984209,-3.3790039233938134,245.12080506657384,27.900556813832715,197.89896243824626,0.0
1000,23.797115963948734,102.95331439856459,-517.2737674211625,-38.61115314121688,-7.80289144677146,239.33127662242742,37.144191993802565,205.0549274891844,0.0
1001,-319.3981165924306,187.48735826242853,-769.0902982944685,725.9858223350784,-11.12212624333926,252.01512150084167,34.745231951159575,200.26455365362983,0.0
1002,273.94447830195674,-330.7739800611957,-161.21095411770617,131.84944523050928,-2.6401829827789483,254.75957569436667,25.118258792117594,185.14066844430457,0.0
1003,234.12328860637882,-266.21052006444626,87.11686489269827,-41.848670225756024,9.020583939334118,237.19995557491362,25.53747904079551,177.30922017341155,0.0
1004,175.38417946949107,116.87894268759305,-334.5969964163052,-76.63199482706517,-10.62552783235097,249.08341809929703,38.964894764672195,197.63703596467676,0.0
1005,-127.02066888670257,219.68110644289914,36.00891813204641,-165.96956781269526,-2.4318656170333175,235.46500462032313,33.36868762844783,198.1825419598252,0.0
1006,567.5033388908661,-8.712020982506786,148.29153310759335,-50.0148650045418,14.140372279342726,236.07775137378803,19.635133844323743,171.5059743638078,0.0
1007,183.0251484847772,-266.3330241038514,-38.782217357152284,-237.43064905452388,0.853403769237234,245.54626372712775,31.056394436161884,187.44049330269794,0.0
1008,-261.55377560067774,12.928558048721218,-220.66636360735288,-220.23658585366803,6.686717216479603,241.71837610851685,30.00849552678074,178.55807838126856,0.0
1009,115.51955642788229,31.153271473783217,-452.2597192253157,-74.49903276652955,-7.100823144236057,242.78391217972492,36.308944088588916,196.72032078021766,0.0
1010,302.70370904314154,-173.33873403159546,155.01207526655426,-3.13795511588979,-6.4906136590849295,247.94908388898872,36.80689568311694,196.99294319833982,0.0
1011,27.08348585714799,37.92508554344596,-426.26148056918043,-89.57063388813644,4.131131568050476,238.1032844144341,32.344483179378365,190.44403932994786,0.0
1012,-279.0727791184741,-136.66655983646544,-277.76425555118783,-213.9346716937927,-0.2114445353298412,246.90758214497754,34.269890964454056,192.4551252628791,0.0
1013,451.26629877718364,-493.4878046297421,-297.46047819885433,-125.0480610448793,-6.035044877996363,251.30166696174777,25.2916611567516,193.0029003049517,0.0
1014,380.31712399797533,-357.4157506340092,-365.2773090743193,253.31494603577215,10.163280379704451,237.52994530974647,28.165728276808665,175.46888859185862,0.0
1015,-92.61741757430637,388.2680658130297,-516.4296201236118,-31.960629684449614,-0.31346823747627095,234.5186871649968,36.646506814603384,199.35896785290885,0.0
1016,160.48328362482113,-315.6920820637693,58.58021632042983,-69.2239580929518,-12.45285901895213,253.66706724168102,33.48884502158751,203.76322189660715,0.0
1017,-54.84622550701324,206.3083612030391,42.24743301495862,26.454341244688884,15.003397879444783,239.7492995581353,24.3358421124907,178.5479099226365,0.0
1018,658.4387792043541,-455.31285993915196,-481.7885830007474,-19.53943127624891,-1.906152820572741,249.30076785990826,29.636162780802017,189.3449327497971,0.0
1019,327.0161494975851,-135.50736821837373,-184.3746262564936,157.99060782077038,-9.78090357502815,253.11146496494374,35.721926233780536,204.1489535059324,0.0
1020,269.91500088511174,-168.85093944988984,87.9618484036893,-23.55927355791887,-0.15300174378508125,239.05923899291597,33.593862860131665,177.79205742723906,0.0
1021,148.33183821960537,-135.11937955845517,-403.7387743516883,350.1400704437319,6.52379411014754,238.1362823392939,30.402589989773848,182.9588118008581,0.0
1022,-152.25044136686822,-16.91682618323003,34.30576796737634,40.52712934361242,0.7467887364304762,243.81014929751785,34.573520556507745,196.1543752851392,0.0
1023,-19.59233454059943,42.59188286697908,-413.77809298358414,435.4820009478172,0.9862805705430251,242.01902316680017,29.185254306313375,178.6265573829501,0.0
1024,80.83184501514839,78.65768014650168,-267.6034160277365,244.37131227534272,-2.6127264333335365,237.14411970971096,35.32973185471397,198.49119866426838,0.0
1025,179.8970122699217,-82.11319556165212,-67.7135985759597,-22.713713430774398,-2.806240819471822,244.53350522180483,31.376008212551987,196.79248946442416,0.0
1026,221.72848947115335,-232.75738538684686,-127.93295031389526,-148.50445665723782,-12.383377622083335,251.61875555315044,36.10041034528263,207.70629772744454,0.0
1027,430.3155317396996,10.733150358948063,-86.54712272204704,135.43967897570616,-15.993351326965556,250.96470114562769,37.119310937597845,210.3832469769505,0.0
1028,229.92455240061048,-626.9121456433942,-340.6647950187973,-230.3426002953544,-1.233428435604612,249.69960671832874,28.312785933133803,183.35956219321173,0.0
1029,-156.63128211348138,-382.05255221222865,-274.31330952400714,175.03780831536585,3.443559983972907,248.97824209967806,31.610225924397163,185.45570477126083,0.0
1030,680.1271196977707,-239.67014466108566,16.299476681749447,-20.582780148116253,-3.262928505799663,240.22148334307138,39.17561797571712,199.53522097927615,0.0
1031,75.69074940738136,-810.5773051069384,-220.74932062930105,163.957327103939,-3.5165379696103316,251.48594017570494,33.69452237757497,194.85650754681356,0.0
1032,426.5935996377543,76.03983242318316,-275.0898535925875,206.23495119047797,7.760340090510031,241.63380475536272,28.36560824185967,176.3823793060979,0.0
1033,406.42466951185037,-255.42821558712734,-462.3355543702778,472.03952352688026,-6.949714866486312,247.92981237166114,38.897361559446004,207.32340598983237,0.0
1034,-401.91268877499516,-83.34669834492331,-42.304305164489556,-346.09939490858824,-9.282842785240751,247.26949602569516,34.49939458827677,207.3720780525215,0.0
1035,299.11849190342,100.7554189070397,-244.47454436631756,-70.4998514540559,-3.522961703389365,237.9274243002429,35.582272778063206,206.05739316070336,0.0
1036,173.00253196620938,-366.3696924272166,55.4108810427075,-254.95758111916004,-12.193900852942853,249.50854136731823,37.848594854419204,200.52758029739041,0.0
1037,-98.50835339050126,-75.13500866925482,-148.7209960394013,-207.5149443763198,5.782850855300307,239.07940363189275,30.153952991993705,177.49548482521976,0.0
1038,-13.230310380380605,-311.6559646980695,-48.158042450336815,-274.3380161922979,7.4349813341202875,236.4244108123027,34.29272248021947,192.12515762193496,0.0
1039,71.3775866291173,-338.7082840574301,40.74437258415537,-306.00325344402285,-4.3499339912804444,252.7406388342148,33.212580877396846,188.39589988920724,0.0
1040,103.74734382558759,-108.56941429116702,45.90629837233728,-190.56358084296946,-7.238427241113662,237.22056291905562,37.381911320754114,195.3689188965309,0.0
1041,153.9577771053937,29.524296853235544,89.67337577458676,-208.9383026773249,-5.6016696303349,241.68492105222737,37.23903019505572,205.58387928565122,0.0
1042,194.58532234868017,-231.06991341329984,-60.71056910031325,95.84555182293629,-7.096186526741257,241.26811907286896,39.10753139550407,200.90409495458502,0.0
1043,416.72969324084744,-230.36319015277655,161.7044112013868,-69.07684971475044,7.985362145014104,232.81390321525868,29.852948308786402,174.8084029246634,0.0
1044,493.36790031619097,-322.8310488296513,-487.2370710178922,-41.786057975871586,2.083007941977378,238.89909590062052,33.10994217028465,195.21584664716528,0.0
1045,-34.10359833106453,-39.327339807357205,57.89100772455509,-19.932084631204393,13.412315588355892,235.72165599985806,20.7232051954944,186.25187935179005,0.0
1046,-34.000965574052586,-131.41922951559624,-347.7113794858623,-157.8021381896282,-5.001796359521776,243.2086142058387,36.41440784254051,205.0567448748834,0.0
1047,97.15259032411228,-192.10764525127982,-481.98937929302,500.5531697008291,4.668503787971731,230.5675181141212,36.820033001348904,199.54352660304562,0.0
1048,41.111925646819316,-395.9970954026181,-270.0519550962588,-281.4729123416546,-3.817329066757985,250.2428521564746,42.50635303806969,190.27820281397175,0.0
1049,-216.8179074257095,-117.85382553424779,-35.8469661289248,116.6663801901644,-15.01122025414156,250.39698236088066,41.79433290096343,214.4858768607158,0.0
1050,-155.22926539495927,-552.8276511034527,-134.757496476519,-306.457809515239,-16.657494456051232,254.11202927862772,36.11917397973232,206.5152819254727,0.0
1051,272.49164039850797,-65.55576957027291,-125.67069970963907,-83.96577129830912,4.93681029226508,243.03611083511606,25.340782444236126,172.07629947959646,0.0
1052,-38.2131785582481,109.04489138520708,-232.783078818188,-161.7954357425581,-4.482345624041551,249.58378512525897,28.053862167442,190.47015346129282,0.0
1053,-454.9241412715558,-130.2480779739406,-638.905198124209,635.1983275437767,6.1412208889687925,245.5893116578435,25.154018182486823,189.1851064675576,0.0
1054,508.3889303119653,-477.2755496946058,-72.88236635237934,-175.39355479722124,-9.654070691044739,259.3233936518931,30.301392689248825,191.19830546358452,0.0
1055,-103.90738417311658,-154.29686861159993,-161.01642304583055,201.1465090509148,0.786638623617175,238.89628945663586,26.549884627344184,189.83847289414516,0.0
1056,539.0697823142433,-282.5690104511794,-469.361941055157,49.00523056461861,7.536907946046712,242.69882601745633,23.524544469499833,178.29082420754924,0.0
1057,63.587556306221146,-221.417741762044,101.19604124545423,-273.4595336403939,-13.636858766484563,250.49783449025827,35.81441983378345,213.49337914461228,0.0
1058,390.8947358387424,-514.5351337507126,-142.39631402369162,-155.56952708148106,0.25262172397608107,237.9808167025445,36.332634976660344,189.20241874995074,0.0
1059,298.1326554880439,-34.28729503372827,-236.8981976386983,-81.70494443928393,1.4159460563797568,246.16581805619973,30.898017271176272,182.17382176496938,0.0
1060,146.89022135945825,-56.521629714521524,240.23701328393767,-205.37302721689375,-4.738927536389066,252.97974944340672,33.46740690636677,186.43561538591067,0.0
1061,169.41159983146918,-66.45620612572304,-420.2454050716237,421.1289758181413,3.0851527620142747,232.31614833977238,32.80063443548176,187.02699181968953,0.0
1062,-140.2779718754842,-52.28656768098947,-293.67879604760986,224.40115462696878,6.957085660577048,248.79924687033392,24.323836635760486,177.44804418548495,0.0
1063,155.0716139611034,269.88121814288183,-461.96467332011304,504.7485815732532,-2.0727597009864747,244.6635273873942,37.144148796002376,195.00431300835817,0.0
1064,-129.38461661123202,-79.40239043147685,-224.4404225860294,222.2211004529631,9.278067292881179,242.53850518502958,24.39544941970366,177.9781596932276,0.0
1065,-92.34589497951818,114.40915121698603,-183.90892877776233,216.14162300356804,-6.110306821657704,248.8797433241434,31.545849706632566,200.67973128492198,0.0
1066,172.40473839680874,-202.43855173823798,-163.68542472513712,-142.38018723698295,-5.25258048417889,249.48851694473134,34.18377073168839,186.03375914480665,0.0
1067,102.6066120841365,-284.97526779627236,59.98838003367344,-246.60226548661538,1.3971723771927604,237.9714481426312,31.701481248302528,200.90386516446478,0.0
1068,-595.9616149082437,-53.61385685963456,4.938305276627442,-413.9596761046832,5.0214059031209946,249.8627198277301,28.570998716651726,176.95736622301519,0.0
1069,177.13650957569635,-671.7576366436734,-32.586528933396174,-329.4952517154978,3.394520451009292,236.24854602423343,33.56002413161981,191.14366491050845,0.0
1070,-573.0504033409245,96.50064046628853,-321.8647581933297,-298.7630263582121,-6.9887707891836435,245.33572754026855,33.66242653896278,198.1143634575996,0.0
1071,-142.3270328165875,-287.1474226923834,-467.72478752814266,414.90444236975856,-10.017443987696138,248.04939894815075,39.576879357887265,197.90684763492354,0.0
1072,76.18546677040153,-105.9526323438941,-32.18985810537798,-158.13253642899022,-1.4999408094640798,247.09916963429743,35.22479294557282,195.98323754722014,0.0
1073,-156.40181253323595,280.3799407855709,-267.9959909569008,345.4382502579545,-1.0318505052871612,242.44680189107618,34.145105550031644,201.36531201238483,0.0
1074,273.184210612622,-105.34794451202654,-246.33075755287658,281.7707698996616,-9.147221025654241,242.94054857614043,37.65135843530718,197.45845693577564,0.0
1075,-42.70972710844916,-108.33727955400735,-404.7623748693999,401.5719546809008,-11.763407350508404,255.14566571105988,42.94090225867093,205.4589841524817,0.0
1076,-427.65771895006424,162.34943775132928,-370.31865183395337,410.41997191777193,2.6197478232616986,242.4485895186681,33.479821753124405,198.21806932401492,0.0
1077,348.101302071904,-434.5904707905018,44.10748026454945,-216.5217535332048,9.194403645055438,246.27022825663914,28.595503040711343,168.7795162316233,0.0
1078,-346.9209336324234,-218.27302031045966,-28.864477150767765,-339.94947435077717,6.479390546595305,243.75900575117063,28.694856246922253,175.0859039583861,0.0
1079,-186.06192665669948,-110.15102806116272,-236.99720592016203,-214.7111975763467,-5.363489810798628,246.97302861429057,36.645470125879044,197.6370062268424,0.0
1080,-52.2921786002172,-508.02003434499454,-223.50286241182832,307.9631659622042,-4.046520234578635,245.74300046630916,31.25888505913673,194.40099646678775,0.0
1081,600.1303826855733,-313.00419103918915,-9.654413099853464,-135.98584130911888,-3.140255199237933,246.73353400290858,33.86171397714393,185.1126743286681,0.0
1082,-117.34822515996339,4.53551328020898,-285.2652773968114,-146.78841357957512,0.6723032692789763,241.28823764061138,34.66092454404145,186.90538185034637,0.0
1083,33.82955685909852,31.660211448578977,-268.9916302594273,-149.24307700871452,-2.4672642845243646,254.09034708406162,29.690307987738557,183.48182401265734,0.0
1084,154.13214803554604,229.00029176102242,-286.1670635755209,1.1303384471145872,-1.218900688058583,254.41737871971944,25.572261219813278,181.4505615494585,0.0
1085,566.0060609806964,-383.55440873224484,-316.6162846814443,-79.64062069316498,3.7406301515987055,242.55908323425354,21.80864489390084,181.2593568817922,0.0
1086,565.5097234268304,-334.88334618376865,-112.5999235898489,-78.94280134491068,-3.5308483342239185,246.24911365404662,36.74199964601012,203.18264718132988,0.0
1087,201.9895542098322,57.16618920724406,-137.9097555937581,186.3554897595536,4.722775964986738,241.69587604438314,24.859790267981488,184.4460981173541,0.0
1088,-10.406719276561848,-104.92605989535629,-365.16737471024277,271.3833340178901,5.798080069953486,244.5531342294931,27.185932320814274,176.68557310367726,0.0
1089,80.46751347433721,228.59368833651686,-566.3825792483884,10.74752430511181,-7.703722247311179,243.4893115486808,37.91526361463035,195.1449438346849,0.0
1090,-345.4280790544144,-85.35642082226389,-284.5936461262482,-266.43178427126645,6.499270574301119,229.86867631877905,29.777135127474754,190.5694831646855,0.0
1091,83.01463516833226,66.87120901178262,208.0847352254378,-239.6392865961265,9.896343536427564,242.65644174478962,23.31486069952824,172.5662005186712,0.0
1092,-158.58974548242796,-89.1287315557666,-86.11092976958862,-252.223950704653,3.3172825584692722,246.69780937954593,32.04593499188745,191.6470511267541,0.0
1093,125.21782867461224,-132.38483073666941,-306.6869834610931,383.8035819334496,13.61989793201662,250.59854324495092,21.45938235394174,164.95369625725854,0.0
1094,260.62754208611545,150.15374423276856,-15.818562713347717,80.33770350651636,-4.228204242962482,234.601494879705,31.272350134014243,208.75043164668756,0.0
1095,47.71299438123153,-311.38958688599666,-361.9829554597151,302.9696090027262,9.90178141255267,236.98831144338902,28.985184541039885,174.95018961065483,0.0
1096,92.78082108647878,-160.83742923422287,-366.3225125481075,-153.1691798709132,-3.6709611557626736,249.55899537935423,30.472955623662365,190.16611136863594,0.0
1097,-63.59709465453989,7.905031043679411,-49.06226523816173,-216.63548488426656,5.766587635973044,236.16477156441204,24.93912357983197,168.740567496075,0.0
1098,66.77625212926756,-48.66310259497635,-108.43805517444531,80.63013016279993,9.381665095080415,236.3936951577838,25.816640131472063,169.2594719729056,0.0
1099,414.6916060255538,-216.55207140159573,136.43800841634248,-163.08618709146344,4.392116364787943,232.81172617231834,31.63348052852293,183.21547755212586,0.0
1100,195.92661809416924,-5.549517184800412,-152.4948963141862,-140.09829846273786,-9.885163532193744,258.65115754121064,36.39001636756083,199.91231975567976,0.0
1101,149.70309766282656,-166.27819037445389,-101.47367067309432,-170.61807400562336,-1.375212307730407,230.4016439512971,41.09584164427489,200.71521226555618,0.0
1102,115.59959820003715,-175.94498146549554,-22.289267132438795,-191.3542047494087,8.344149654546994,245.98127781971658,32.81157510848093,173.85115786438038,0.0
1103,161.28026887144327,-515.3648008774928,337.6331998748077,-270.24961318317315,10.505027051518079,238.95364133797594,22.028149780641353,167.17990743616954,0.0
1104,185.63036219861488,14.94639657194421,-173.22559079946276,171.2614304989895,-8.682537256023855,244.41806634226407,36.65057359081118,199.30920427482772,0.0
1105,480.0328554801341,-338.71288564303285,-416.12422466471514,319.2845326272328,-10.147437264814718,247.68177459701155,37.60604012502459,206.32708011694635,0.0
1106,377.52671408814,-29.051444318238673,-61.67519329986333,107.51969883684596,-7.775709387885485,254.8048670193843,32.734457827267214,196.39493640790602,0.0
1107,-252.62128395616864,-100.15047399849468,13.833276844514808,-339.2156214510285,-8.47845596610534,255.9966336275757,36.66389293399294,202.28381516512744,0.0
1108,400.1037938887963,-780.0287670954563,-313.79948734308573,-201.522207068081,-6.448875670520053,250.7379649537858,33.01300169700064,196.57754875418289,0.0
1109,-249.23615792832484,327.36651999657965,-145.6094674410132,232.93173657494873,5.521000090740396,232.90481846950829,27.97604656455227,185.11144281293568,0.0
1110,-25.266614381597606,-576.3273175772856,-88.025515148149,-307.09553980915354,-7.290939072029864,242.11792752554095,32.10963293044009,201.8318521768388,0.0
1111,162.10462728547026,-274.3973559917107,-346.4848334307094,245.675194963583,6.965468712590745,239.20674333844997,29.998509359476405,187.7474892686052,0.0
1112,288.7917929727414,-92.43504016456448,-257.837214530941,-78.0910844826229,-3.6807699700687007,245.7529432443577,37.05322850178903,201.97678070237396,0.0
1113,91.7339463486539,92.81524771304537,-164.90380553592183,161.05294941414704,-6.038618385169482,246.15432264025006,39.598561373682536,206.25559078221846,0.0
1114,226.7652773001533,-196.86741875203626,-60.56900433257737,-175.98458719244098,-15.949838168747347,245.85742145446613,45.13624848624404,223.05011641721674,0.0
1115,-395.5446364380297,151.96604330896903,-597.9227010345015,517.3079526689123,0.4565183564975748,233.99734337101714,31.75852651982189,187.60340042716757,0.0
1116,530.7714316295728,-373.70663527044746,-101.08743359334271,-134.60794832840816,4.753863677373092,247.67897435566562,26.631601753723984,176.49861687428975,0.0
1117,-99.82257152566665,38.08657299206419,-89.69137135757953,-218.69113177933124,5.626673669215419,241.36708705416726,30.220133043747634,188.59667566910284,0.0
1118,347.33239167631103,-297.03503359150534,-270.711908961648,-74.7041855163165,-7.598068844259242,237.67634426234608,37.06740561699024,208.8437891105766,0.0
1119,134.36297472142897,-289.85974780986965,-41.4394772892317,-217.125916803991,11.053322637685959,234.63471568587153,26.758830540767008,170.5855121044646,0.0
1120,253.49692749842222,-198.1548468528834,-128.93149723220546,-95.34220175936382,3.534847807163544,240.4107878055248,33.88269283062168,189.54569593282008,0.0
1121,-27.033643472762336,39.45355557462336,-200.57999743977248,245.36213907035633,9.371881332921427,237.7632708301214,25.692681551102908,173.36209641710727,0.0
1122,-81.50786130200918,-46.17323274646841,-545.886788286159,449.7026915450187,-8.63047898301637,240.41664458753587,37.80539536467596,210.676564627734,0.0
1123,-27.2317273419741,81.46630904046405,-359.00556557554467,-87.97600606488989,-6.230404871690565,258.3319176254623,28.859488206275454,191.5856556754788,0.0
1124,237.3084942633662,-327.2187348125132,17.564444936639934,-212.5001662251063,-0.9210528619581624,253.18055923689383,28.762180634190692,197.23708157652044,0.0
1125,256.576455046814,-310.63755661993906,-76.3068044874055,-200.456684405379,6.017355594925476,240.14470733058238,26.829201950906633,179.65748682626509,0.0
1126,274.2403729258709,148.10427607953386,-231.08083000077895,-7.8984617641076005,2.489754362214634,239.05555417983365,29.366770658202988,186.07593258218182,0.0
1127,-189.51468538477286,-332.56968716262827,-154.77196532718358,64.4635442547459,-0.8640428922101601,243.75903345910254,28.647404589843635,191.38517166097887,0.0
1128,656.669953112312,28.1649036171546,-186.75793412366184,27.433069284748733,0.7702361166294682,241.76038336573467,33.57808392357906,187.8173099255547,0.0
1129,-57.06759730966948,-413.28438955461894,395.7237180602878,-435.3732610997405,-6.037542050867511,249.09679770532242,33.68563653724227,200.75684820467183,0.0
1130,-20.332697435822023,-288.6248151471964,-321.41505637133037,-189.8326823983995,-7.616415485210041,246.60379422161668,35.30064430996813,193.5820451870355,0.0
1131,-250.03420135224582,-125.971483547163,-180.32688229321607,173.11248896306643,15.210730480708364,230.47761842413274,27.869152087824467,177.8036981835371,0.0
1132,190.23176147593895,-421.42558462886575,-160.65833357441505,110.48677405203979,-12.403729395814578,252.99520608277862,33.855401514711396,199.14740352515898,0.0
1133,69.98923768286713,232.25046647764515,-34.12830912425806,3.714689307326857,9.375212013407241,245.1213040615106,26.911872862701408,173.12765473049808,0.0
1134,125.1422509034704,-308.46387021030574,68.17034197361735,-210.0368656786209,-3.1761846653101458,246.70889420495598,31.929892081571147,197.83140685671293,0.0
1135,207.8317869596644,41.38702327447872,-505.9629728865753,480.2136001816642,-2.5833091120582266,233.75618151077242,35.08035126271293,196.59028269525564,0.0
1136,258.6840137961793,54.95555898410775,-87.38047605522307,-45.91422226613942,-25.170797412534757,257.14649648248246,39.65654582052241,231.01148424262897,0.0
1137,428.75181537496434,-97.61473112523382,-21.20059950757276,55.39824550709198,-4.3369091146206955,240.15065358074924,37.80504129579589,202.06129431909238,0.0
1138,383.95221510823137,-474.14409814479245,-82.7254543858588,-230.14877160911595,-1.6553691227985787,245.7695135961304,31.154625340191274,188.04785702889234,0.0
1139,336.354998020508,86.47802282598045,-262.24701321712524,307.2811873997323,11.457657190285223,242.9589266736983,26.06734868942739,169.69962773015436,0.0
1140,278.32456729003104,-364.4828373947497,-103.40191609635481,64.33951506465415,0.5886452252457859,243.73094196004087,29.420514799445723,184.2643435870173,0.0
1141,95.10627257879148,-375.3726700128075,-26.945470347201095,58.74330163146897,0.41272373742960045,243.78982865332162,30.57235497114034,190.66518479261325,0.0
1142,191.45114996104272,-295.1811806637521,-383.1618550062478,370.6757780836778,-2.6216528752422232,244.23058235005692,36.0822834313433,199.57878171330648,0.0
1143,260.4585605772656,-52.97025990530282,-191.41228221250424,-100.70924573822096,4.362274674039742,239.62343878191032,30.19908880022147,188.17983317949975,0.0
1144,78.64783994609162,-205.623400664942,64.30958807789628,-5.881146390877534,5.365675956241322,253.75335915764586,24.779941111526632,187.81431401136024,0.0
1145,-57.00202911838228,-104.98248915833956,41.51399418466952,-236.29108347364624,0.3853726522003793,227.51376794879093,34.97487079019569,191.45135759706068,0.0
1146,567.2325029880452,-649.9432555545478,-103.51905282161562,17.146076706655045,5.095707455326492,242.45603362757296,30.46506153047683,176.04908991991823,0.0
1147,132.90274569142778,-171.10825995387583,-116.75979861233094,79.18022799553542,-13.054006716479144,244.0926474451281,41.785227277787634,214.208655858143,0.0
1148,-220.6919200536762,163.16104107082677,-142.56455428845908,-227.84098096581147,-5.918368196923059,241.5677896009032,30.5735670698163,199.90734571402214,0.0
1149,80.73959785187193,-201.28669058550398,-274.78098032385,-182.79167696642543,-1.6131453854251272,247.1700450374703,29.88695687288998,184.59679382012402,0.0
1150,418.33021819922374,-86.02314367495568,-327.6959360524321,-45.79144186851543,3.5279799531992495,243.67619351806363,33.96769127904219,183.20991393373444,0.0
1151,66.91081148138915,126.65663138040398,-214.02922731700534,298.67359460483345,-11.982970292758045,251.64024581864746,37.24177371396479,204.44387583956978,0.0
1152,94.78062414500911,-391.1108755379488,76.62012188728187,-66.79935737396634,2.0609847741119247,247.78667352243704,25.65996406595812,189.29933331948357,0.0
1153,169.06273945124258,-250.51893939929894,-540.7703582397094,493.07357907367,-15.9867201005077,245.27152541678248,43.46878407544222,210.1303229658722,0.0
1154,361.369747416912,-102.46655357638139,-228.51888378833544,-98.40774650560222,-4.580085566872279,241.7940931384455,33.13322016183133,193.84665502655304,0.0
1155,587.3134313819432,-257.3079854604685,27.965724765847355,42.037273853008195,-10.04565681205757,254.94850142964893,33.069091648551556,192.28439294208343,0.0
1156,37.99039806904898,-470.0961131389353,-262.14407165152176,176.8287457635759,-11.843593689608163,257.82054579019325,35.25722728213065,204.82329798027348,0.0
1157,144.6893142042615,305.5682894581298,-130.74850097411036,195.0135152296279,-9.990329950413413,249.7584201093086,34.59462311214231,205.48938002455236,0.0
1158,-113.12519488082219,128.57567932660993,-96.29066034780185,161.1402043535969,0.35367886299289775,248.4509442603267,26.41716060549637,178.05632428942073,0.0
1159,295.74566357036554,-384.32974276879617,-65.14886204466734,-194.04915133864534,19.517530550495493,232.87147727000516,17.190801879093826,159.158509418588,0.0
1160,178.72158283009512,-567.3167100075785,-118.87063801725955,-253.61792645193165,-6.467383912494746,245.87463322053134,34.31644259860528,205.46271786771518,0.0
1161,137.80742089216207,57.87108181897214,205.87963517865578,-167.91009658303972,-19.85428047291799,258.04765034583403,39.62665529502175,223.803592519318,0.0
1162,-56.303693903361385,-71.04992056236192,-111.86257574849266,76.39333603776618,-1.0114769961354937,244.42562265292125,31.91644311011551,184.63835629662734,0.0
1163,-156.91903208271444,-66.45704803925796,-102.58592084050555,-216.46286144194153,16.275155519591415,242.73970242902442,19.11521665925831,167.43485249929867,0.0
1164,272.5973122046169,-163.31487416466248,-284.2228872051619,-74.86821463115454,-1.6364880983834884,241.40310421985845,33.575616639189015,188.40358200160927,0.0
1165,484.6885397748088,-296.13172456381704,-70.9707273393641,37.5943549225026,-6.343206612570071,248.9853331528823,33.02989035659467,194.40464948848975,0.0
1166,331.51028791938506,-20.882643772575605,-97.17671466128688,-118.77141116919279,2.463319094922081,248.48684558945268,24.491694876029147,170.13906420007388,0.0
1167,33.37677844370519,-90.8168860807967,-196.68678265988063,-171.1692606946288,-7.482047144172797,236.10172925063225,42.12365413929505,204.09324487250186,0.0
1168,-590.3063935029909,-135.23462931879976,-257.2613796563157,-367.9270542042357,8.412055192046482,231.71446629401404,34.332416307058075,181.59399989505533,0.0
1169,359.49385889082015,-124.2841750526525,22.170215786696133,-105.41509291897646,2.9362909706188245,246.94552763130574,29.022215165577435,172.9562067601843,0.0
1170,160.46162239230492,147.31156343441737,42.785207844646145,-102.22309294321126,-3.4620474512220927,239.07815219489902,35.00083315846262,199.28864497657668,0.0
1171,-61.87579627066042,75.87407213303048,-67.05278960056502,-177.64181889216084,-0.20140080821722062,247.8196491697773,36.296548180552406,198.25089650101373,0.0
1172,-428.7538166124742,291.4998646837976,-282.2906382434247,278.9390823421238,7.002609103782202,241.08376855456842,23.062996785295393,177.72450117021293,0.0
1173,68.73687552715715,-311.1939133737271,-433.9151552134691,423.0648482869161,6.0739755596367,240.1339285516311,32.92749996577899,189.92682682346646,0.0
1174,359.68739944241355,-119.13396207786295,-46.36067416845657,102.70509033345698,10.955013303776179,246.11253759938037,20.109987778556615,162.62231584045867,0.0
1175,-129.13964620264392,-259.7953242054525,-504.2198208462965,438.4165893472502,4.371506153580235,248.57990695130587,26.863799737076775,177.85668365153742,0.0
1176,158.95362349761263,-423.01499214133196,-222.0469492330456,262.4550299747939,3.0024029204812956,236.42639097466997,34.21705979382861,188.85653438442327,0.0
1177,-19.420234472043308,-246.67426469216994,-120.10069432374593,121.87070180910095,17.96674859655826,233.36953521012728,21.661499403031176,167.80703941073847,0.0
1178,251.75103893674415,169.6678144652861,-144.14911030874717,-60.479279731758325,-9.33162573593447,246.164705847467,33.42390746151844,205.25234903259883,0.0
1179,162.5706140848392,-241.48575286306757,-1.8720384293138714,-23.181722289006878,-1.0889957641829404,245.423561946416,31.726500760263093,194.20021306268336,0.0
1180,385.9930713566403,147.96895173430232,-446.2472257079023,461.116563210844,5.49006344932028,235.57312904688166,29.21210117367177,175.84901045594322,0.0
1181,244.12077554572528,134.72850641996277,-521.6397664550913,42.74643696291513,-6.141241899753741,240.01360149598156,36.99357419715672,203.1161076797776,0.0
1182,75.91664021888586,-187.35044502893703,-181.85021537932678,122.56873106231963,-1.3143188228428224,251.3065854406504,29.739292347802564,187.66745384302513,0.0
1183,121.98731271101111,234.08425876562262,-463.91952600053196,491.7613050023457,-13.000960644874368,252.71448408816426,37.307867035855864,211.60495788803217,0.0
1184,-7.379198451957292,-128.5386322764736,-261.58350561987936,225.24492245348551,7.805985644270111,233.83498963366748,31.823270312567765,187.28101488704522,0.0
1185,167.58553175517176,-254.45427310144345,-532.9410728798729,425.0348712689588,-4.798646004825228,245.57478351073135,32.3521822237327,195.08740833583542,0.0
1186,158.62962743858552,-55.952463988949816,-193.7826037909383,267.2685480023082,-11.437210257374295,257.353180840246,40.70017977815466,196.45785905602017,0.0
1187,636.5886377038141,220.6171645853882,-38.80832345253005,106.55534401136775,1.9430343010544324,246.40682422909288,30.55109828668043,184.40409605140806,0.0
1188,180.91106235126205,-54.000527674117805,-136.765216537976,-136.69542330474547,3.348791047021483,240.10029600496682,27.386762676402398,193.55488534273522,0.0
1189,369.8324564724075,-428.0087162899208,-92.36968782610113,28.838682017712824,-16.251007358636045,255.1522654546893,37.30877749035322,214.3534454270172,0.0
1190,486.37490901361457,-175.271659157712,-42.58696688507471,6.360280712480582,-10.553193641617629,256.3492657199944,30.49953610106801,205.88650277019633,0.0
1191,585.2776662453177,-46.631682031679176,532.5947793497569,-410.2092821703266,-6.976015599726541,250.46418525713696,33.83774958382816,197.9276346654703,0.0
1192,573.4171663690906,3.9160256780204294,-124.41875610110411,9.533204767537494,-7.833688482238491,247.93273393311674,32.121387168027326,200.1616466967831,0.0
1193,495.65170843308175,-454.5763710393992,-134.71509344728307,-127.49377623263125,2.0712827772467386,241.67864149793584,28.366327235786606,189.25686873119463,0.0
1194,182.92557659778427,-126.67692757732898,-262.9254749776447,-72.67384127906737,-2.4901451277311453,239.67622805366375,35.036035494868564,203.0240218651417,0.0
1195,-17.024725627614256,-287.73588408270604,-274.6213436591342,178.12286892478932,0.904004399053671,245.0218703442693,37.86450868132153,192.04357613126413,0.0
1196,-279.0297087161729,-225.59178464890343,-143.46547738637744,-309.9332005974934,3.443690788128734,242.84790716123956,29.931398664762398,178.31157233555626,0.0
1197,329.0660917662325,-315.35913686217276,142.1366791788045,-222.10086488412588,9.063753837341302,240.045431156183,32.33083695893259,183.99804163888302,0.0
1198,169.13463752469517,-350.0818198558126,-179.9949244624494,-217.24038546206046,2.4857546962884114,240.17711009364902,35.82383450207356,185.89768695919966,0.0
1199,60.36213223522541,-49.13225380769948,-287.60998046705356,-149.99375704190157,-1.5405634901787912,250.12071393063718,31.40731132220384,200.03483992934903,0.0
1200,237.89206127310035,-125.84403914725384,69.9282804629092,45.96521917431944,4.643021333411791,241.7629225809906,30.20970818755034,184.46087150287906,0.0
1201,178.12219474378753,89.75633951194143,-247.3460997583496,276.86332365170784,-3.249725417773482,240.0854926252688,30.556284632877475,188.92296878368637,0.0
1202,198.5404767576415,-268.4641374644292,-271.02964858730417,-182.0697692876519,-3.2521351038957365,242.6491709262318,34.513929412085375,190.84224157696053,0.0
1203,-14.706197315426817,31.11408762143344,-324.8564716105795,253.87027268983772,-5.195083086427115,239.43066912493217,33.85677327373668,200.30065064590022,0.0
1204,290.7396448991084,-456.3486966738051,-33.57151425757283,-229.32550034925336,4.320004644046626,234.60445782813966,30.62116647582894,188.32826295865598,0.0
1205,374.7553914434528,-388.12741233379654,107.71956351582487,-69.97011602634431,8.88061565711116,240.36473400748335,27.64284003674522,175.81431312686874,0.0
1206,502.84600599498594,-307.0562682680813,-106.35545475079304,-95.38870536604232,11.427844240906673,233.4162718057242,24.319984184247883,172.06277048693832,0.0
1207,28.79830367582825,173.85353405021974,-200.1831315535357,259.3380102909901,7.66721597368624,244.52863391910998,27.12095058090514,177.89982266828008,0.0
1208,188.48801770099624,-147.03126225912854,-212.0547976689059,-139.52526662304277,-6.824516633380565,237.6609095955812,38.39904469247068,201.82935027830382,0.0
1209,274.50799568268405,-154.66825902598865,-180.02682471072734,-117.88960856558717,-11.875077056119652,242.70171826675193,39.81649622588252,213.45133281855988,0.0
1210,183.06554867574573,-391.0481033344849,11.974576887496259,-258.33158513663676,1.5620025007874516,243.60143187506162,31.327983172851724,190.3629087204734,0.0
1211,83.42936098329223,204.73350407330625,-104.86264846952405,-102.88441288022136,-6.56416397808072,247.26217292813175,33.42261101386202,205.42227247910404,0.0
1212,-277.36779292084645,-98.73173471776452,-173.0555367348079,-281.2575764959388,3.150440978065858,237.20980719590503,34.83493986454561,184.2388432350857,0.0
1213,89.30354962327766,-306.5641316549078,-437.3581009915174,420.25838481017826,9.784327004462263,247.53105582021877,24.33910305051089,169.11127712255515,0.0
1214,-113.84169420499597,-73.46574633136328,-81.26778022638248,43.13348124343259,-0.13189566108336093,231.6271073223353,36.899275201603196,189.90547280247424,0.0
1215,286.38145951640365,-379.4504539789075,-109.25214032405091,-154.56635187590956,1.3610994491322366,244.0085414965524,27.828797727949684,188.76871608460175,0.0
1216,27.667113338825743,131.822690478087,-306.1740770639974,294.4266723352312,-10.127853648114124,236.1118812962852,37.79543801892913,204.5736520413559,0.0
1217,413.3244260542897,-146.65812813110415,-198.6325922853076,181.56052022846507,7.549972369183578,240.88337071951773,30.396246384988093,186.67000170947506,0.0
1218,345.6802913442417,19.86608065231652,-127.00741087049343,-62.16772853120903,5.325905442504353,236.77608725624225,32.79717809681617,176.68347965652322,0.0
1219,-262.1153286997748,-18.959630940279414,-677.5341648381325,651.7957482349775,1.3815631999304916,246.02741929496526,28.52720463410094,186.32197523637248,0.0
1220,63.193993076536955,-385.5149672127403,-252.1017372382909,221.95615009660284,-0.7989393944792739,243.2370156483674,32.641611566284006,198.58997816671632,0.0
1221,-122.17192541677248,-504.8626673516161,181.03776885731818,-405.1201832902952,18.355166929039335,233.3604250343155,21.616736188375732,161.68359622695732,0.0
1222,93.09915096098898,-243.6886341076575,-129.72748616285838,183.25888184957662,-4.215871144567449,241.76986959322358,35.318006183026036,196.7036707672472,0.0
1223,330.09530178008555,-756.8417005656114,307.64914177545955,-414.15348979552743,-0.6033245668385891,248.84886129608472,27.480077096953064,197.17263340274877,0.0
1224,-27.82117586736885,-86.07173829689387,10.875336320588946,-216.99305473980442,8.200684647045568,240.84525237577196,28.818255991227574,180.6163731004249,0.0
1225,236.5152514609945,-295.3502024687727,-396.23116649312766,-124.12198546849909,11.082949297372242,236.36536844000008,25.80289830668256,165.67131872763963,0.0
1226,-133.6956941621507,-259.3423318265613,-640.9033421721981,485.5429028841321,3.2392068956407387,243.48583265438754,27.56572581538395,195.0479219802686,0.0
1227,-68.73419723707306,-279.51936756798466,-129.77626849872482,90.04549073373592,-7.966795174183535,248.59572647722672,34.75263215652514,210.05160604986298,0.0
1228,72.44966985492931,-424.06039133336935,-50.963245768695444,-308.53269177026795,-0.9629392918920368,239.76396775333674,35.39282831308421,191.85342813398896,0.0
1229,55.30268746054012,-269.95142591294086,-418.16523357659037,430.50708000790473,5.301378615207907,243.2653262341559,29.391904312539598,178.58233687553556,0.0
1230,112.01616464264588,-231.7377151312462,-375.7841489941038,-147.3886587667499,10.608668178498139,233.00830306073868,29.41809832313162,180.03831097059012,0.0
1231,-100.663826932223,307.5934856352639,-193.92580067513347,-128.05860896610568,-5.233955900148034,242.19055809606098,35.871896741785314,202.68862646940235,0.0
1232,194.94862056008887,-130.85221699547876,-224.2551548187933,179.64287834363398,-4.445522900453829,247.93628717114055,29.224027824698375,188.75069026837815,0.0
1233,490.43827406345633,39.8967502406014,-38.45274640773005,90.06306384731415,-12.579191294541566,256.4925021468524,33.96716926950645,200.99468598732662,0.0
1234,226.27222995807634,-46.789771965280295,-280.5811007659773,302.49296665798664,-3.5736915362082144,242.08410096275105,34.05222605726459,189.99809204862953,0.0
1235,359.6788059702201,-603.3048975741215,35.25031858152423,-37.21307184704747,-5.897753745367863,252.03496388143407,35.50220576180692,193.01413676361597,0.0
1236,170.79609329082496,-173.5665843759391,-157.42646157139956,121.48506423699419,9.10003975927021,252.95755782801362,22.43446118464349,168.23798956624572,0.0
1237,486.25216688863577,-418.70631518298944,38.712943191696894,-79.64355867697228,-3.3314367205123765,244.82160632580147,30.739549012729682,198.14328146441693,0.0
1238,125.72632617912467,-355.29945657982256,-88.44026806588825,-224.24955925178614,-10.978618239364513,237.54836540549508,43.17966462003067,212.7202809489068,0.0
1239,184.579571720939,-211.19369258362036,-273.358415070438,-130.75300285564836,10.6134327091278,238.36327832546974,25.117242565676094,170.25615111314465,0.0
1240,-13.304778873808765,109.01502779906949,205.31564332107385,-162.6186990870865,-3.1271494711564003,244.2133436961606,37.889434234174665,197.05312935734207,0.0
1241,35.102502067092004,-67.39156944301034,29.485829857601686,-221.03536317290073,20.692678504127493,229.41848868221965,18.25234512901499,165.61149793890036,0.0
1242,-1.8680450480142996,-199.52222133936405,-267.29348777900117,173.63419886896602,8.125947109128527,239.89572663490316,30.990124226040496,177.1932490038169,0.0
1243,411.11401195715695,-152.10203733181208,-128.21375158453736,108.16400065185603,5.594452829766416,239.89312796040747,24.349093223777135,174.62108126881492,0.0
1244,319.78136747635546,-61.873133196916086,-87.82237202861964,85.74123010820485,-6.333338670524847,242.7347245877106,39.3565108098562,206.17460574916709,0.0
1245,480.69507361960444,-406.7026613853615,-300.5221107396733,-48.877172954865,-9.008790485754218,247.60169087216312,37.67643634718756,214.4163585060417,0.0
1246,341.99629516233745,-87.14104473505982,-264.16255404584905,-53.08906328714964,-0.5375063504259501,241.880135190781,30.837857293581866,195.8385846948119,0.0
1247,21.311524931346316,-41.66625504408263,-205.35180202975724,256.9166611013609,1.4535045478620443,245.60521756289202,30.04632622030446,190.5527160663908,0.0
1248,93.95367239433881,180.3899510563435,-531.5262399130946,-0.8987937469210117,-6.960005805383323,244.13389293354922,37.49410174084989,201.61185243966227,0.0
1249,278.28849128712176,3.5085361527665615,-189.63493092354992,239.4715085510728,-11.009851181539066,244.48923232383996,42.465762569782896,200.59057145934383,0.0
1250,559.0073907773236,-370.3075733870733,-58.958420893190635,59.80713655641212,-0.46087157202639584,239.52084441332576,29.523506087843245,190.59553570761912,0.0
1251,75.13890275378749,-263.3036613645855,-302.41739206840606,237.85840603642367,14.419577281544028,235.09638866822345,25.34583754359467,172.267375468384,0.0
1252,42.648887063518416,-240.42017607896167,-253.27978897069633,182.27502537381542,2.2465664131744223,240.61897685006076,25.377814549188162,191.7990303614039,0.0
1253,3.5692450350671256,-353.0389458214902,-647.0006797952358,582.356541085186,-10.346897616319298,243.460666649827,35.7716760212626,207.40739876891368,0.0
1254,404.94468410712494,-323.69526868198,246.5964494104385,-254.63642846643225,0.5418462494073155,241.84991869883066,30.25543957365371,180.35712251780456,0.0
1255,392.9665543834196,-459.13511701081086,-83.44811939689093,-135.0325783823961,-22.08554666723464,255.15028492223774,39.8319843008991,225.81029918013758,0.0
1256,113.56081073435237,-224.4094438760377,-208.9410057182226,-167.73063585085373,2.6240677119374354,247.52592512623755,28.971201201378353,175.4828537316161,0.0
1257,-76.47747294932952,-428.6331349214108,-462.2764542005751,286.6363964362373,-6.890151679757733,240.856637495361,42.43413997655553,210.03034773885946,0.0
1258,379.8524519408727,-264.00720626723995,-70.48640163041779,115.66068985077105,6.344769452143164,239.78684355207312,28.09907511436947,191.77442723066272,0.0
1259,165.51272510156468,268.53926963694846,-504.7639946251975,42.08503952087859,0.32488912783034873,249.11623464780013,28.694242059707523,182.0809532451145,0.0
1260,336.5603070009188,-135.47877574045117,14.49793132949666,39.10113110849625,6.90404276503257,232.26668009707618,29.22330315341578,179.50307482130574,0.0
1261,308.98611750830685,-349.7794794634956,-142.52059569954812,-180.41238444527724,-0.9171738315667076,238.35774509782658,34.9217239626994,193.63444419357836,0.0
1262,511.9401464853745,222.06455376565333,197.00791165016423,-67.90755068051814,9.205805006373971,243.47156270625754,21.056148094417928,182.1209159052754,0.0
1263,-113.50323194194046,401.41501748700784,-319.4311551674134,316.4012189067066,-5.061049746277221,241.84622250822454,36.84321270166618,195.15507132272438,0.0
1264,477.28884149439745,-270.3114531822719,169.52499060503095,-195.13423539639592,-14.742844727848674,255.63834576105143,42.21354306475505,196.8579281708836,0.0
1265,-67.7124925389851,-198.07241178649798,143.95931364457883,-110.4423551694413,5.673807172404434,242.94716050972946,29.051783650305108,173.90733145204746,0.0
1266,274.62620285758607,174.16484088380182,62.693112827061405,48.35519351704374,3.0175936357742836,234.68589431580907,29.205541554644935,187.33148322433667,0.0
1267,260.4109567093905,-249.06914078322308,-198.41399439404591,-119.7528084791013,-0.7979925975315215,242.39466764501066,31.45446967238588,184.96947718669165,0.0
1268,209.8762786602756,91.01878250578449,221.36255984329813,-100.05597570924935,9.434233167761635,239.9435001787043,26.43564356769501,167.53858026612616,0.0
1269,-329.17930652420375,217.76915487111896,-385.22371791965077,-180.65527231312308,8.855311981195696,238.38566583541706,28.572749358596816,170.92807627014963,0.0
1270,274.419705063345,-428.3657601479201,-296.6483005554988,314.2075668229615,0.5086748910250805,240.07966823878985,32.8539773309535,192.46774871619513,0.0
1271,215.66917481694992,-212.25649255942312,312.9495822605148,-277.96057306055536,0.45254062079469426,245.4823126659823,31.039403206753686,192.4577836644666,0.0
1272,113.10440403586632,-496.8523098139523,86.97134253158629,-273.3667238427204,-0.01254017763528581,236.82404766102613,33.41900836586735,190.09391870139135,0.0
1273,46.26807146913998,-455.97201819415807,123.35544910447744,-104.71798926350905,-7.537531668640412,244.29283714634025,33.28439324687306,195.59325074729003,0.0
1274,-33.179280197727046,-260.0319813207414,-79.01582172914208,-271.0762118122948,2.638246789583726,243.05030400171987,36.45059320446522,182.64228208802874,0.0
1275,24.894107029741576,179.45741847710997,-315.1727823426046,-73.57744820858939,-0.9429214340146413,249.87670904184114,25.79029679700947,176.2815478643419,0.0
1276,33.905641353251156,402.58670120989956,-63.63163453131154,113.52703903268974,-3.033970944995854,250.2220225436167,27.947263660913634,187.17710571790735,0.0
1277,172.50624242731766,-444.40665656000664,9.720343838427304,-266.81428958238433,10.144548006242147,244.4604866101898,30.97141776703932,175.21886886663856,0.0
1278,184.4650529763259,-239.7013942736877,-29.956502951316576,-176.47060700778113,-9.185915840804379,247.37595921211587,38.383138232890154,193.8711103590422,0.0
1279,122.42121044297865,-219.09503203864637,-385.56163362078746,345.75527611587694,0.46061272948099874,251.4113957625025,28.68933278011239,188.99019476478443,0.0
1280,93.67622721571858,-91.95844098737163,146.08571958261564,-111.03878703163245,6.823283901330877,236.67429197160527,29.941786091978074,173.79626370568832,0.0
1281,529.3343588812477,-23.389531354359615,79.70725993931435,33.976668882270914,-2.7022188924159716,240.07113039389435,30.70474064852156,197.534155964504,0.0
1282,-279.99083347278264,-44.95181740940713,-619.6495094433718,-160.24248768680687,-5.871424368143928,250.46652351505622,35.87160045260973,199.59979204549907,0.0
1283,558.7026200476876,-149.56100782008792,-329.12852114430325,15.47980885286304,-8.946836747531464,246.9225087653369,36.778516571451995,194.58108827437403,0.0
1284,408.2275840252153,-191.04895664893397,-229.28213327009587,205.050849368924,2.8327039021873057,254.45246785707985,25.02716915722706,176.04498656039453,0.0
1285,147.10843358757577,87.44843450365236,-363.0478224649275,-41.19967306342349,3.1128969422612522,244.94446628318045,27.117435236596023,193.55199835955395,0.0
1286,284.83532464283627,-481.08335329069905,-294.9457512366591,251.63362782377203,-2.217142528311067,245.18143416275035,36.46766975522008,192.73328533958565,0.0
1287,372.6338706915596,-231.00081888040035,-243.62867908065985,-129.0780533196188,-2.889648916634898,239.60606180359585,37.96985505308075,189.06803446431059,0.0
1288,157.262601525982,142.44027384874346,-408.5336309576512,-53.833683577291836,0.39140906476445836,239.6167099782804,30.689009795295586,186.099704815954,0.0
1289,156.62901167455314,-229.37204721924135,-327.8404774490159,-129.63440544806272,-10.074535380357618,242.0704565512916,37.34304964185469,190.88407210897083,0.0
1290,505.02304612759906,-82.08286808412707,13.37204379310748,-17.552151733217404,-4.903139784020604,248.87274530778777,31.537808595720435,194.11910220504296,0.0
1291,168.97462076992852,-307.0035631146357,-232.14755154168677,194.31003944685503,10.912927928259263,232.0759434910271,26.349794224275175,166.58459377180208,0.0
1292,-171.71408134807962,-259.19076438665405,-476.9491928693883,-232.28978864984092,1.8660151589596885,241.7506223076443,30.08584057953258,181.6679694810525,0.0
1293,87.73853276366374,-176.46680630105587,-427.2166311993118,339.8247326070267,10.58427788771429,247.01571317946713,19.682354548124376,168.87792510562952,0.0
1294,410.4813467649331,239.83646398865432,145.0095289541129,-74.39989350336766,-0.9713073937844818,242.34950522799627,35.659384256545195,188.5385221856659,0.0
1295,224.90355157469546,-131.46597272410787,-114.75169340167916,-111.51980043089998,-5.164004069335023,239.5180170908554,35.8375964403877,204.96377188747297,0.0
1296,330.4771651568934,-161.46847003558798,-225.46947641814234,-88.30146966483913,-2.4240286149318293,245.42203637008564,31.117910698100108,190.86544181266845,0.0
1297,383.1298887568177,-476.41386457345686,195.11352364501556,-286.35516000959444,7.3167213147717405,239.93438710450963,31.823784422744485,182.52863719813277,0.0
1298,349.2653909076003,-152.7172534942727,-125.69271664534148,125.55006412303334,-2.5177166930117743,245.16706572969056,40.18375931327217,185.29631457420427,0.0
1299,-92.6508580071153,-125.45846930746916,-138.2228125163707,-212.10454169231602,-4.958945552907615,238.46295986406622,35.46596270394517,200.65119664741974,0.0
1300,-73.7556654568142,196.83885692717618,-321.52560219945656,327.69401562707225,5.560202037498556,241.34066421672924,30.53250443218841,170.5428545611105,0.0
1301,-33.88079861223587,-38.58076027265589,-329.03278657185194,-139.2334279651242,17.94603634629881,240.175833039689,18.49717873363707,153.72828784096265,0.0
1302,141.07769577398483,-209.444501022393,-257.5427629726148,254.39642103504764,-14.304482051015867,242.18303084703504,42.72668953334562,220.37878782263144,0.0
1303,277.5648102917295,-448.6275406324593,-69.71577429980232,64.7244555508365,2.896267310297111,246.48070199727613,27.38061747030693,183.71491233725573,0.0
1304,42.040251866354296,-18.08065641935379,-374.93922087905366,-142.24515034807388,-1.9642018098923804,252.67818417015903,32.66965453933074,190.18481522326445,0.0
1305,-229.0374637741953,-497.13620037100605,-198.61394952702716,172.75623396916572,13.258988326419894,233.6691564340822,27.46802404445927,177.1280940006789,0.0
1306,299.68343938572485,-347.22272749530055,-273.8676848044593,-164.3300629780492,11.99024852192151,236.96437818934854,23.235940098944727,176.78882995678384,0.0
1307,403.16163630052006,-316.53410248465235,-283.58697054063884,-51.96426932749765,3.8951053440266454,238.5026217032696,31.45289397789462,196.3505845331395,0.0
1308,172.10788061928093,-208.85368610767142,-308.60515865097165,203.11339381532258,-1.0647641376808488,250.89635099465963,30.268889438964035,189.35990279741193,0.0
1309,-51.46710891960677,-152.95686920935208,-84.21948287183127,-246.99593018037618,5.772061808502628,230.20872411770378,33.948799408240426,192.8989048102366,0.0
1310,9.992794591194286,-121.33133667515708,-393.44888133976133,372.5028241090754,0.24614152630425634,257.709314403989,28.142993139449445,182.41434487261495,0.0
1311,497.24606294525506,-521.5166740203108,-36.38096587042918,-40.49479409614407,-4.642148019996782,248.23362218692833,31.111890184649287,195.20230297618568,0.0
1312,75.55968757401105,29.638785875140307,-282.13017900684133,-140.04377679103686,-6.838874118021663,243.33369425887344,35.83784031805463,206.46670024164348,0.0
1313,236.77105010787162,-505.8795755176579,193.51243896901033,-310.1914003516642,-9.36965113843542,243.25618996947392,38.8390614858501,212.3298944865473,0.0
1314,128.22197510968908,-44.78863834585345,-265.84901584694524,277.08505112817505,-5.367846688172253,243.68616853781035,35.762058387853585,198.98420080329726,0.0
1315,8.194923451301017,-406.5886748114639,-251.71036080058548,192.60140272842983,4.4622631871032565,241.89760557897065,30.263088591457286,184.5125243675868,0.0
1316,284.4652259934206,-95.70495830293434,-442.38620361398057,-28.938468987710642,-1.0530421713464213,246.32262709141912,31.178708267827766,178.71722859081893,0.0
1317,-72.07872778535335,-215.73224285596265,-57.32054626313714,76.58374052494369,-8.079500502887283,245.63339117132008,35.30995904438771,207.72422636111057,0.0
1318,389.79956059361257,-505.8534303941109,-523.3453315216926,463.73857664508995,0.9555016717036997,239.78579685950567,31.537232358072607,192.10665448269398,0.0
1319,-75.04571706407157,-91.69869337042161,-286.55586702152743,-200.41710145460345,-5.10084114254273,252.50054072450013,32.66014367874256,195.35656620964195,0.0
1320,295.8382755330645,-592.9035255305914,-47.50929705825635,-269.5836193817985,-5.82858092148032,236.5402687322454,34.83075220213449,195.841724651649,0.0
1321,23.107197881140973,-94.55697555434477,-174.50034026235434,-207.8890671144002,-4.4929829027684995,244.48738223430237,31.943354054986752,193.62345194284933,0.0
1322,-123.89408276653784,-111.56171137147963,-2.4158050458027214,-322.438292246311,-0.8095172237106045,252.18327401900225,26.250084302699953,185.47571793988405,0.0
1323,109.31134130962809,6.159541880699226,-138.84389454312432,232.8211911458105,8.969303710800055,244.68548347127685,25.726973346143712,169.82270308628478,0.0
1324,39.29176929292968,-17.860569803150874,81.26481332856783,-186.8342953342453,-15.574364798933996,254.30269042058617,37.427687782463934,212.02929104436345,0.0
1325,242.84366655802785,-744.4666818094627,-71.69693070188823,-262.78751812404823,22.238027308431572,223.38135230877617,19.060718905536802,172.5229060505396,0.0
1326,387.19459798867507,-258.6541064735288,-42.753088064513214,140.42640061171733,1.570994887075361,237.14046221001723,29.42677731186342,195.6086464885792,0.0
1327,350.9029042802726,-227.5556569915814,-144.2646847204309,-161.825679773778,-5.426815511249317,241.8314230023106,32.47903582187322,192.1811690120501,0.0
1328,39.048065072600814,285.3165502343232,-203.9861450962308,244.25630944676814,-2.860257198602932,229.50675860653857,36.38653524212999,209.86733322149075,0.0
1329,-183.73220116728604,-143.64045957558523,63.55618365384594,-289.7334432359138,-0.15649197036362583,249.8111156713091,27.657104782879824,192.34837275536228,0.0
1330,-160.83328889575515,-95.77804209046094,-501.20632602132275,-185.33963836682747,-7.680956091313747,235.0377780106358,40.255467176671075,209.01389210974148,0.0
1331,-45.99496728125696,24.837498411007463,-367.19751135096067,-115.98179046136474,0.6220781794545505,245.08092794791844,33.72172102694862,188.47710871404877,0.0
1332,417.31577314943775,283.3500189952758,-125.26249019383484,149.98117033850446,-9.035664859592083,258.349654238827,33.769339273562494,191.5940037628736,0.0
1333,266.77321829364496,-559.042204337446,69.08112475692518,-288.25235780903154,-7.902860770791797,249.43649726309238,34.56698173284427,204.63327478390855,0.0
1334,-214.82139141618478,-86.3604593760683,-308.0628976641699,-207.5896380595997,3.3093188197846413,238.65597482834065,28.263806210594602,180.65640562837422,0.0
1335,407.6407225383434,-346.35311340001806,-410.39295132518436,-52.366852125553145,6.499911476786706,248.36967882717158,25.414085374623777,171.8595268121117,0.0
1336,48.29274169048195,89.64327269125035,-207.2192411488861,-116.260299692539,3.991183129085532,243.4395534085425,31.74776181128764,183.27011702283377,0.0
1337,472.7986985429292,-270.8509064087727,-189.68818520217076,-73.8991609765092,9.368134181676856,237.48828779266688,24.861886547602147,171.46387943904048,0.0
1338,62.4693506884593,-388.7116440200334,-18.674793158891,-302.1662996720843,7.320717358427496,237.15604905618346,27.55721466625294,179.8133086133667,0.0
1339,412.2610683457765,-96.94295664819845,-112.5643192874565,191.53493223884917,-5.930735780005064,242.40503621930137,36.77820213235637,200.70346669617433,0.0
1340,-186.25202837759448,28.667383898109055,-123.55377485040205,-225.17798226118722,2.6018966754085717,236.15704223244424,28.393215966718035,183.34288198396823,0.0
1341,512.2743927997037,-67.72083343132446,107.53023204094991,1.9363663299201805,-4.136977298274752,244.99804860588338,37.227917133870996,197.19902198121994,0.0
1342,186.84278280172083,-379.6059204400324,-3.787313166299855,52.56190955868525,-3.3046195933650186,239.54840959247852,36.83094545835129,198.0139476594147,0.0
1343,608.4841744694343,-111.47692678351517,-218.02486502493537,216.02410955937708,6.163545524362745,234.48108002441506,30.106228648627305,179.12736050858607,0.0
1344,395.68430737791243,-185.00100534570768,-316.0881831107335,-41.955971969869154,-8.28232478087362,244.48026761147645,36.190238522967874,203.20506274717422,0.0
1345,190.57169079556564,-165.49677834805243,-433.9062927910834,-116.58593364046096,1.1527413981257784,241.39819354740263,34.19797344530724,179.06200479735992,0.0
1346,292.7150340406893,-42.536225859318,-149.05498206502753,161.04698031249515,4.9854904238818,250.93191793459224,28.13419116691752,179.7269964222758,0.0
1347,-365.42828068272803,-13.489714682027042,-480.0589743338866,433.6832377270857,-14.422599523263578,243.98279832287946,43.211019110508225,214.84981210289354,0.0
1348,-11.938180712117141,-184.80149224950452,-155.95687859671978,-240.7178402735224,2.4828197650243577,247.82800139962814,32.246018755951184,189.06352544712834,0.0
1349,266.9248800773409,-84.80123817411983,173.363568013705,-190.89024782964663,-7.625406260442907,249.57265531746737,39.70360440714717,202.23037944486484,0.0
1350,33.202557347461735,4.9727440071471785,-202.92033699333675,135.17606880414812,2.5942819335462053,243.37852504993106,31.50837819163002,193.95768103560863,0.0
1351,291.1519894210501,-355.2117115511229,155.21524198075426,-81.87642441901386,6.25366638027878,236.20794491448254,27.839635858519273,176.91594906924638,0.0
1352,310.7117883730477,-5.820028010317735,-142.2308812360627,170.35674254397503,-7.542307900917258,250.17222404574366,30.341962884901765,198.6912864267164,0.0
1353,-84.94398196241532,403.2558054505996,-317.2586765359701,-55.43471233602715,3.6572974905476103,245.48444568185766,26.376050364874068,172.09147154988773,0.0
1354,540.6721211855461,-326.82856028772693,-125.38538355438986,120.07191186227773,-3.379876732957827,246.75461819713985,33.942817642972685,197.96084503616876,0.0
1355,-284.9995744044691,-83.19426229351649,-287.69991480025556,307.86410672763054,-8.953396721994903,246.5058373019987,38.183632749986195,205.74203804332143,0.0
1356,306.4659745286459,-105.62141591342692,-229.1934314888937,-38.8325081237896,-3.244240787494014,248.186473335473,36.92007302560326,198.24212737260913,0.0
1357,-346.4094928277858,-264.8709856831336,170.7114377647128,-396.77949522866646,-15.721999841097796,256.7302490249095,46.07358447097539,216.92233123173213,0.0
1358,734.9333085375839,-174.02717789802446,-132.35953648153895,-13.489868587168274,7.095948506960783,232.35595762535465,31.646945973361124,188.79939042065783,0.0
1359,176.35314865038424,121.18471205435854,-236.45282433667845,186.06883073795805,-1.6270958740051134,241.39693360156033,30.241891329802282,199.42848108045723,0.0
1360,144.36656658297645,-90.7330706706525,-144.9841834134648,112.05032796814034,5.000289945055754,245.00013227890724,29.82124871022427,184.30100497700448,0.0
1361,192.41810744807833,-163.75645520301381,217.6219998975883,-233.77264961356542,-16.16214021723787,246.75869500341366,36.22397370932502,216.74011505736541,0.0
1362,402.16502216395946,-270.5769300347698,-238.231188226296,-105.0474358874695,-4.873505477915005,243.91407125327632,28.389097078684877,191.6909358153849,0.0
1363,101.81793950822986,-590.0243449173606,-72.60365729156528,20.671919228891667,5.012701176169613,239.5315673087271,30.200277254576076,181.37049964247365,0.0
1364,183.66053547874225,-367.5332577401455,-488.5147547547402,375.24669690147124,12.560289209194167,230.9854866057215,24.325752956606628,170.2618476109698,0.0
1365,141.2051014996105,174.20477452930947,-168.0009124063528,-79.57142111552348,-3.420300802478468,242.41714982630214,34.908032011399655,191.7697290550953,0.0
1366,314.995670753511,-550.4094819601466,-70.32789211315166,47.7673139195371,-1.3230830419660413,251.71291761606025,31.66743564532496,176.92901840360346,0.0
1367,434.70128860225634,-224.13861934682214,-334.0951198534265,-37.73710661386649,12.794421003339698,240.67531317407526,25.114492649855073,170.24289275010284,0.0
1368,-32.22273250229295,-288.1483256096601,-329.5218774565588,272.65042875588955,2.830900945157636,247.00140913838527,27.180580366444072,182.62559799940573,0.0
1369,-8.106585639881626,-26.442383322809725,-253.5436735980821,-150.14615011158662,-4.175131088018851,238.73210593191268,35.737425716122566,197.90368158675025,0.0
1370,-138.05649318813474,-163.0233093934702,-240.8128070333642,-204.3087614992049,-5.113397636664102,240.85213573445196,31.860299607489,190.73006315899772,0.0
1371,16.19939054140389,-106.80083212125564,-372.8553591605351,281.6800708490602,4.834466053836434,239.5042944590825,30.749643450403173,192.71651020350788,0.0
1372,-84.01479971247329,-11.977733958505077,-491.1331551820671,456.9881778841686,-14.745675748377664,257.6016069155645,36.69070648429198,211.20530384970567,0.0
1373,381.87947067097963,-308.09279246851526,-236.88430745233563,-91.49677774565282,-3.0997242108775986,244.69211912676596,30.93597356307323,198.45424770301778,0.0
1374,-317.67837883520565,264.08257193944365,-360.5336845431661,-166.6365747133447,-2.9710369862219075,239.51774423125653,34.916500906309054,189.55485405989555,0.0
1375,531.5805781697761,-138.00805614972867,-51.55881354239666,115.1560435991834,-1.296487186107941,245.88923031786769,27.316046328431888,183.83884425827122,0.0
1376,-145.69688821693444,-551.9459224824383,-404.6132838477143,360.7135361405373,-11.641800666265311,254.87180246124169,30.773131131135496,191.58271938024848,0.0
1377,193.1150329469222,-12.33145779640854,46.36279544632025,-145.80333066437623,12.975289980224957,245.6951265282434,22.92220258190143,163.38767567687395,0.0
1378,-92.56466645888968,-190.59267980517149,-313.14059031251895,-188.34887143536963,0.23764350749912566,249.28902602042746,28.28734269677153,182.85701019125327,0.0
1379,138.63571895216234,-87.46054157157069,-200.27730260921453,-171.79140862563182,-2.3943898653398312,251.5182318707912,32.38646750702367,188.88378385984035,0.0
1380,142.23814480571505,-55.54191360312559,-345.2132119487322,343.9630921012016,9.940972903356371,240.09219076825607,23.752719671274686,173.39253805491904,0.0
1381,-25.899338963663965,-51.194755581539944,-349.3437582377581,-82.80714205790017,5.503975961441927,249.83227341818463,24.27671806967609,187.27969061587967,0.0
1382,324.5103281235271,-3.2241410675437843,-365.90255981986616,360.0116539764948,-6.013085976282677,241.90290043656307,38.75320119508243,198.1552302701546,0.0
1383,536.118916432439,-149.2445292379351,-145.73766284272287,4.977718556857247,-0.7493152117792811,238.36679616386712,35.45533143029105,188.24865614957469,0.0
1384,0.25225326388522706,194.1803436238004,-271.1643332821399,-57.58814142725335,-5.598839022691616,254.34504425572047,27.57307747853823,186.36166690868774,0.0
1385,320.0692287057835,-673.04837192985,195.0968193030135,-200.63264220079873,7.398420788508153,236.47715290814338,27.098525861584232,169.45689292615285,0.0
1386,728.3220128013223,-393.96007519706654,45.01708898236121,-16.565081007208814,-9.590838554569206,238.84126370891124,43.335473571312725,217.94055733815367,0.0
1387,409.52830582850436,-106.47931953461853,-282.67245945745316,-102.10676633452161,8.920498498494585,245.96274974746862,25.73250152301278,169.50667871882112,0.0
1388,276.41344088188316,45.344242696186534,191.62692690238953,-135.1482072730513,3.784930090851275,233.02071344749348,26.67959613489761,184.73662044421542,0.0
1389,89.91367926495177,-39.11582229706148,-289.5497020640366,287.07517906975283,-2.93181603480469,235.84939447034438,36.94595560618317,196.39586748286706,0.0
1390,527.6947311915593,-472.0538312501276,-6.515290369270166,-22.21122650677627,13.133351047083085,234.9624954865373,26.23928399135498,178.70694154817625,0.0
1391,201.24889495870883,-178.9138443247521,-535.1511550058273,468.9847910074004,-5.985029036031369,243.8954188018159,37.427573670471475,187.35173770880027,0.0
1392,-126.35817964654849,-203.87883547790034,-64.40167489238402,111.29213978431058,-1.473970429642908,248.46725096170385,30.493198726975923,172.85838953718724,0.0
1393,528.5740362422429,-83.60961036691106,-399.1816444862676,32.31323772742562,-4.35225485187312,244.26115057873733,34.52056304589136,199.35022674008346,0.0
1394,-56.188228397306176,-455.08507899816715,271.3456929292805,145.40946787772697,-9.971528132072825,250.5931018888021,34.07084362594976,202.93339139921827,0.0
1395,-265.6936144857698,180.17260511689787,-97.48971853988945,-235.04371855666614,1.5780565590703461,251.9307267994441,27.978022569070685,187.31302709175014,0.0
1396,305.0623435561236,-104.8421127403705,-243.9501319347591,278.57078524468153,12.275446686033495,235.90257127914313,21.786195561858275,173.96839154068493,0.0
1397,362.05280223793784,-106.1436442801551,-31.502237825583524,-111.45719400176736,9.307920712512917,244.32620709790888,24.546381098597884,176.39495240569298,0.0
1398,406.0546779766984,-189.1642619863264,-177.02894366527048,159.6728517907641,5.59635244949032,244.16783081025093,29.661820367950103,179.931864887299,0.0
1399,243.3399022574091,-497.55865216497546,-290.3426308479963,-205.43657989628525,-34.122674474899874,266.0594812843943,49.24978888037704,224.02808520547947,0.0
1400,-220.33615037202958,22.709227413335963,-119.49514065534295,145.90818819140472,-2.389878094441562,245.02326169485573,30.273250439689466,189.3679376395665,0.0
1401,482.62402800698806,84.08426660317802,149.49825868655847,-107.00733621031273,0.7804712622606103,251.12783565462883,26.893521800144107,176.1222336867358,0.0
1402,44.875876884177934,11.357994178361075,-65.4899020476035,79.51224889949557,-8.113839696547029,250.44981588178533,38.383607428037415,200.6178806927222,0.0
1403,342.3850869014749,-150.59388907997376,-94.16621048215394,83.39213242917779,8.041590896051593,231.76138291905474,32.75746132729599,182.24944324737703,0.0
1404,276.3724710316441,-98.38941832392887,62.52442376463962,-164.48534419549668,-3.8770631797306025,241.5993940759351,33.496506921962606,193.24595302471914,0.0
1405,580.742217223534,-177.53369093149593,-56.11481921571586,90.07718643579108,9.388244056435694,244.83945872440432,23.438385615525164,175.60384930789462,0.0
1406,159.57502464265346,-607.3835256878135,-249.6437087348517,211.62588138838902,12.900330463197353,233.14252294357362,25.07112350042178,182.12023242920398,0.0
1407,-28.993875738462304,226.70803071039205,-422.8251285072496,359.28887254444544,-11.971579322610209,257.50356977031373,34.867898104312516,200.36796290139563,0.0
1408,-9.37519430046474,-284.440158199342,-108.55460910773238,95.81385331562687,-4.790679438356222,249.0286844679547,33.344879497887746,187.73706860160755,0.0
1409,281.72474759940513,174.67717107882046,-488.73625373431116,36.21736435057561,-3.8511904771185903,254.086079658237,30.92574570107885,187.96291720330981,0.0
1410,455.6594378545874,-310.05594387011024,233.25206589454322,-140.4739880058316,17.045325782444092,234.94334928142777,26.734431358961153,162.4011007350024,0.0
1411,-33.90769179010069,-158.8334268960884,-441.8146699310487,392.6677953343305,0.9546427921598695,237.5506146681075,29.145862376277677,195.54816681888911,0.0
1412,80.59140238957731,44.64508999897796,-249.63573543244823,-144.4870967840871,10.271752203944962,237.9725826314105,29.501556129268472,174.74804088820335,0.0
1413,29.522215799955287,276.9673944096278,-181.3799756975932,-198.61945685876967,-6.814304741973326,250.9550748279417,35.39343251089814,192.69937698357438,0.0
1414,671.229832022725,-418.0397329482842,-328.86851746813744,-34.11457769622401,-5.472669707991211,251.93525896895667,32.95020495158062,190.8895361460715,0.0
1415,509.99860219627726,-142.582394150972,24.061844883145135,-94.2418902368657,-12.419623647866278,255.6348314291885,37.4424951349862,210.86122493286553,0.0
1416,-112.97607336450551,-351.6417095584567,-490.99163465819544,497.0108001020282,3.7498851950724497,235.04984673075464,39.365460919882466,195.65599290160284,0.0
1417,374.7335901015288,-182.43526423187387,-527.95564927032,435.3772496352153,-7.2014874638328505,249.43586086234262,33.045500054118044,197.63804306724174,0.0
1418,208.74470686980388,-253.69600686275163,150.5953435428101,-314.80306398228157,4.222028188018954,236.2721363602569,32.19301825605512,195.4685943596066,0.0
1419,421.2940232919574,-641.6520540395804,100.45551973899887,-41.44448747053842,0.6277187501671899,239.44807981748832,33.291542709776294,193.99595903241814,0.0
1420,-152.57276603404372,17.108182615498336,-346.3500159540529,-178.1705685490008,-1.357445020816365,245.611060469146,31.2253189703876,188.34414215940984,0.0
1421,179.90780047286808,-194.6877638265987,-128.4002206736289,132.59853674630293,7.132204220608582,236.42461699569614,28.530062499472045,186.5241337419077,0.0
1422,390.8106934426595,-419.2926781638726,-112.71968765363663,134.3831087208181,5.070653607384499,238.18279091539839,24.569281646901175,179.26058513754163,0.0
1423,-244.08735764505738,330.1709407530616,-150.73156911180655,-147.0589948157806,0.08038372937241545,243.76025604818176,30.84829762093878,192.30659319824278,0.0
1424,320.6300348991049,-14.339080496325574,-255.87852743294087,187.57105287861404,-1.0277172564652877,251.3166028227837,34.72195238842041,194.64531969344424,0.0
1425,91.77543478656256,-389.99893233257205,207.872511716833,-191.43240583370527,-6.030996710078172,251.79556204157655,32.64701281038718,192.67558623648162,0.0
1426,94.68626152875663,-191.36280527143785,-237.93490408774662,148.91278582606867,-26.208021350807602,264.5175130803641,46.288920868888624,223.01483951469146,0.0
1427,336.58057819442223,-458.40282257173646,-368.6876660652561,-147.0900548872884,-5.22027015521326,250.05634866506148,36.33149636350606,203.85982090596983,0.0
1428,357.8888531437233,123.03776308736434,-465.34041785390514,484.8281120000263,9.063248050869454,243.52412601399723,27.37648412017866,171.81034362531977,0.0
1429,547.6676520580133,-265.93658706557363,-310.2946177670506,-25.81451865144917,-4.939035882714842,240.87258224195685,39.47067366476936,205.50199629470973,0.0
1430,-14.085250085818469,-259.62773965305945,-186.24148743039808,116.50070216794333,9.945149425246433,238.94782534653754,26.12682398622197,179.76312767962384,0.0
1431,54.17691834747143,-248.971885500934,-359.8337091369634,274.95283845292255,10.98644655239351,238.85332714271803,24.289621074755694,179.1047498942314,0.0
1432,-149.67227955314013,122.3551039552949,-113.9045327580626,-177.04867901848243,-4.939361872653016,239.04836957005207,32.06517534264688,199.86042985597524,0.0
1433,-18.69147957870736,-120.4368747550666,-462.06005062550554,-139.94538502347686,4.337605596169215,245.5540209514915,22.96998867932604,175.8825300109353,0.0
1434,214.08038873258621,68.92244039381579,-137.70289423261121,173.0356696931166,-14.599694035075515,248.77365565669933,34.84974153855597,201.40423525009317,0.0
1435,228.73468131985692,-258.54868682615705,-197.26975213726067,147.88575156647613,-8.95721852853925,253.93546469210543,35.44913690424962,201.5345859870292,0.0
1436,255.1452180210341,272.9748523874939,-668.2518712008286,94.0970671424822,3.37714266128872,242.0664472534421,29.231295491878303,175.8177909918527,0.0
1437,-17.70658640230327,229.05889824728365,-265.02076881440917,-46.16070128966756,-10.11216545500081,254.64827059842682,35.7901875537839,208.50967532684285,0.0
1438,237.129697863338,-118.89292452587124,-83.59583482740209,47.62406325127453,-7.69944269685342,245.11148664724774,34.36599942542954,199.02445057817798,0.0
1439,199.49501644505995,-187.32047298661095,-318.9285022550356,286.8127618139507,-9.364386808378296,250.47712676641592,35.76368468779478,206.22631569901966,0.0
1440,94.97712389967265,-228.3311757269252,-126.07557001165628,-220.2191893790024,1.5221398377320994,243.78055253132803,27.89191431364881,194.82051089862307,0.0
1441,-301.68028449411275,-271.04628867671,127.48936223421671,-378.1058220512347,1.2515019060121597,240.3376699387014,31.764018419860506,183.1453229536239,0.0
1442,177.29345529541632,-12.109405150897112,-179.56200942329366,113.0360355816229,9.870325387378413,235.1694929730994,23.51583920283346,173.7737258602631,0.0
1443,99.99210949896793,25.768875779895104,-57.20704319740886,-160.80844499266965,6.1395000304543865,237.47154003228408,37.33444157252001,176.90523002249836,0.0
1444,103.2671028257448,-158.6669881343345,-289.4385924464279,-117.73622424694854,15.995515523329253,224.73747354179065,26.011774738525283,166.2205463798092,0.0
1445,253.005183339008,-482.87982069193214,155.10540824745638,-270.7576976082485,-8.519382070780651,240.72934430185666,36.54881201517378,199.93962382237763,0.0
1446,-343.0247608152993,209.17206498073924,-440.23842826552107,-155.05797316335276,-9.119018940189697,249.59949672085213,29.69987902941547,197.62945598068546,0.0
1447,41.967720846103454,-66.20617143036732,-269.0987441678129,-173.656044934551,-0.264729311610327,250.07827198311438,31.086366882195804,189.05636887054794,0.0
1448,209.64262225467772,-452.83692909231127,-103.02910881583256,86.36867074598581,3.6895386938849244,254.15748340068396,25.313275525473955,174.26662470784706,0.0
1449,-51.208491183015866,-515.3955226308717,-639.4144430344451,553.1192793424166,19.465299332943047,229.03684602140717,20.810036044271044,164.0746856446057,0.0
1450,355.37298819036,233.32668102948216,-161.27933145819517,262.25481639956604,-0.6558314797616089,244.3977289980436,29.96507285478772,192.41187406898783,0.0
1451,513.5701375433316,-257.4942662187554,-117.80456719822689,-93.22339418394554,8.099204011207313,241.91282176462633,26.54648135059265,182.33989515409206,0.0
1452,318.99377840071213,-147.38930738064133,41.46416097182466,-150.18402582108445,3.9698181207593644,245.24726477455624,27.732356605709747,185.0489914572131,0.0
1453,406.2008165234511,-633.8198905509646,-135.26326366777695,-212.11428453929676,6.630008827517317,237.44958340322512,34.34445632711016,184.87644573583736,0.0
1454,364.9660397050325,-156.13182627908728,379.25588030363076,-254.8984571058615,-3.86589089317564,237.56829834310926,38.1436048750182,201.31990723698365,0.0
1455,-300.369206387519,-127.26605275506103,-464.41840460016886,-220.69710743074006,-4.953912069052265,245.854194876009,32.42600495661291,199.77394571117514,0.0
1456,226.81584720123192,-227.46388561411615,-384.13935511837343,-101.66616479661089,-15.711088205017418,263.628121852226,39.6072856414181,210.36774342652447,0.0
1457,471.80692501342145,85.03663725186725,132.61906230827773,-156.40594101711037,-2.6111122401488873,253.8382323303385,26.835466436055732,191.67058529466982,0.0
1458,166.38282091925032,-18.31788359191837,-267.4660640655456,294.2380333225516,4.438499190890552,240.16621852814615,28.69709577925828,175.70122700287476,0.0
1459,236.2229377817223,-373.73231279334965,164.5316942623055,-155.00629388334693,4.294772468359181,239.70645349346222,30.218429569538234,184.3841522548288,0.0
1460,92.14294654287013,-245.7953818163297,-18.65443510491469,17.57751621483836,2.0627200839718807,243.05426065409387,32.113658717994866,191.25033924123034,0.0
1461,141.12048604365407,-538.458166764389,-176.52017417465018,162.5289271764644,0.48015198687883087,249.92693224760518,29.57824604294821,193.97731419757903,0.0
1462,63.850440088023475,0.7550939504441523,-111.91401451506997,177.38923815841957,2.885653263383739,234.15673196819557,31.574886149517265,180.7926229678013,0.0
1463,295.84502328873856,58.79761130587355,-213.05878228115404,229.708787675675,1.2578778918516758,243.81734329594082,28.053925535829855,194.4924533539289,0.0
1464,-307.3331197300051,-100.50090454571605,-155.66209083992248,-303.0659702985538,18.47714346668543,227.72752016210336,23.791466130117378,153.84150239596386,0.0
1465,186.369142798755,-219.67639336715817,-158.87362531700032,128.684942810715,4.351338207153064,250.7677002331249,25.19009329825283,190.3751222636039,0.0
1466,136.9114674810184,-230.1020399964584,-280.45455550453755,-164.95084337154654,-5.213532475886633,235.91887245100895,33.15148611810292,210.76732669369375,0.0
1467,-280.2730912942087,371.7680300085065,-174.39184975820564,-196.80625543017086,1.3643079070128268,242.7597740131212,27.145129554144702,170.19417492157018,0.0
1468,-124.08430997201609,-590.8864707436475,-618.6024920583507,534.5778472327528,-0.7895293742980768,250.18191250993502,30.891906985451566,188.94712611650615,0.0
1469,-49.534684681506526,43.97039193929997,-95.73087104768058,-209.95893793799158,6.778921671978183,242.37415880754352,24.76078684799755,185.96542815320788,0.0
1470,350.93989138618275,-219.118112557525,-125.93162971932755,-118.90049613472435,-7.441916592472323,245.25427326781968,38.69365603476837,208.90017191265136,0.0
1471,385.46913034307244,131.85671530231065,-211.61549602106015,272.2693526072403,-5.249366642640035,235.68801181352165,34.84226132822157,201.53967295288274,0.0
1472,497.55334792807184,-534.2011161839009,-116.19202528645552,-150.28219387392824,-10.227116607988057,246.93795412586277,37.63896422152411,196.38366193685454,0.0
1473,261.5064451453913,-142.2814361678867,-178.18800507012435,-93.11176402233738,1.4937240065830535,243.14145537896783,28.094816222278542,180.07814962188476,0.0
1474,-29.920151588020417,-266.5007139112545,-165.4782248803574,160.25543884357919,7.1402153923543406,234.39985701324463,32.08581779920988,179.66166605220724,0.0
1475,603.7032406503648,-461.9480294216045,151.24872707104714,-182.63872786506016,-5.731509697652026,251.87295486840165,34.0441036201346,189.00582040027885,0.0
1476,234.94895419079342,-160.5252304679177,-560.375566103646,518.8757496240139,-15.949547092519248,246.8072351884007,38.387502750685016,202.32269112827538,0.0
1477,24.29034443207754,-21.417517339534186,-61.43990304438888,149.42456885958057,-13.820698282526443,240.51533631415555,37.56861804322017,224.80043990317375,0.0
1478,129.31676429765062,-464.9530985013524,93.8124298407912,-128.3809414719928,16.342017537170772,241.5511128135884,19.66344961077101,169.89711689607742,0.0
1479,-354.3126114589879,-132.27067321111937,-289.423062430392,-320.6297314170256,-3.8479133655339974,242.72046713246672,24.274012863001794,201.12194059733986,0.0
1480,335.624966909624,-350.06391919645984,-279.3266524466054,-148.5056608527094,-2.0816393240553395,239.3652184587622,33.06348387701858,189.55494996156295,0.0
1481,17.737469376292147,-251.03208976497973,-67.94622484945383,12.867157970743603,-2.151156856505737,245.87209912673197,33.90550694222132,183.33188999862534,0.0
1482,447.49372805133333,-411.88138218613125,-161.91921175628693,-153.17385042575145,4.528077549524951,252.8888687018736,28.645217546922467,177.23119709750463,0.0
1483,15.182951391218369,146.57729480396924,-140.47147867310713,-135.97391079903738,-5.632552448402891,241.11582819064395,39.3924397551257,204.41239551932662,0.0
1484,166.03464400095643,-53.461014266641,-612.6551274789617,-41.25169409331932,-6.02932483692572,255.5136877947328,29.640713322626134,185.79044301298794,0.0
1485,612.7542517372625,-400.07858218773407,-58.65915460835935,-123.71663545679321,0.2764202869865142,249.75622011694486,28.511052775754006,185.58714604987838,0.0
1486,-249.73255643902738,-379.49194598296623,-246.26303840361885,218.10150164714594,12.781761667581616,238.25489481495333,23.8540856724725,160.0713034105808,0.0
1487,198.80314632285396,-60.1784798474505,-249.2954003112076,-66.70836130401587,-13.152172203065543,255.866434117653,32.644290640266824,208.2276272345461,0.0
1488,127.22583357179084,-215.66886806821657,-288.5659522595564,-119.8316038874337,0.08115443397357547,247.47489049138503,31.697357592191224,196.80800728484434,0.0
1489,-57.14159407970079,-428.4519523536577,122.81721034621268,-49.5359765832938,-10.853212254664335,257.322247160392,34.311243925632084,195.4180494802482,0.0
1490,-64.84070991630078,-8.152441142676858,-485.92164959610835,464.24356577508024,14.3903055401109,227.24331392190527,29.52754988864821,172.50949581410663,0.0
1491,47.92296798089084,-406.05996369682026,-254.48363523472048,275.8596166859757,0.5296122408107913,252.03803357104255,20.73047845293152,175.970517129488,0.0
1492,119.95855530284332,199.06849998862958,-393.43938835090796,418.66076202578694,-9.805228948062627,246.07861420851782,37.16578407063553,204.52805541336758,0.0
1493,320.3092040743571,-179.9012191984448,418.62976456518714,-362.0469991958846,-1.402265862655541,242.40282895439503,32.52860529312323,192.2704416689325,0.0
1494,11.993800840381663,67.73265822551102,-152.1126024947193,-148.10569635378988,-18.501583279681213,250.79210403850743,42.58496530260531,217.7547066119969,0.0
1495,615.0072892735601,-565.2700056045692,17.944158183577642,-181.28136835503392,-13.326802290676438,254.7291909771965,38.20340067754684,195.74005688547282,0.0
1496,232.8062853977097,-160.18824780294625,-293.3753617251185,291.430177195983,-8.897468696408321,246.8089238856815,37.46163730583271,206.22627046068877,0.0
1497,35.510533805394886,-407.05316672527425,-261.09593999021416,-201.36249482978616,-3.418081409850113,249.83739615033744,34.330613367612486,193.49050855150327,0.0
1498,200.0513485525762,12.563260914231499,-376.65210455083906,-76.32740420711183,7.855857645867296,232.7950170964053,31.17272192225576,175.94137631172333,0.0
1499,106.93988895403466,-487.9363791456051,-60.77965638876266,40.76821136350368,-11.060587885670026,254.1393278088761,39.287181071358134,198.67513084940867,0.0
1500,42.98330521219545,198.01697256167313,-83.21377845481383,-134.41340178680886,2.8877924913267456,244.30990180434594,25.643287856158693,184.99574617728547,0.0
1501,-116.35988414862344,-759.5574481902631,-14.239083592171697,444.75196159193234,2.951314127597904,228.65935961673094,32.8339820909099,196.41084212743266,0.0
1502,363.9478307953111,345.27064839651314,-61.65707886555927,134.07897976719943,9.883549580395128,237.45349941513723,27.881704219424233,170.27200827147965,0.0
1503,412.57703546336984,-483.2054748083967,28.54747513294591,-223.96999962619972,-7.735020280126484,259.1093094121503,36.53635168320472,188.08878946851985,0.0
1504,-31.608147684082756,-54.654796555643806,-288.12348177757406,-167.22744609190042,5.045399640039286,239.2830176658035,33.76426447633233,181.7667451991016,0.0
1505,-242.16808308504903,-94.04797741571645,-49.608266814783875,-292.23667307101897,8.730762711378858,241.89862625147904,26.474800961654317,176.88891627084143,0.0
1506,-51.66182592318855,-156.97116231939842,-310.80846293404284,261.7427207542442,-1.1226527369590655,248.0566435687699,27.489542568888993,183.7124752709397,0.0
1507,-137.69448876152578,-50.41017424530268,-271.60761511771466,-189.54081121644344,-12.9548964331275,246.0376047477346,37.3266374235255,198.94389784345927,0.0
1508,209.26766207168507,-18.956868077203737,-122.46326138528671,187.24752294803127,-0.5514225031569325,231.47588088506242,33.42448822684962,196.75043692390773,0.0
1509,335.139481199445,-73.85355760861356,-93.14114303827294,-57.14516769224427,2.691869276335044,237.04713769572166,30.169543122549616,182.1032517366464,0.0
1510,153.87068017144273,-100.96736508577311,181.93462144734175,-164.82896352284686,0.2735105430880338,238.25798920240294,32.5356712872328,182.6521112181007,0.0
1511,781.2025487315193,-956.1486397899754,369.4397676166486,-381.1631304880593,-5.0842246688992105,245.51154238551555,32.60351548951761,190.53781459607615,0.0
1512,-97.83123075059237,-147.30418452210233,-118.80713089815451,123.58670801545102,-11.923486253863942,260.10470813371035,35.10581799679377,206.38482203065885,0.0
1513,-121.32125258576502,-256.3033306102046,-132.7659868045708,-278.780313113091,1.8144688522204553,245.00900291401996,29.91541079688714,189.45313068911682,0.0
1514,296.3689264854377,7.8724561833804385,-28.802157744767932,98.49996733772487,-10.00783516021598,248.3464659985148,34.16409188998705,208.1191306669952,0.0
1515,-132.71853600369434,-98.60398107909832,-3.930945839195976,21.481056976149304,14.657610877718437,235.25940676830123,23.396762229500556,168.161670100022,0.0
1516,8.925375796819758,7.160956304303401,4.442015806047461,57.1900250890816,0.12483704556163211,235.66328165183393,32.66234462215389,191.31830230443506,0.0
1517,296.47477953276484,-199.67296881834324,-24.058749757996402,11.018118165002333,12.360524598369478,226.1545795873193,24.315183965548037,175.6796600191369,0.0
1518,88.95506661074201,-240.3434312369874,-390.916822552176,-163.41089152522645,1.645176476140918,237.9507852974191,34.44685461502538,197.31332145408192,0.0
1519,-18.37679057750181,274.3737097621746,-377.63606055447144,427.5305491223214,1.455364474920653,236.98466991967513,33.869151606919424,187.941135872221,0.0
1520,61.68850709223381,-2.7570780734049283,-368.78787542850785,292.78337403754244,0.044195188776533945,243.17991840176694,26.932481050780556,183.011084122535,0.0
1521,-35.07925151189788,-78.08564821942076,-404.63187192347857,392.92395051231176,5.6273052908107575,237.74907541501148,29.77854170883863,185.4105660904806,0.0
1522,350.67668277741825,-231.9753022681609,-64.46013014872808,-150.41510424295527,1.9555093682197437,245.72586251778418,28.311289330611153,188.24226698672197,0.0
1523,184.18040963330006,-284.3642116505305,-65.82432666161937,120.16813410533256,1.6239724333227836,248.98120987573748,26.01959890451098,173.6221623207706,0.0
1524,-360.3793083673307,-163.11997207146456,-504.0354905540269,-260.236565687545,5.549857273098299,238.60196879297055,33.41920583552508,177.90909335562057,0.0
1525,-178.12270681012893,118.00848346456631,-364.76819418007346,288.5035022085607,-8.598529452986682,248.20935147924462,37.45820883783192,202.893142259525,0.0
1526,681.2542114568474,-426.8027472001503,-292.04923123443996,-11.633407578037502,-15.927008964454577,247.58674542305198,40.921395763734516,211.20781628275444,0.0
1527,0.2525167711318943,-193.18810524540427,-221.11954217008164,-194.39581463255203,-3.0580835164266,240.5809178421392,33.048615565302526,201.47906613579218,0.0
1528,-11.492295019481947,-289.0352029858259,-331.5863653603559,336.30360382433474,-12.125710866779356,260.32938852017963,33.715747320277295,204.02115103937612,0.0
1529,78.69219405882968,-468.89116171812884,-176.00285049751471,-225.34446920180372,-6.501038667553164,241.92724829282437,39.21271065234138,210.04351466322754,0.0
1530,63.748122161965334,-343.75565429877383,146.06481556182948,-307.31581226501044,-2.251537878347871,242.86403903297645,30.00573603726158,192.90410661851956,0.0
1531,83.9039242649347,-127.66285643074649,-205.91143430420712,236.35868544408868,0.34828519157927995,243.03272197930522,35.37298336577582,187.54751863668716,0.0
1532,611.839346070707,-375.5051190535786,-738.4164694750483,50.90681732281293,0.5744223113540867,245.811386433026,31.3344578766102,194.71192000034142,0.0
1533,194.51380858514042,43.846363785730034,-490.1552992437571,-1.574362856279099,2.5885113655935204,246.0176433119918,33.46153278725656,180.08300281513976,0.0
1534,-166.9668171444452,-11.410743046095796,-108.64894780753013,-235.0284821169366,3.587157737150342,239.01371432568482,29.899468605329286,186.28696364628252,0.0
1535,39.777478555708235,-67.15084070831797,96.57527977272582,-266.8223055213575,4.079474052207367,243.65591430285852,30.265932467192712,186.45593862481525,0.0
1536,156.81140059085698,-659.7896473750188,109.67700099389215,-342.70615411142415,5.030618936191546,230.1920308647088,37.57036136382922,186.37775016062892,0.0
1537,-60.704407529697676,25.40585336731487,-412.429511165854,385.0077342596533,-12.55993726457233,240.99505074450892,32.40606399405452,207.03531091453328,0.0
1538,184.1850759540244,-331.78483140956945,-435.86011829820046,-153.83072910683813,-0.7270089129785637,233.6781926511884,33.24633905523283,191.04062097880384,0.0
1539,250.70697649998843,-88.12366092133472,-204.37545180810042,250.21012351540813,-10.513481231898892,247.70256576581355,37.039648644690104,211.41164785653658,0.0
1540,-359.09624276310416,270.7708524120116,-291.17801381279776,-209.3284707101542,-12.149919025776727,252.63225055901205,39.17431363103691,204.83052463095282,0.0
1541,385.359298079454,-225.05320006118885,-124.97166357750693,66.83352116189056,22.751416156620063,235.01721534133114,17.533039854140913,150.8108081106056,0.0
1542,95.50984784104853,25.670190658576807,24.189669731851595,-174.18571834099743,15.769046777634596,242.15825891775995,20.70754591044095,161.45063344895357,0.0
1543,123.32772125050391,-258.46373845154613,250.24848659889378,-260.7374553212717,-14.519197843819658,252.61760555095714,37.98153950307462,202.6727879955078,0.0
1544,110.03228894815867,-244.9693734425158,-422.63095123031053,249.87068190319758,-8.768342602278288,242.68523501528307,32.638387596671635,199.29673697606083,0.0
1545,71.26187591755796,95.11717844136025,68.86696226493045,15.72063224807463,2.964768425567649,240.35282470322971,32.138837578765845,187.01711090133205,0.0
1546,-232.98662256278809,-205.50297954955488,-407.49704896929126,-199.72408649290844,-7.770986372101116,245.91534147145342,30.892170016475387,202.82131870983326,0.0
1547,-105.0032568530785,-211.8228485239445,-583.3247118368521,472.79971932786003,6.945742856536145,239.61176457560742,19.98570684125933,174.32329400527493,0.0
1548,543.9670129050562,-364.7832905647121,80.4198671715791,-10.289355743114115,-3.4688863828652816,239.97576680305764,29.195506996451467,195.4163022115615,0.0
1549,209.40590398961544,-307.34516921919993,-275.60069515962186,208.18307540359325,0.8640914767020831,239.34645149400117,33.018348096897284,194.86810340369587,0.0
1550,108.46222392573534,-243.2251985140575,19.95377841307837,-0.04074031156720004,-0.9906866506842577,242.52109783647293,31.732526835648933,187.3534267073241,0.0
1551,286.9224706867303,-117.77667348747234,-190.6803297067519,-101.1188966162214,-8.43083899144803,243.9635879713631,36.145781798340636,203.10537860659824,0.0
1552,56.59844092142545,218.81705838067057,-355.51474112444976,-84.18541210506774,-17.85080547955176,250.44908291106591,45.191346297447865,219.15663182843306,0.0
1553,389.0696652502884,-234.76756660162357,-282.1118263316911,316.85955099968504,7.711758269615752,233.26504264862228,31.420945945135045,178.38652615162314,0.0
1554,-123.27310106450207,93.32997817745978,-325.509941861485,-157.23024249578103,4.378713666637385,242.60580448130943,25.292047454418523,178.5782639550467,0.0
1555,241.63410124470948,-384.1657732721993,-394.0017361742975,371.391088813559,10.773589076409577,235.1139886487226,21.289057791071947,181.35823777758276,0.0
1556,241.4056158003068,-224.31367220203154,16.38845416792234,-206.81663500900007,18.633613772980247,233.54075881750867,23.704824538115925,168.94209400342191,0.0
1557,-123.90404003601742,128.77135472658364,-270.1406987266331,-44.58611958058931,7.134253870032573,239.17453975505936,20.257435563681394,176.36767339764899,0.0
1558,-122.50649291712156,-374.5177538800757,-62.994529036656665,-342.0762150445383,2.887222325563338,236.94799120500912,28.47513837958191,178.05669933825305,0.0
1559,-65.93955022555038,51.58720370903267,-312.32395937770787,246.73801246244253,3.409055933998978,242.56765469927402,31.170157570667353,182.42443849872183,0.0
1560,393.15153439097975,-162.68050589993638,20.39504146605364,-13.274136291273674,12.058704423398156,237.65081607317626,23.647913459424572,167.99091685152666,0.0
1561,548.9905165593644,-221.5379659391474,-11.823919187462284,-56.43861212279637,-2.207520782798954,242.311880043156,36.41120772937249,198.46062290373484,0.0
1562,-173.08014264314954,-93.0690539158438,-444.0220596141138,393.6690286242741,-5.543638504187831,243.44270930851613,38.90171983425459,201.2023593395538,0.0
1563,277.6870698416499,-96.40558053789758,342.32142891229995,-241.33478097329345,3.047697669389138,250.53019011301592,27.353907500446848,176.1698800446643,0.0
1564,443.9613588323157,-62.465231619788305,128.2914155857001,-82.48348278052546,1.9784550721636252,236.79822104288095,32.61563347311436,179.60542989939793,0.0
1565,198.22135447963453,-211.08181514452707,-295.2417526331915,270.52194182852804,-1.2996009411197769,245.2890372975289,34.82763551368793,194.12525302125138,0.0
1566,520.1352399984266,-601.6645108128733,82.91399962638732,-216.7281011601071,-2.5994477496475232,241.07161031861412,31.954848870472958,186.1785854889422,0.0
1567,191.2157957418731,-556.5550294361306,218.13372634612222,-306.3712595264335,-0.6877628594324858,245.15823937287144,32.43364274797096,189.72495450204894,0.0
1568,-141.11125780933125,118.91404580955384,-157.30439767085466,-182.00558997618884,14.210568645874625,238.48379099887856,25.028217664294047,169.59049386967345,0.0
1569,260.06085799808625,-11.180537053555506,-154.5980720745612,129.81201273275354,-5.9968979861293,251.56820926572738,27.22467904269199,192.77755152293537,0.0
1570,19.85127021334796,34.443880073625486,-199.57764183906647,-144.30194145418415,3.388342560739069,240.15426253868375,28.43617133824547,167.76770510199074,0.0
1571,638.6052156641209,-424.2239049865663,-121.56915903751559,-129.5721554266192,-11.55865896178242,251.70799098613836,39.45302338343527,199.6379696538402,0.0
1572,-84.80369443606844,372.8401960420747,-484.26876529161984,569.9513480637261,1.4698768148142891,237.16891938685373,30.263161242327804,183.9286441529182,0.0
1573,453.35517850335896,18.830747198644882,135.3555630073104,-102.54372654725441,-4.2849324639585085,248.98581119937626,33.672175072993305,187.92984955979747,0.0
1574,393.81402476602034,-18.016960259923962,-377.034047163795,5.918407631998468,0.5429462016837492,234.0123311703493,31.880305653274114,178.98088376493394,0.0
1575,69.68508589902393,-96.62720037187079,26.836576817673176,26.037412414213847,2.1409131627416955,239.2617621028627,33.485502900326296,184.00999989931464,0.0
1576,-180.02795774853283,-257.4166186914293,-592.4060217032658,495.8182228517244,-17.57064348173683,251.7793524107498,42.65538231211876,222.0981060284167,0.0
1577,402.04847425623785,-206.25222126284584,52.45636672234926,-204.2499417124031,-8.735704115439344,246.23911522362624,33.90255238205702,200.40459333091948,0.0
1578,-34.37906603871319,-197.63541562833888,31.95154545828838,0.3624374811745712,-12.2750680859803,240.29672207802952,44.575159263789416,217.5142863144714,0.0
1579,98.30086500244238,19.053866193418223,-211.47836749942758,221.35054219006136,-0.35282308776423543,251.0469078612271,24.42890136897772,186.3740876858201,0.0
1580,312.4876979646743,-232.5471854727041,-223.23678664165786,149.2320329556803,0.701081204916669,241.71647505011165,28.377853882073445,186.1108639766944,0.0
1581,42.87405657041483,-122.92929167569086,91.14918818253908,-227.1155657831109,-7.260729827620887,250.81104489810662,34.46346327784927,189.87014032222436,0.0
1582,-215.2531036292483,-415.0445252999562,-341.07297900820856,313.8324216160538,6.149030985837426,226.087074359493,33.98136194168731,185.00538850386172,0.0
1583,-9.235000627654276,-361.2764714004248,-704.8457264724229,604.2371060809824,0.937902582190645,251.14020265427325,29.115858607366476,188.51151080136924,0.0
1584,435.5724006107293,-384.19463913302064,-94.13698563569713,75.49846446947586,-19.691798289335605,257.82154818642084,41.523523961789145,218.20517742813274,0.0
1585,232.67189774914922,-556.3307192466469,-66.15972588850278,-243.78650535100607,4.291111414571007,245.00673281726685,31.15516041586371,190.2554978239229,0.0
1586,293.4039472146626,-301.12167472543666,232.24768517522776,-143.89465367098614,-9.426736707045162,253.38920437306913,34.43959861429057,203.49207616323457,0.0
1587,566.4305029908949,-239.12518336664138,-65.23225786364313,-73.09276395622285,-20.360897380005227,249.07234845036857,45.37148258737797,215.62166460411208,0.0
1588,156.49513199137644,106.164436971713,-100.5632931223947,117.82917944537456,-11.591976957396346,246.05404442925786,36.582099836106195,199.4509939755925,0.0
1589,215.34939610548474,-351.15450920379044,-205.52719048127847,-222.769348136827,-9.296116510827547,253.6564599617939,34.37799721944671,192.78809663419975,0.0
1590,277.73866599535444,77.32140321567785,-198.40154070150774,276.55781257011046,-8.176767304344652,244.7803210186818,39.06610512438091,204.89317608044763,0.0
1591,-83.68507895280044,-6.625839259363864,69.19006410073428,-230.6563300529114,2.3417658672942014,245.01483979326505,31.18488179889306,191.80398114132277,0.0
1592,190.78659150988045,-318.14583721371406,-368.5928532820582,374.30838775069276,-13.817350188473199,243.2049884139477,42.208320010737985,207.82939690615805,0.0
1593,-18.13965459579052,26.75124264882609,2.587949356855268,-224.1838549416014,2.959657748904097,245.87466587116901,28.293267810581888,185.6897698964655,0.0
1594,367.7538679724357,-161.68343483754478,-245.02398323242986,-9.435354365558624,-6.575761041859883,240.75714930289095,35.58364248377991,196.42230014628285,0.0
1595,467.8005465364578,-410.1989183365466,-205.49018032505174,-89.78586176899228,-2.22812887447358,249.19200036997003,29.887245436331003,180.62290009242116,0.0
1596,-154.49511554823124,258.0117157830427,-104.06664845516329,140.69308015503418,-7.731449223829017,243.9578471707025,35.864488485656786,207.28819272229472,0.0
1597,428.4026517298184,-183.47813240931706,-51.28291797051552,37.240324046308146,7.4433235584551785,247.10004288210598,25.853684389012855,172.1698324460685,0.0
1598,735.9094551995618,-301.0864257657117,-13.751076586860943,19.9706273209167,-1.0459357564356586,241.13178865671145,32.82054133728109,189.31092465751155,0.0
1599,433.3458465791558,-204.7700352070215,-73.62418989931554,-106.93367031402086,-6.018857554234174,238.2031363407033,41.33028765467827,200.89597395275462,0.0
1600,492.5563583921042,-443.32004967945926,55.83598081094987,-175.29994217894495,-15.291255662139719,250.6549510304991,41.20450998228555,222.08232109034753,0.0
1601,375.26322407250035,-510.996507479443,55.332022636621225,-91.4143218243403,3.941088713722352,241.94985455571606,24.801510799936885,176.49163918511212,0.0
1602,264.6965013565709,317.5039381132938,-68.7849728308897,116.4863025395065,5.872271852513841,239.85878534207046,31.681832680638795,182.28633906338334,0.0
1603,-66.24761798273875,-437.21685967870087,-71.96503863058138,-318.6255731172281,-0.6547452361231787,243.95410960567057,37.15896670616088,194.63342978909694,0.0
1604,251.8567206046801,98.91006207095398,-576.5283024345232,497.61645309809535,-8.748638073264303,255.83181796429653,29.616778713376863,188.87794249725013,0.0
1605,248.25280372165687,-341.16871773527896,72.43990979467779,-64.31020803850114,-6.884270887039377,248.50212121223203,36.18952968525029,198.54992539742358,0.0
1606,-33.0419205279008,134.4737601377377,-394.8589143222838,-65.72611279676143,-0.8431747122016615,235.413048333393,32.44537584164678,195.73882769063576,0.0
1607,-219.76384895280225,-312.9873444471551,-16.29156483352483,-380.0140729216838,12.80725435604239,234.58780432307475,23.78397252236919,171.9036789642375,0.0
1608,383.92315637283684,-141.09769480413644,217.82713332380825,-196.41653169792446,-16.713493088320988,251.34016405557622,41.946348060063585,219.0631100241965,0.0
1609,121.00989750862357,169.80348166891912,71.16151086670355,-14.515924970738748,2.539478308191608,243.46753608771954,28.53822983226097,175.40962632730887,0.0
1610,-222.857684663522,-294.8968063303074,-405.6405440738724,335.7780536969759,-3.939964966537862,248.05074384578467,31.61921213912985,198.17222046363074,0.0
1611,42.98709939871961,-322.8384966786426,10.254774018223989,-290.37130902227307,-11.293969444569212,246.0808671799714,36.050078693160074,209.16054847718007,0.0
1612,-367.6477210777393,391.05638914221487,-290.8507365349161,-131.70733320048234,-8.809869587440609,262.2538285354217,33.93159333928814,196.55736375262538,0.0
1613,25.571314482309514,-90.98282830127232,-151.25316241610201,140.65330315731077,4.907347054635243,250.02415165085935,18.28066558726242,175.9045577951897,0.0
1614,147.08918040645523,-115.034639184119,127.76978158569436,-38.83381281858218,-6.25119598262403,231.35129221568715,34.46100238290284,204.32361628745844,0.0
1615,128.89395985764702,138.56403211156928,-184.68180164715176,326.05397601843134,6.016970951004395,232.31345253357557,33.9099951379774,177.57512835119414,0.0
1616,328.33566414377844,155.22255885183344,-340.10784496871776,64.71707296303761,4.605477144585866,241.53245390524953,24.78915243221212,172.34150696356923,0.0
1617,132.49480184283877,-271.8549686296964,-184.95014364450253,155.42661923315757,-10.288227018583784,244.27588404840057,37.52383019268728,201.98317799067684,0.0
1618,251.54625927629283,-143.5723371067457,-178.7573082641513,-123.02404712913568,-6.438649141534644,244.77085597600845,39.08643676506373,193.7811589149726,0.0
1619,-488.4819103853674,-119.04059869673871,-131.5369733431127,-354.1828717859505,2.4828590225789298,247.11796530059186,23.24642828730226,181.08683520765987,0.0
1620,210.25404616202033,128.8896264643586,-164.70783156305296,221.22427602055606,-9.819729589349624,249.88117991585833,34.1115956544216,189.84789777874207,0.0
1621,334.10910263810297,-43.57799541120089,332.72072701797606,-170.7729633894889,8.067090470264755,244.52321046801933,28.76446124787939,177.81031018742382,0.0
1622,56.421042886238126,61.419596400896424,-209.11641307915363,-144.7264291357594,19.700959223961878,225.51600804534772,23.08908474858997,165.19911229719614,0.0
1623,209.50306005380517,180.6389247033217,28.795477657008895,70.74259896242671,4.97113606272107,244.447157708986,26.411819994279057,179.82077819568266,0.0
1624,327.9301810566217,-90.14752564147763,-289.8212904632744,-27.528232262933972,4.266856550124012,238.52106986525413,34.20616765687058,181.022579367486,0.0
1625,97.77264019680636,-291.72123101936063,-708.4539721472731,-109.04618769718084,8.893230620397985,238.1746505712683,29.253360947921447,179.35556608797043,0.0
1626,88.72774137434894,-256.8323801857756,-332.85792539546543,280.1339744565555,2.852657714001825,241.99114691533478,29.288466911984823,189.3019568348568,0.0
1627,224.3378395557337,-109.8833721234461,-8.777957500206067,96.86246802853586,5.239250016596446,240.17154764312903,28.919367853044612,186.67776481693636,0.0
1628,37.6722173572297,208.90782942143284,-317.640527820074,-84.84977813427246,-3.812855903634652,237.27168629343714,36.82942300313171,199.03344499483612,0.0
1629,-13.962125226779087,-88.32883831855641,-102.89528772258723,-237.82037274498524,-6.990869736207859,249.74225519786887,35.102989909123515,197.61428676104435,0.0
1630,187.13725947706772,0.6060030566415353,-122.8340799923636,-63.65722579292119,4.182633733522977,234.56905233133077,30.117794693766996,180.29458001459642,0.0
1631,262.2235419101636,100.10410404423263,-488.14985792617057,-26.569652346852934,-5.558978574415106,245.09641046206536,31.989709682482705,201.78531230315133,0.0
1632,-240.06695732879604,11.269052359988162,-50.17405900834293,-247.2129295946444,-2.935331379905455,246.57474037324494,30.75215366742832,183.07510512292683,0.0
1633,311.83331637241315,-246.01638587694347,-101.0096302286086,-127.72001781270718,-5.320292906557236,241.29028154783836,35.67199739216411,203.09424309871287,0.0
1634,148.80407689051262,60.960471111791215,-290.4247852000835,265.1759254301726,13.734330111034849,244.14394282971918,19.788189999682984,174.7702031815019,0.0
1635,585.559855091575,-225.3846525972973,-202.5069166836556,12.667363751214399,-1.5368599141950678,244.92822128890407,36.971419082304934,195.09456986853988,0.0
1636,212.27939054803144,-84.35664125079884,-82.60275410126127,-180.4001650861061,13.741984758735745,245.04557209243052,20.482721643935637,162.28471096450747,0.0
1637,388.42206226306257,-216.91607090215274,-60.68216909648029,-131.89032434422,-0.2967749356408277,236.9356952842281,31.87164865164053,198.00324321587627,0.0
1638,280.85824572311935,-87.49842781016964,-25.364273424295767,62.321465767629114,-0.5769587175901764,238.14361451196507,32.393875093151514,183.80413829706217,0.0
1639,225.92157165225836,-517.0411832767203,-0.37496229217377497,-296.26552333878,-14.206504290847702,253.97628542782272,39.05587239225274,205.57398211415136,0.0
1640,618.8127393133193,-342.7263175990258,-4.91991394117457,-143.099977840479,-0.14370837741302278,252.56400332398022,24.468540621713935,184.93810689433766,0.0
1641,403.71868308885655,-415.66200578964884,-306.2085925349084,159.52513760439223,7.08440264656428,228.76451469501598,35.51492155226468,186.95359268353513,0.0
1642,79.52869738153773,-41.32813702542115,-242.01918629675316,269.16958606710295,-0.9079475797660153,246.6509207592374,33.818435785311905,200.46991197155086,0.0
1643,68.70058159182649,-320.9889147247313,-380.3758015519263,398.4799818100926,-11.80398235928668,258.23036076725873,34.38511115698014,192.49343721234717,0.0
1644,287.5513674507723,-96.69214768931167,-62.78609532215238,124.90425468560669,-4.778577087121075,241.9009043309041,34.465302598721344,204.4301209311755,0.0
1645,508.56644790829506,65.8117471047075,-127.73699708392425,-13.055525906145515,-5.056179822739396,250.37209001577526,35.394701794647524,188.23992333440603,0.0
1646,573.2985422547831,-278.75318945503255,-13.748215065596959,-118.15025225764005,1.3983303404398901,237.44619456298472,37.0604764912138,198.8266134573976,0.0
1647,-36.17666703419824,-277.1365436207657,-233.9220593474958,179.6279411750473,-0.7222177342504763,249.10038360181412,33.39149257710163,187.39846366819575,0.0
1648,432.82846377930457,-149.16197708986851,109.0821970582895,-112.94276392907649,6.833754884977779,236.46911523722113,28.570715626034517,192.4297152810504,0.0
1649,-236.2444652350258,-170.89223585258247,-214.98854422248996,-268.24045360239603,2.430263416637237,242.126528724146,35.17043745193143,185.60660805234048,0.0
1650,-52.062867510958014,-511.6645322283285,2.138469948370214,-337.19534420357076,-0.5040466013452859,246.69861684058836,29.93040527010077,188.30725525877241,0.0
1651,220.39420639202004,-285.4574071596997,-206.89948145419734,228.72243428313502,-2.7313336456482338,236.19947202422549,32.27834666427193,200.3057035784342,0.0
1652,9.43442757642492,-155.4606626336287,-221.30156200915238,-170.53528902628298,3.5616263205399976,238.35661657917356,29.922913140893037,184.01288734520176,0.0
1653,209.9835363726721,83.16119049483457,-302.1602778089639,-60.24971510676686,3.6962246462803945,245.99471890494766,28.805040359043485,183.96407139706403,0.0
1654,188.12654766838634,-468.3341484808619,-454.18428613310294,-118.54792920949681,-3.161401161554795,240.37416734174047,36.00538087308209,188.0306257702326,0.0
1655,466.6780501432296,-171.43931569588125,-174.62112622204305,-87.39616450073223,1.1828316134436245,243.75320873524365,29.803461668866824,189.5017977011623,0.0
1656,370.7285183371669,-4.293543767523911,137.40910023721992,45.81713605625674,1.6671901512820146,240.04532229441966,38.34901220129518,180.16320297623747,0.0
1657,369.5935628149366,-233.12028300165193,67.17230003231091,-64.06749690452496,-3.522903965066237,255.77242582607596,29.924899438353535,190.20014676046205,0.0
1658,-139.0172193253215,-152.3889449491239,-462.51836531895316,427.8514298751876,-4.357277373253525,248.8326477540607,40.13954679597114,210.36543477654646,0.0
1659,-247.2975215266485,-232.16102628494312,-75.73935460926121,-281.3755541234787,-4.789829494070461,246.7873960589096,28.273230126372262,190.27938727768554,0.0
1660,-368.39463736325933,160.19024450950917,-246.92183690244428,-278.46709025877516,17.35116019852015,224.5567259260975,23.767288355150377,161.62084288373222,0.0
1661,-36.256731786903,-3.8993787142256098,-257.067439446025,-149.5182305839186,-4.0732479400396535,234.711223153088,40.52281341499302,205.80940440237447,0.0
1662,434.74385138484735,-448.0495541157216,153.05737545723642,-186.64071019951632,-0.4588251232434394,233.0741285230773,36.0274052906726,185.73246928461032,0.0
1663,225.0377170614513,-366.57857145644783,-448.67459847607967,-124.41333870932054,-0.3770387173526031,239.81280293004895,34.94757585772244,183.19727468634957,0.0
1664,206.08518712275236,234.32449423959287,-136.87498721952758,-42.821802257199735,4.76233656112065,244.4096265026898,26.218922940507515,172.69621485578847,0.0
1665,250.32378965201679,-192.027317493048,-82.4709174621588,75.922806880038,7.2793799152725605,232.17745132592447,29.850195647387636,171.87764404941828,0.0
1666,224.29388013164723,-708.8660848694726,4.80615058512055,7.172271634955485,14.656420506336481,236.35178657462197,21.2975972875002,170.7185780642849,0.0
1667,79.48638010515019,292.8720749058082,21.27750912768289,-6.426849233907617,0.9228200325042444,244.52470713378656,30.6596935218222,192.8444304050944,0.0
1668,144.0145643265746,-151.8163306630744,-114.91827559576421,54.70717596438659,4.360135819765141,236.05710843155356,35.765170522549,191.04230815842328,0.0
1669,207.89943888699244,84.21390535037378,-330.43189451160686,-82.45383848728795,2.748436192998079,250.53839422236814,33.85782112271866,176.7473642906221,0.0
1670,-83.64443245426125,-181.57663207535225,-189.06485710487033,-210.1744892767062,1.3810758911004593,231.29229397037633,34.19222094178404,206.02204215651943,0.0
1671,-155.2820110992651,-183.15156519150523,-235.51169988098542,-246.44211832886512,0.5839590727658359,243.72995237135237,28.908952684674748,181.50926605176323,0.0
1672,73.30375822700242,-118.93388492517163,-71.24963535261143,-186.97749217262808,0.07536390319812236,254.76278322098355,32.854110411656094,189.01483862180706,0.0
1673,436.4419469589384,-154.45065643920566,-239.78267563828214,-79.11737767701699,-10.365543317082956,241.38196721673825,41.13732330840509,207.72952049992335,0.0
1674,258.95070681998027,-138.24843800285777,-412.00807396689373,-60.014039854214005,5.478174932993391,229.01659585660065,30.62359394641244,183.67693687905452,0.0
1675,130.56591073726005,-245.30632408541973,82.79547075214157,-199.14594637006803,-4.4539064461120965,231.1990901613227,35.66915230296343,197.92212854238076,0.0
1676,72.47042722483951,433.73998427852564,-322.7712099166095,456.7309401203589,8.192081033467948,254.03629024751004,20.270973979443067,174.24211679320004,0.0
1677,355.9142311959346,-144.11945377424252,-439.56676963597516,335.69481673316693,-5.034825614051547,247.82242822712809,29.759839849474265,197.36769815519486,0.0
1678,282.9551125071303,-400.2249732127044,100.63975361488401,-66.01736877026907,-15.027684761304895,251.39459155220084,40.1326932285584,209.3849690203835,0.0
1679,164.0757809025452,-5.030640191443725,-295.35275630114006,307.0321705179021,-5.341699072706877,245.4123594253381,33.65799036084096,200.54340265446405,0.0
1680,69.63063577904562,73.37772379170384,-335.1033621770598,-80.59097732764235,0.6404411907826195,248.14319147286156,28.65158296498935,189.24976955061564,0.0
1681,-121.88861572779821,-109.22558549912682,-223.7755800951448,214.93755738590207,3.0167872395756463,241.73453154690657,31.71417828800397,193.30822482481028,0.0
1682,263.509010554115,-353.08291027649034,82.52913871677433,-230.71585649069104,-14.81760518369582,259.36037721081317,32.91882576185952,200.05979567277745,0.0
1683,94.12798377671922,282.11471704403954,97.69340914671511,-50.76980978623995,-2.3654991976860984,240.81595354591232,33.0909338821757,199.80104270709367,0.0
1684,514.0388285519989,-202.05261788745545,-285.9311911775904,-44.744561102718606,-12.803122081296483,247.63455182506527,37.65896627894657,212.9780996791013,0.0
1685,4.801724346131797,55.541930171207184,-254.74263140992414,-150.56790250251686,-19.41828582733278,250.13378415100604,45.19059938631788,221.85347375210875,0.0
1686,-173.9226145524811,-47.3834210981322,36.88437178464239,-61.52345897366889,1.1831354772803238,233.66446208131953,37.22614300976928,194.73005182633784,0.0
1687,131.53637650986423,-138.4148503203719,-409.4849297541268,-127.90612215954842,2.3759533209663624,231.89970052914848,33.15127763314025,188.40458946550757,0.0
1688,608.3864240755942,-436.53926233954303,-194.36082590726215,-68.10444393576593,-3.3110140204561107,244.7809028618041,31.624817473343516,186.79753219629265,0.0
1689,592.0849166663199,62.76607304940045,8.38454671475728,64.19311340860183,15.041114509342737,222.7219988891916,23.33542468978326,170.53459075471775,0.0
1690,-169.16554840344222,-405.0587191047574,-213.1857093603047,102.62853119738384,-4.97242540332551,247.9311130088821,32.92720482378207,200.7422722867762,0.0
1691,-150.95218651862473,12.502616312655391,-475.80721520908054,-131.97218082644912,2.8455676849798945,249.38865449541925,23.794164412669275,176.4996277433536,0.0
1692,618.9398051946995,-366.38151550246965,-18.892652439730306,-102.66462272122048,-2.632050752076247,247.0940646728185,35.204410350486086,193.64329431818504,0.0
1693,300.83707220385503,-298.02574496758564,153.6852404932795,-97.7405455023229,0.2539783102551143,236.92446263526975,32.35037424161984,187.2582067099834,0.0
1694,203.69411332996003,-343.48569827915145,-5.263309802649352,6.729101094817902,12.199713146373984,232.9614881177791,27.084083766003037,177.09806196968822,0.0
1695,18.450096474515433,-118.42001179554742,-269.77952436475834,260.0398493984515,2.4386806967445316,230.4234019024654,34.67633383926738,197.49129734810975,0.0
1696,101.4633590453221,-176.66258984464426,34.04505532069449,19.79642896260545,8.929459733029296,249.4389910921724,23.175855576709612,171.36553413813874,0.0
1697,-260.51625998356474,92.27562800152991,32.2363043278322,-316.18060786603564,9.941460051873198,239.52875762255783,23.425790295166287,169.5316696285361,0.0
1698,419.78261288250707,-240.85845014127108,-466.8450205788708,-54.914210303662614,5.129354466439378,229.34024699213543,27.43445702530655,186.32768886581624,0.0
1699,80.04908285011997,56.051276023898566,-142.46261414121608,-81.34051893241674,17.541180740153983,226.46849538421458,25.42979055706772,168.8646042906226,0.0
1700,562.1137615434075,-117.8842319177904,-46.71944724477564,-58.92006507353207,0.7011414831532141,238.2178706644449,31.907387782797326,193.68456639668867,0.0
1701,290.98235490281075,-478.4985877116681,19.85266881323895,-282.9535370955856,-3.916329524589897,239.19676991427076,34.788612074493216,201.15536605725998,0.0
1702,247.58584833090862,-117.528003941545,-118.38378637029948,141.99255783556498,-6.9020809562220276,246.2652512643694,32.949672652085425,188.9163769859114,0.0
1703,158.60001383261994,-5.47328743502371,-4.803025679401607,-161.55715406782687,-8.065528210707292,246.29900733428315,35.78022981001647,191.13601674812364,0.0
1704,-431.7976863024201,-134.8636635881432,-429.5017768168776,360.1256311569839,-5.305878483243469,254.88720276473475,32.162588897432244,192.02688845125155,0.0
1705,-179.28081914775257,266.9022814814989,-434.24204958009034,430.8394207565461,6.045052160916259,246.12302129259865,21.093023560117913,183.35696503510067,0.0
1706,154.95560909717446,-35.006191512471176,-328.90261688773654,251.86825216367433,-3.193281613969781,249.47999504143166,30.69129131142212,202.35625457486776,0.0
1707,219.93882121659487,-167.22960802519353,-94.47851708707883,-129.94770818567812,-15.974474094005448,247.36640950026901,40.312564757370055,207.90534960546103,0.0
1708,-21.003703488010373,-16.103066273278245,-227.15352904640116,156.7511526144107,2.090449928886845,246.78049127651173,27.529467518477098,189.2928465312779,0.0
1709,584.3961307804237,-386.820184681681,-118.0707799349806,125.98669062500171,-13.683205752991272,248.39186144108587,32.25033588594751,204.61780462496074,0.0
1710,-374.7454094178431,147.8504667312374,-433.24090369069995,424.3100538245776,-13.348453072638655,251.0797918020897,37.05237158553123,212.09744191277235,0.0
1711,-275.01211406490495,305.2757265691889,47.08442607936965,-189.75592341278008,4.16281536681592,243.30205477364953,31.99132152420498,175.61993608176482,0.0
1712,67.78906959506999,-474.8030166512761,67.45256710412333,190.91092951205866,-3.395829071467536,250.08429860757832,21.850466523780195,184.59761126413454,0.0
1713,-331.7044438899742,62.03508901413501,-108.27575466506553,-235.48768659830327,3.8585643392863647,245.21287061722006,27.100568223494413,179.48531374034567,0.0
1714,278.06993179098305,-128.8888925364317,-106.31092160891274,-101.137388730946,7.1651034307338755,244.9305014184125,30.980740184204457,173.16676414138368,0.0
1715,587.5667487333313,-197.22102830867328,-115.54030885027385,160.16679576187414,0.7716224169816572,237.60077835755595,26.875216029182653,178.7437662259006,0.0
1716,291.1252158213412,-379.13600687748806,315.0279087792693,-269.2866944334686,17.296941968102374,223.9784252870596,21.9239851364312,171.3520395197294,0.0
1717,152.00115504538007,-97.18603509295147,-222.3279861677138,-65.0962226557654,-21.97138645382562,253.7501503002269,37.51703873438829,219.79691259035616,0.0
1718,248.98050926176657,-360.25302423478996,-168.0852023562395,147.35880346581965,-4.779550090263066,238.7119971482039,39.54914346583623,202.20616338079284,0.0
1719,99.73788981109018,-53.03548865170096,-454.8432855948575,-51.83907059863404,1.4910977422428608,247.77327301534407,28.846502300181832,183.23557262021487,0.0
1720,650.4047081188825,-414.2110874237413,-189.08352218014818,-62.57486901304269,-4.217781574165066,234.54240731010466,37.201733804486935,201.40340393676505,0.0
1721,-182.26562828525266,134.62947410100895,-502.7017307176673,-87.77162445145957,-3.943389744527134,239.81427152509684,35.80443119457873,196.9560399679541,0.0
1722,151.36128620310518,27.461228983513443,-98.38888538758668,225.70506875304392,3.180934546002338,237.8775549682918,32.92751752155863,178.60763135115104,0.0
1723,76.69280958346879,-225.87972097144728,64.2215662061437,-261.2679684935898,4.081775675571817,238.65639800402255,31.135854457134887,189.41214853769634,0.0
1724,-99.1613504838127,-51.76788947945976,-187.94939745891253,-195.8988489396379,2.480833506640331,248.2376484328031,26.472641869309406,188.21422029938878,0.0
1725,276.66910050652535,-387.50667881006086,-171.20822469328866,-182.68660456824097,6.745478145216722,227.48516435299462,33.13147879368377,190.78261220557556,0.0
1726,312.36725635927263,74.0012481462454,-148.70909511803214,172.91483102912056,4.818139589534671,236.77168487462524,30.400268217220745,178.5013312166587,0.0
1727,498.5013426614579,-576.5170328190516,-28.229782058247842,-163.75839516079833,-0.503467219102122,239.66920321582148,36.965377970965534,186.72017780243942,0.0
1728,143.4521860878994,12.302955986039322,-308.42429748031304,260.6115966214646,-21.78970563776562,243.28276531282037,51.36461088284029,223.33707848203602,0.0
1729,-278.03429032529834,-217.73782266687874,-371.2597918126151,306.2156408654245,1.887897864007829,238.28757782165113,29.92941876209567,188.34634055664085,0.0
1730,77.61124560992253,106.22687574523049,-349.5269927209882,390.00285621714664,2.260516219015805,244.14334516987057,32.567125531136654,190.1703075644793,0.0
1731,168.01308067422593,-534.3719045129443,-462.4931083283807,354.16577976792126,0.16789616266223595,244.49952009819944,28.01074719081604,190.61011434612064,0.0
1732,-1.0902788609942649,121.80817020721442,-215.9262585590954,244.20705605521937,6.577992944460432,238.42665870511433,26.714067546619624,186.15927754967848,0.0
1733,321.0282592580637,-79.51444467825375,-146.98239604133806,-104.5328453517337,-12.028986905287656,248.19476434279176,35.14985440438674,217.3931633065383,0.0
1734,-145.78481971055285,-144.55770224488808,-204.97532989033945,235.2627203182057,2.662598711078774,242.51846113370493,31.79259877462284,190.7581728548465,0.0
1735,366.15278243935865,-70.04032782389503,-70.82115366670395,121.82805325573653,-8.70406707432867,243.6506017643121,39.99363825429032,203.07444148111577,0.0
1736,-41.43935613571181,-311.9728230302713,-158.89815610991084,-222.0116324804252,17.72601071412586,226.24998921474796,26.256656829886694,167.3457454031618,0.0
1737,69.04385123091589,-57.6565093569664,-139.98748591510736,161.4539504561583,3.755464352748586,238.27820008443695,35.55503227560196,189.84981778658366,0.0
1738,34.11837137334528,-26.934035116144074,8.456550739748558,-246.6764635746512,-11.003499086091784,242.68638589098757,42.083731071132505,220.62960089935294,0.0
1739,370.8117448293455,-67.66972807476375,421.3913127144515,-295.8301983338106,16.64780274321831,238.88211654012457,25.459888135305366,162.81076785908516,0.0
1740,680.8425590825155,-378.2743166425369,455.13097522581563,-362.9890316211709,14.496337139284678,236.9668797579111,25.33289633114086,169.07129526444004,0.0
1741,-198.1945740324132,-186.92238087326402,-51.866425856772416,-269.79430461907185,11.980541250728127,241.26463847172684,26.503882531491566,167.9063957176106,0.0
1742,-90.15656523579048,-362.04920682650885,-190.58088844241271,245.539440384932,-6.676457127726054,248.4114854416304,37.537466047238404,196.23055500693522,0.0
1743,71.6636933298082,57.53418161851318,-418.2368424240039,433.17483930904166,-7.955642870826521,237.26107917274095,39.114155464758944,210.42434233132437,0.0
1744,-60.83408008760922,-403.541227175052,-3.7211863309442705,-17.428051645909925,-4.966173503761883,247.27511843898532,29.48696747560995,192.92845223052484,0.0
1745,781.1767026822965,-221.32332210031396,113.43940289494272,-32.53267189780444,0.666098912868663,236.09243914376898,35.646925445945385,193.1573243375048,0.0
1746,-15.474538788671666,238.33153390248722,-168.77217682018656,-100.8592883697309,1.59776515514573,245.72854335283722,28.428018372507466,183.63508947011272,0.0
1747,227.2912310561966,-173.69177846188927,-34.80708771302141,40.14746470454975,0.423339696199472,246.2741639061266,28.128555182515978,187.95934639994928,0.0
1748,-200.9246713537277,46.19120325374335,-515.926072024132,483.16103362181605,-5.7233377170420034,243.19972825242647,37.659844238642165,190.24353530317228,0.0
1749,79.74435403660593,-237.5544223231739,-154.45065879859604,-210.57409064547352,16.436211227454173,239.42936086035272,20.860313428625737,163.40810281873829,0.0
1750,356.0763714685065,-237.86037978400404,-373.0492219444554,-52.93348592758556,13.199646890081507,244.79905483387458,17.721564605099704,163.3649922098288,0.0
1751,205.3197025608161,-257.19370482320943,-119.24402949101906,96.91453580002528,6.421352360346883,240.95016072076015,30.254764336257725,175.32024026891324,0.0
1752,232.4303036545656,-126.48851211854031,-645.982270324531,542.8723722064699,-1.709736891988143,242.71170095194955,39.44189925029912,186.60826406798094,0.0
1753,365.5581210823432,-155.36066635869932,182.9531715194496,-168.85606730498515,9.380602011045829,230.81696521889114,29.53511877295019,180.5965081060485,0.0
1754,397.4534274001843,-362.6101798760119,36.17262814825277,-166.902137280737,-7.362238294022583,251.37160381982866,32.98458478097234,199.26887732420062,0.0
1755,-225.8141563601968,34.67417591220266,-514.2746237003093,461.86330938202,8.791615320712202,234.99720958832972,27.45493892112031,172.81186935483328,0.0
1756,-43.69817186417926,-327.99445885659145,-381.8599974933401,358.79095757527114,3.9713447679044434,232.79545363992102,32.100567540700744,193.7764686650341,0.0
1757,-15.760957878909476,24.081917091512196,208.5573921896636,-248.42497580675652,2.177067734056824,242.31066979114027,28.737579713540242,181.4823749885503,0.0
1758,132.4082459599912,20.632214283766935,-431.39619209364,474.017936627694,4.211529237732943,236.7744130335316,27.774088725123274,193.16856338771615,0.0
1759,243.83710570037636,-86.37555551254627,-173.4751881139647,-118.25365508086914,-14.057283526920314,252.08763651597135,37.04722262891846,200.23505159335076,0.0
1760,367.0215648621621,-218.29754284830915,-200.85661334733672,-97.79596404131237,1.1905292514597239,249.84674154071104,30.50855492042403,189.77623136328785,0.0
1761,117.62103141820562,134.864168760594,-20.34147344088324,26.91891953217698,-12.93746308141,250.4811180082182,33.59546721713065,206.19176116958405,0.0
1762,21.783694284852075,60.17893610512832,362.4481979432153,-322.23848535847736,16.11065777138619,236.336056905686,26.412801613286593,173.31397882668924,0.0
1763,95.04080459869485,-181.96861533856588,-15.841226182963863,-227.86137781727112,7.81746546559047,240.04627406836659,26.098642591823204,183.55679514981233,0.0
1764,37.51494194039242,-131.23565173393303,-144.52439436857202,149.98445953141865,-6.578249721834688,245.89971054323206,33.00133165839779,189.7107635303063,0.0
1765,0.2309416410261944,-198.52340677923385,-13.177878038612434,-270.4560216706526,-8.329499359176708,249.21432754928932,33.72251087712933,191.49310308148958,0.0
1766,122.37678819434868,114.49103652155115,-296.02766512643444,277.87891008208396,-6.785509258747228,237.70271394895212,35.94724953662601,207.08444002628056,0.0
1767,487.8508543377869,-295.05515132069326,-210.14791052595632,-76.865511755081,5.574226290418419,243.24865290293997,26.870073627129493,181.42390303644362,0.0
1768,-76.04278769954082,-214.12622431197397,239.35548752437163,-393.0261524144992,6.5693394122598985,243.89224651282453,30.831731316604166,161.93107498240002,0.0
1769,774.0758281669706,-114.23005881495642,-323.33037231435947,25.07223050649865,0.4075260025557341,244.5194875873998,31.609508710129145,191.00818936937597,0.0
1770,652.2289489558883,-160.4917650333728,99.09906953093403,-58.80597858739512,-14.008080487694079,254.59946749600834,40.09260564339383,197.83321154514735,0.0
1771,-115.20764634534073,-440.09593469422975,-475.9177280576201,364.0841144145743,3.9815893019738233,243.55532439408788,28.997306814536458,181.46360313978371,0.0
1772,497.31655404447804,93.7110921285222,-196.77520220281485,79.10405141563159,-22.278603169946663,253.7663118225437,43.79527657907569,217.1159605580037,0.0
1773,265.9573515423676,-99.88869698434817,-134.8409760984862,-122.19378353246348,4.872444575154079,236.7322034614389,30.614043852459893,172.84703751043364,0.0
1774,-395.66377839284155,12.591279638728325,-254.07733798936144,198.23121612245208,3.7333762050831316,235.1799620777706,29.367533337060863,188.75282379800043,0.0
1775,-27.23253719696772,-243.0791636787004,-279.32337562511134,248.39675452271484,-6.828903244208726,251.03007729071658,32.30098792240626,197.75198043470306,0.0
1776,-108.61955225589371,-117.42827716594593,-130.02472453216365,-275.31992747846675,-2.4888206347099207,246.5753119885589,31.754555271250435,200.24047670724406,0.0
1777,-63.001033840168795,-287.14227436750315,-308.8797767241466,149.62421611521535,2.9342170010108206,246.83240207524165,25.846851876565275,178.723175801561,0.0
1778,149.65231975460478,-447.4392550274257,36.81507455179573,-16.878279944917463,-5.457036176229695,242.67034858416608,33.79203827899328,193.18559535978233,0.0
1779,66.64571260697326,-343.0048373424655,230.67960002478526,-178.5364073132206,-0.0963800034146256,250.7466170626298,27.873563702991298,189.7899193277318,0.0
1780,215.44781413119853,614.0642223392667,-88.71755288016956,-8.593813461661238,-7.5448594010119425,256.8251750004916,35.59180611003595,200.00410426640767,0.0
1781,140.394680359825,6.196924368190149,-289.57229474912447,271.98802288741604,-6.165078574956029,245.2927684407885,37.490622675206104,204.02884803206982,0.0
1782,294.69248204360696,-17.440660327026293,-200.60692125269492,208.6841783853111,16.623483477660415,232.2329739067421,27.216824651056207,174.10686622004548,0.0
1783,15.38924545055773,200.86700466931137,-337.1122012623842,389.57139578857135,2.4054915591671784,244.16890900707907,27.905794171000785,176.94835070381527,0.0
1784,552.6086752646573,-288.3214644114343,265.3100619059922,-205.57629245838805,9.682645133834225,242.20490282780654,18.90377313343498,176.37976004854895,0.0
1785,98.93578271599962,0.5284023234853885,-423.6509432731861,412.1655352206451,2.4853705018418673,251.46330126725556,23.99362317399998,181.22573562361364,0.0
1786,466.00009967587715,7.254025873346093,-98.94293464861305,-74.25133252189292,-3.940493297585315,255.98162572903624,29.595361498713096,188.21006810396594,0.0
1787,73.91872038400261,-186.4210755824616,-234.19009307056342,186.0665433067974,-5.998443663998281,245.35146691673518,33.43311556082433,203.02867878444098,0.0
1788,215.05230526271637,184.66936283616698,-27.91048311125546,78.18269267050214,-4.293124115075335,247.60420019282836,30.576511113224257,174.20143087740004,0.0
1789,-52.375291615459616,-90.29632730150071,254.84810926711572,-309.6574331129193,-2.9094834204497735,247.77541991336892,38.327770198309274,209.99881231343267,0.0
1790,-250.78853756366038,62.15028856200657,-131.71414656519653,-250.27730463910225,0.8391418593376156,240.63809159080304,30.476932614467703,193.6207051714348,0.0
1791,-291.54844249558215,-157.90050366863537,-209.49252421680652,-277.5910803022211,-12.89708623755061,255.39404254677612,36.262530908776384,211.22848947605686,0.0
1792,1.6398882840860773,-205.5182372272133,67.92617072839735,-267.34847543078564,-19.13919305772724,246.21652945087692,47.766296615683515,220.62213798385264,0.0
1793,401.2993151740517,-329.2296735811211,-79.84946759377549,75.82854354607575,-2.143963059697861,241.74998098627574,29.721566225314746,191.1390787200137,0.0
1794,-88.39335648686482,113.07432184699793,-381.1153401015469,328.8959639405726,5.916141826990879,250.7441532895857,27.26477720655081,165.93320139618208,0.0
1795,184.28834507620294,-231.42710331189912,38.43341767440624,-45.085237324662145,-4.290253058032421,247.93218349076795,30.661166466859022,194.6007261050145,0.0
1796,-140.31327389598846,-120.04292656855684,-349.98638841092503,336.18387648212007,-2.5885430648676024,241.93720214868551,34.855596143517296,197.6102794954963,0.0
1797,198.27620119488768,101.06696842610039,-590.514519502559,-13.186459848613685,2.283726708921996,242.603115185751,33.19753315881831,190.61730322046338,0.0
1798,605.3123914357129,-649.9729847790761,544.371345001793,-456.3223482495731,11.52499100709938,240.8602734245243,23.408992743359978,169.15341078611863,0.0
1799,49.790100055461316,-135.24126512614814,164.60429877296752,-255.32289651167144,2.803656961035842,247.1999440000813,33.76874617784778,189.2844611368493,0.0
1800,37.9324464818237,-112.72262817266832,-20.9254624200899,-192.20749180170495,-12.544156557423328,252.18859543610716,34.96838831688481,205.4575797111414,0.0
1801,218.16259726175744,-15.16821299773612,136.8577119426303,-103.77761074426495,-13.63592755111592,257.02585026537764,38.1063765876003,209.58040838347515,0.0
1802,278.13079352561965,-184.62705824582264,-173.684642672182,-82.27230436689983,-1.6249980496784833,257.8148632831472,27.48585828681607,182.35205043544946,0.0
1803,524.947735279679,-483.9360717991514,4.370693554786476,31.61109113597349,7.3306212824920305,229.00085721814895,31.865351178104735,183.1929188919522,0.0
1804,549.0172162112473,5.073837207612053,30.465915716389592,28.861307913318534,5.680164449473272,244.43091248909062,23.306385250348995,177.10644398678522,0.0
1805,577.0507368638548,-195.4479111051909,-37.47233051140555,-22.89586766836491,1.8358405269365687,242.74769529310794,25.832740904472573,193.59613757437452,0.0
1806,125.42254190997046,-611.4086638286481,-305.7662860313758,-244.12290610846262,-2.5221559902500506,245.91847670724778,30.287013801960892,190.55994411431243,0.0
1807,530.0011966779101,-129.6189418668709,-65.51170686437128,-58.782771524976084,-9.655307176156981,239.7896601203764,39.03462199370606,210.49392978784033,0.0
1808,-65.02884258758313,-45.87878094780695,-368.13127381218453,-140.1463155995055,-14.469793078398764,246.7541301345355,35.98248632332297,214.04580921575803,0.0
1809,245.60519162155265,88.61329114158548,-180.47909731076462,-68.85403048306601,5.538072052959105,238.43179519611311,27.38872540304986,181.50174484187835,0.0
1810,138.38115630048097,-595.230275596454,-177.64287039409686,-267.18549071147856,7.067284644029765,238.25467670233206,25.35101839375242,178.36927917397455,0.0
1811,-181.15274329422238,-11.259599187677694,-134.8225863154208,-241.86870768223164,7.474712492693726,238.71542726644833,28.54738777654115,178.3332797025521,0.0
1812,419.8489162260936,-450.19973155485803,-103.447300356987,93.29991058647516,-3.2739505515068474,242.10394035347747,35.10311279614749,188.01752799227773,0.0
1813,-126.40691509967556,-376.7053646083108,350.33770708935515,-453.1906772023444,1.9283489140042693,228.95696575265927,31.07152309815587,188.1631330432051,0.0
1814,-29.26891248678256,-176.8959209359291,-211.68036133880767,237.20027811514558,-9.90614853585635,246.76760718430398,37.3913713656766,194.51679834402563,0.0
1815,308.7905826905537,-440.99636204899986,-196.40291705752185,-201.84704196382214,3.2765545222393033,239.85394532727062,28.65155253716343,201.23351917318655,0.0
1816,469.16215261125683,-230.57221158667352,-106.52956196010668,96.1644978197022,3.4074222200385185,233.73923166900587,28.004875345142217,175.54545896043575,0.0
1817,183.30456750652553,-471.67466666134385,-412.1682021304884,356.91876082790566,5.904324013530516,243.58261561413755,28.201150542559972,176.32154348724185,0.0
1818,65.33733207049339,-128.32167617094765,-156.37644685612065,123.07581251348267,-4.087426094211396,254.10658712061922,30.584541714270024,192.64437500408755,0.0
1819,426.90541660752075,-155.12566009207103,-141.52867860459338,83.42718654057101,1.185591972598678,237.78614777641857,36.53116656643388,193.27509441632824,0.0
1820,326.30517917454983,-543.533805499887,-25.25305189000584,-12.60378720942439,8.339981908922466,232.3644294667903,33.58548943143866,177.88900914274188,0.0
1821,307.14023261138,-312.4741424923203,-210.03889388661864,-129.50761755796213,2.131149894554386,247.91689852285865,24.715570614421985,187.7636359671456,0.0
1822,221.4404246242685,244.52444145454754,-495.1888221009398,60.560607784180576,-11.321404291163704,251.72620042347125,36.75527491882857,210.94788166414784,0.0
1823,199.70390143881164,-356.0469465591316,-306.61075836360675,242.2813488469322,-2.396085464955007,239.22989570153086,39.91493799241654,199.4710792580371,0.0
1824,175.76592872618932,-303.47809125045535,-17.01325892753762,81.39800137178423,-18.808480469409734,259.87153700854657,39.05857989658392,208.84972675432914,0.0
1825,389.8213712229058,-32.3546157398789,-5.422593858971081,70.40630622297726,10.584138665254507,238.92648021887345,24.285558334287757,176.3393953664349,0.0
1826,362.9353756522289,80.95036365460638,-346.3994812826815,33.76075699018606,-15.76038184799546,238.70439768919206,42.682271867919304,223.55173959319467,0.0
1827,540.6764444473853,-385.5799472903695,-36.968503654419884,91.69135433806122,-10.65186990943922,256.21336548530553,40.87607736535929,197.9495227055802,0.0
1828,240.21554659541584,-491.5908705930441,102.63796965558628,-244.59049334269213,4.04963078418548,242.84768412380384,28.98157150153734,175.76167240762436,0.0
1829,501.49915670913174,-566.9772728781968,-128.96171024511625,111.98481488642808,7.922259565901163,242.10801061954209,24.032485947894095,171.89560855054197,0.0
1830,169.22235822236135,-312.80270665717853,-34.31876416069433,-286.228244477745,-3.24064423607168,251.64490127852116,31.42261466541643,181.98695076450323,0.0
1831,-397.36773323907585,-58.77051437209209,-120.40682818403418,132.84192116500338,-9.266489552385366,238.72618529021568,41.360626318749496,207.80286974948731,0.0
1832,343.2514963335268,-500.51710012364754,-10.900245881873216,-236.8687805557597,15.205169786395068,243.0358844351839,21.923566380482143,166.26256262478503,0.0
1833,-150.8835040406261,318.3055125540454,-119.24289187124009,126.3175993258526,-6.076242870496227,248.11704176913238,31.69192974538736,186.46794268589275,0.0
1834,206.8921866004979,-8.760025797824845,-656.9304730568524,9.624485992203201,3.8252184781422285,240.45072653897955,30.653184173160508,177.95674350469287,0.0
1835,-118.06578327646551,149.37628030899432,-313.20743618800424,253.87981818251936,16.560690800765336,228.249108847666,21.2461345015152,172.37921251889892,0.0
1836,486.57105036242336,81.45829009171952,-46.0735895418142,22.755035062175043,3.453564403201833,243.7098226904849,32.480555219828155,186.6907058870939,0.0
1837,146.00735462073143,-316.37781429870995,-313.18395178047723,391.0936517141438,-8.055583687220864,250.7119889661213,37.70348522953472,196.33101495292178,0.0
1838,-297.38591809484905,28.281125646080476,-174.58565507764368,-258.1542332994542,2.5179660885965305,242.06612093004702,31.58615474342075,184.9329351814124,0.0
1839,680.8968170622045,-489.7517603172891,-173.9863250114725,-8.595102629111096,-2.676982106274414,237.91772488610908,32.12929925686867,185.20007949125505,0.0
1840,219.6946087468811,26.560406485185762,-372.4795541174228,-8.707006722628474,9.424305133765587,237.9077676424147,26.471725161228402,184.09098591685773,0.0
1841,499.56289058529677,-283.2884553989238,-142.79251479367696,191.34378653232469,3.2223615196690982,245.56993253694486,29.78222936973183,181.5307979619064,0.0
1842,677.4703863453823,-222.44586865264515,361.42601019972375,-235.7619488310632,-8.332328778472611,257.28979291447536,25.605433138917068,189.68652228692713,0.0
1843,-26.616323065645233,74.23938323711927,-110.18959925218061,-174.11122675489713,5.518756580932289,241.24635009337555,25.66039381995834,172.31256070334902,0.0
1844,-40.20375076181884,63.90422131412707,-41.20409345184966,-171.22918746833335,-0.1608764548109619,248.67423882362786,34.69737482919913,188.4366995636014,0.0
1845,233.07274345577983,-1.6796497332350002,-211.766138802313,188.6782435733153,-19.604028819096563,251.58246276441128,43.272124724345275,210.9009094893786,0.0
1846,694.156687125795,-268.1229112721474,-482.10714028564274,63.229051017097945,-9.137554027668202,252.28877904532496,37.42259720907018,209.12835142228778,0.0
1847,192.24902020033247,-452.76146278804583,-31.374402479292552,64.2347697178144,-7.386836444459197,248.6152465749354,38.08999406347847,201.80932826040663,0.0
1848,217.0023411207445,-163.37366240305525,-54.57243371221696,31.74327746842154,-7.298539094836141,239.86400285759876,34.9529115290287,198.5259033813446,0.0
1849,208.0426555117742,-24.60505558320063,-261.6276528200204,-79.95897113659493,-6.278911243956695,252.95837986265568,26.976407499217526,195.45784279952247,0.0
1850,104.25999083956579,-341.9372889636282,-150.67127965522238,165.48746770090358,16.754096393406712,233.1797050770605,25.383369814279426,174.15212841158709,0.0
1851,-50.71724781823277,-84.47534169085912,-10.237640276618954,-233.7689582988222,-7.031938018695047,251.32878323362613,36.0485297074707,201.12405935232832,0.0
1852,377.7275431680626,-354.1146882336539,-460.53276478652396,-70.3480116898388,-0.5011363283597488,242.6409211871816,32.35815717134739,200.4467327045007,0.0
1853,409.0941327349237,-529.5545809025419,-85.22585498608518,71.42268929858949,-2.47736365322874,241.1767909129265,37.71178738029642,209.6438575334202,0.0
1854,199.88051254850822,278.6975351339406,41.747144163447516,63.55558792683274,10.46191082292733,240.59339169169073,25.436430396506267,172.836442073523,0.0
1855,-275.60909708239933,-165.54468862511538,-151.3820913581062,122.44065648793088,2.397372973718627,237.8163626255625,32.8252504982368,188.88372827186524,0.0
1856,170.13727524637827,-369.6695528241712,-355.18397342638144,321.7459303146337,7.695940639305412,235.91476315739845,29.520445140677655,183.0652614250939,0.0
1857,-143.04524453173624,-300.28294923220983,80.96946393639568,-53.5658262558063,9.021420299482571,241.68003821094908,30.649335821118658,180.3327285246392,0.0
1858,582.4367837126443,-185.6409475160929,-49.69348990559956,-56.408459212360306,1.85798070294936,240.5330230964186,30.851000014177927,184.08122325671482,0.0
1859,-206.68475549089243,-433.6800571996088,79.17359571797071,-86.57450915485576,-12.313619720018677,243.39738788176703,43.35974137907254,209.83640227665538,0.0
1860,27.232867787575408,-292.40475587053976,-271.74043092925996,-203.70165479289298,-2.777391230355896,249.08120054531395,30.284574527555293,187.0356633929657,0.0
1861,-135.61540010214094,-233.3247626140741,-117.2728025523242,43.00301305660148,-7.674061465342787,243.24851401261964,40.43737088516232,201.78169224696035,0.0
1862,10.258305689942947,-153.39409312896888,-256.73724496770114,-207.3961370373725,-2.804579965559628,240.82473412698505,34.60078653619556,205.37230479988153,0.0
1863,96.67354991559507,-227.05948922019505,-196.49724576434062,206.12392144573568,0.2548232404194475,245.24226579528633,33.98967965412076,181.42413266385566,0.0
1864,553.2655154136386,-476.1052114404591,-1.6951639218593773,-142.5336455577004,3.8436379879977904,244.67665054002455,35.16482744960558,185.74679169586517,0.0
1865,-45.92194936551333,-43.128912094046946,-70.6223430968744,77.50087919955861,-7.657667403469228,242.18772650877455,34.61907749152928,196.6215839997432,0.0
1866,281.31658634799487,-306.03923683194074,-333.6808532123439,-105.78615167270912,12.62527610184915,236.06418063531535,24.22922606076729,178.61350432206743,0.0
1867,-244.6651654435128,24.46808144974795,-411.1833019403614,409.60510238662147,-11.93700236939696,259.4976706821523,35.159212993463235,211.78753622789864,0.0
1868,92.10461157089743,131.813411198033,36.51508824866794,2.1128998204659855,19.514301478927063,229.14517611391597,22.2933408855301,171.03184516991848,0.0
1869,-192.7192074575089,-367.2423497095366,-381.3681997771975,317.1687405172348,1.6176741490237023,237.85287209938815,31.588328066576512,192.04812635069248,0.0
1870,56.334961537403096,-87.69688920593101,-160.32399503157254,-171.64213183820218,-13.186746245479727,251.02783097817306,33.92140667511749,202.69883157601262,0.0
1871,75.42594726261125,9.586124168801646,-114.37465779376639,177.62699102334136,-10.38795748524992,243.8869828365385,40.60698472148641,215.50389336243862,0.0
1872,-173.6648547057702,-209.72969793204132,-249.58270598975378,-261.340564381815,-6.885924651563095,251.1415598403875,32.94297057728968,190.34887889164986,0.0
1873,87.34445928677074,-252.43386102819198,-429.37137048222587,-163.44855488771526,5.597186439691627,243.378453221014,27.160001949358694,173.3835915900601,0.0
1874,259.2875972672233,179.13263568516305,-531.606069505756,563.2582148838566,-2.404142023328723,239.7724698773113,34.4029694172513,194.23816041110356,0.0
1875,388.44745167307246,-274.96112020784284,307.70207192533667,-198.4585522118903,1.745469965508244,236.07447280929773,35.32854069825068,186.72737566134683,0.0
1876,85.79640215379962,-322.59096271377547,-493.40606828498244,485.21441020656437,1.5546183303123255,249.36912408363668,33.608600108456606,185.03951848568425,0.0
1877,507.71136393884325,162.751025179568,163.88826025325193,-139.37913388643773,-15.857232274774665,243.87347490214543,42.12550150058341,210.1835180912364,0.0
1878,1.4126457116971025,194.55393911712127,-266.35356928385676,-91.4764980457266,-6.245909614024639,245.8557866641847,36.011466749026646,202.59340577689008,0.0
1879,31.80282269905268,-79.82089496601836,149.6076458842922,-256.9382315913858,0.8784821916979764,245.29407725787755,33.7909771062173,180.97859582166265,0.0
1880,-37.988877562059486,-197.90275454247762,47.214193794339245,-134.04790528781575,4.188847983086462,239.35508539187484,31.592127708117978,179.43566145957877,0.0
1881,242.14276284983507,53.38618984385466,-408.24664724114257,-25.926591283874068,16.143484357592317,228.02321527265914,31.562239925750042,169.00723058121565,0.0
1882,-218.71784441570438,304.59860124716613,-454.8483639573735,486.65629797083466,-6.071058231660905,248.37562611095333,38.99940207078797,197.38715139742078,0.0
1883,34.458651094445436,-34.66172794330373,-194.5184262663107,225.63835075980617,-6.063524988254939,254.38389472086163,32.09393240728334,186.9489776580569,0.0
1884,84.12051033130561,-478.84494354545063,-314.38859322946547,234.42591934398828,-5.663422504855817,251.8648883880148,29.87628623476824,187.7487164926618,0.0
1885,437.70141868330103,-291.46657033585217,-140.93795385818808,-100.2279272262628,4.514279170803029,238.6685913977726,27.782815562078678,181.42101829371103,0.0
1886,360.21211989355226,-255.13813437246827,4.277377281044048,16.56143708382174,5.629456656179364,233.90380024937815,30.567030221379124,190.61391708979372,0.0
1887,-582.8699549622551,8.443750042627695,-74.83955403947564,-359.9121670268981,-2.041780656532906,244.6608409430536,32.25030031714662,197.94439142846406,0.0
1888,257.28206925185475,-385.46809795740035,67.42475182086656,-253.3606193241206,-11.385923587914274,245.3307278799876,39.633089718410524,208.0070171096029,0.0
1889,-111.73380813901139,-30.317613630905214,-2.626575896590988,24.947554170348063,5.42315161550057,238.3714800913608,30.949377029796445,181.35221748046993,0.0
1890,86.98009341384936,-97.84258415499727,-225.30629733689622,-160.53162858122926,-2.4872160300847765,242.0382551707021,26.290986477784802,193.96459230014324,0.0
1891,198.33589038062874,-184.86786996302823,-341.80944522587305,305.3423143074031,4.795021684448173,247.95649952865705,28.4897885324517,186.33371375582206,0.0
1892,-42.27923755277971,-284.2428873475196,18.136746544380735,-314.03727228008796,0.13190766426248834,236.90118150528073,38.74412309615476,198.5232148724796,0.0
1893,203.225007549164,-169.11294053585956,-173.13150542862292,154.131059973963,5.776214346641365,228.59599499091246,32.52957241511575,207.9945247778788,0.0
1894,624.8764951341548,-194.38603939157173,-414.99765956124133,36.12592710736149,3.505756390621901,237.27225325771354,31.779967205682873,178.0357595979662,0.0
1895,-136.66281943955062,92.60479524917855,-177.743168700476,-158.2403569103946,-0.6968867098239611,243.84017819998724,29.143589177957374,184.17633453704929,0.0
1896,402.6087686942567,-10.943720558888304,-74.10348357058623,-40.96285411346721,-4.272024052948439,255.5429952368966,31.560704498514607,187.14225563420365,0.0
1897,641.1907823951591,129.394309892001,-114.61377761072673,35.085388827701514,14.01393897464735,233.74957381817265,20.414731601051557,161.68591063623376,0.0
1898,306.4354490069855,-151.74819245817525,29.06597636206547,-175.3194454418484,11.13406044132928,233.7239446056718,28.746793507466673,188.24464982981698,0.0
1899,-249.67132081309472,-84.49975316245926,75.60820027520943,-290.0265041044127,21.336174620807615,221.83258412931661,18.593717536236966,170.3894154622841,0.0
1900,-343.7632232333721,139.8116947763928,171.85266085126506,413.82866770878445,4.467736287961434,234.83252772528837,33.19624302120114,184.42914436582893,0.0
1901,323.65094519469375,-590.4674017307678,-603.9505707955067,-144.27448744464726,-4.980516580680042,253.5048775814277,26.744310347104754,183.89101813353489,0.0
1902,19.15763152767984,-147.88975009443075,262.99319718177503,-304.3690176191487,-2.564800539793997,249.12014501696487,31.910531957752955,178.36347565051747,0.0
1903,291.9340603884415,-185.9125765341072,-182.7054690947745,-85.47090742780111,-1.5562517293074003,248.3528921406107,32.66308382748401,184.00169920835393,0.0
1904,263.3753490646658,215.54697406764723,-320.37849451285234,364.0279351231045,0.2753245007853655,243.89562339258498,27.247488539913633,186.49697644404964,0.0
1905,231.73083555796828,-623.770784473867,-38.35392459536446,-283.5958529235515,-7.173509861347012,252.64840399854793,37.97097531546679,186.70636444252244,0.0
1906,513.7588796614485,-451.48459320117774,37.36939871000213,40.041462856936526,-9.045697066084912,249.0553509430744,37.81067356270335,205.9696597254404,0.0
1907,465.65542364557723,221.60492822359586,165.44517160510046,-48.33809487289409,-9.690067354703865,245.83292707781726,38.249038515196396,199.96895491001322,0.0
1908,360.65397250861685,-388.10260847397177,-105.10568855918672,-157.38412355708272,-5.119613364220714,245.28162715449776,32.91666282071836,202.1317210214385,0.0
1909,275.9381027436012,-217.51266459041943,-298.90725978544316,274.6646414154474,-3.4227558420921085,252.07488473366422,36.62962122137454,190.5262131389984,0.0
1910,-208.2563137627711,351.232255256321,-593.0920236712749,-11.351853930352718,-10.056142709541536,245.25913726669796,37.551029124130935,208.50721683420733,0.0
1911,-58.25651386397644,-155.49284206223842,74.2133529733008,-289.2058413611209,7.643356566591326,241.91001004870353,26.78679856917053,175.83015456523245,0.0
1912,-123.08850816797614,-81.1540742596038,73.65276929530592,-255.7063772324784,-4.604136652813839,236.68128855121336,36.81392682278467,202.54827325029993,0.0
1913,-232.97928532883736,-211.32914029317237,-10.704243366087729,-332.7133801575037,-10.89285664456324,252.55943885425026,36.456365212561295,205.6139553372698,0.0
1914,37.12475441368608,-55.45378103068197,-272.36702206203927,-124.65013315377801,4.923813057984804,239.62569795331794,32.368644696964424,184.29900962973878,0.0
1915,142.77352081053033,-328.8666282194171,-57.04156444976578,-234.30206991203474,4.592259696446301,237.20835241024326,29.302204016862802,191.45058482938643,0.0
1916,213.51463023295926,-443.72331881928915,-109.03411417061825,-265.980092245501,-7.744103763877947,251.90251668635202,36.62971473368286,200.4480437184237,0.0
1917,393.5958305154172,-335.44636029019347,-128.34339980230519,-134.3430735151669,-3.906481194337888,254.59554471885247,31.063790056946175,185.1371606533395,0.0
1918,-107.94993954187069,54.02652996474902,-519.6096321083727,-100.37272329126674,-3.0695424925438153,249.95418016111753,32.175691372031714,198.40880213660702,0.0
1919,-255.04882298347283,-240.12369035213354,-19.048365674834898,-353.4575936451573,-5.776229444047281,249.0319786960791,38.45985497258018,193.66535945351131,0.0
1920,31.16110113359001,-372.74381858109837,-665.390762517996,612.0518266985121,-0.33481400434464303,242.3752646796361,35.12187267907246,193.12232197522926,0.0
1921,-237.1437507172305,-142.13770649875818,-306.06953589885745,-204.80755147213011,-2.834839652409115,243.4949848710796,37.184859606170846,201.26693495595464,0.0
1922,481.4362664109904,-317.8290007753786,8.54795069496146,11.750552480424027,-4.256571151552654,248.94108104249094,34.66847187422532,182.34018823203192,0.0
1923,-130.74535673122813,139.23081481989738,-354.77803150090995,331.1733596849531,8.013385248007227,235.15433317550318,26.100073936015065,180.4867574052867,0.0
1924,227.80710045383321,49.77087884040516,-282.17171291243,-72.7407988405172,-2.2841860647424603,245.98310620124263,27.584258743254598,191.9530344647821,0.0
1925,4.686141198290872,-184.9431124025208,-314.7368812156392,-190.5918056424135,-4.004266387555676,245.96736706540528,33.25807229026405,200.24719994899638,0.0
1926,592.3713797364403,-205.68590902074942,-115.97337217798673,46.59460714827625,-0.9121627649759734,238.1175701034052,28.770392121227207,188.92912350832958,0.0
1927,79.2375707466623,-238.1425091601165,-38.95417856623749,75.25730498674014,-3.295889969723813,233.28258031779444,28.70492787384997,203.9628746488931,0.0
1928,599.3904200060582,-499.11208740465327,1.414569316904668,36.5536400963419,4.314747126880327,230.8202836059563,32.283860742512196,195.5240739121773,0.0
1929,597.322039347374,-346.6039465606823,174.6153813859517,-60.07256665905416,1.2604803871062442,240.9066869245198,32.02434948324,189.98635591221512,0.0
1930,202.45332256688053,-299.46206601416935,-212.4838289611977,220.4997247840685,-10.719670238333912,247.46862405283596,34.84146364687126,197.9789206266912,0.0
1931,110.15444831825133,-447.0650786691694,246.31063829543146,-368.28291137541373,3.9464507814006655,234.09368256600723,36.38155105407296,196.75345848632352,0.0
1932,-159.31244589154022,-10.828159925934443,-159.25028629643933,237.9413384779206,-0.1498024395408063,241.4796044797059,38.322881903454494,191.70977672112872,0.0
1933,212.4699420810369,-84.24453387708532,-15.90092446822895,-124.7369152307274,-1.9228973049109643,245.8474555678808,31.31195942197161,188.43971634618532,0.0
1934,-53.465654469776695,112.2370053542106,-226.00718334247847,236.02907150020042,7.978605493938883,242.35207021654963,28.88547740956174,169.4891056245924,0.0
1935,538.2713954072364,-32.932401656184254,-167.35369151389554,-12.175020088688871,-23.100450738941525,251.5806140510619,46.34118394941765,216.16303958049875,0.0
1936,162.81925225682147,-59.71905900722596,-164.930801970711,-140.02478798267748,2.0262692348301057,249.36377664713973,30.791204721680167,180.7310043181318,0.0
1937,296.7564488048542,147.29542386552203,-36.32352667188397,98.07407532922385,-10.719683232737102,254.29906835438538,36.604822632367934,197.29576479571378,0.0
1938,512.141163647171,-431.44956870179004,-221.563485066829,-134.93764017109467,2.4383128517641977,238.99035182863616,32.653575810276344,194.5056850337287,0.0
1939,189.83881640590022,93.23697881450465,-86.52301966710873,-72.48750391384807,-5.645678716410141,243.06165704142845,35.16106581647941,201.35423885142154,0.0
1940,427.5404992582191,-113.6308234419894,-196.765143248692,206.60367452669797,15.04801023233075,232.53899058161403,18.869725991880408,165.98282951113953,0.0
1941,366.18791279467587,-166.31389483840672,130.5246188971585,-83.41865336588894,4.602405205717298,247.91672416164323,26.88159637104263,182.3126750771826,0.0
1942,327.9719604321774,-77.40059195654754,-97.99775007377106,-75.34585570209711,13.764689659204548,241.74608589990254,16.86515606025436,175.80329525950577,0.0
1943,150.8100291510612,-401.38122290048653,-95.0535104086862,-168.65746642715385,-2.1912187273573585,245.55290779573372,33.902944984943126,190.86206448414552,0.0
1944,-96.51962602961821,-229.13479780677548,-212.01254150634594,-239.7577254789375,-13.22650797340189,249.58594688503433,40.44334226026099,201.2051742573271,0.0
1945,-375.01137394963666,158.08444790926237,-106.514261227088,-255.08042015013945,7.4372547443876105,226.77650821735074,32.465196494202814,177.73308089977792,0.0
1946,-12.422140875538389,21.995619225112772,-103.08936967793447,-167.17457148871827,-8.93210012479334,248.47549422111956,35.59081432585212,197.34861690101823,0.0
1947,-70.90489170625243,211.37471248429557,-326.50849445355925,299.65868074471985,-11.66876904536298,243.72682366774848,42.2490072131381,216.34288895291243,0.0
1948,114.71611420691934,-557.9067990368148,169.24032186778155,-309.5336697278987,11.487675035873714,228.13429203092,31.990265745513923,186.3458541502455,0.0
1949,-20.90946475339961,7.582561183487568,-200.97654328026445,-141.45329372194266,-3.2234202402557055,248.9143529651969,35.79585462104991,184.64824896516643,0.0
1950,483.6380622339236,-88.47684849548469,90.04910393587804,-5.995201493285163,3.911665953989158,249.1791543553616,25.51630636555907,181.45269006526786,0.0
1951,408.6478935837827,-158.50987205307274,102.39442156842867,-135.16528954205745,3.8739785113912566,248.10470195832113,33.230287544138136,173.89860889311694,0.0
1952,148.59434918626093,44.824954947843395,300.8560681178332,-193.90989478884597,1.0705663038842226,247.23436618072589,16.232468729460372,175.19453042099636,0.0
1953,133.4610071433721,22.6587989289466,-119.89227628816373,121.9598339403937,-6.325564532644381,238.9736789298629,31.228551973017975,201.39078742067457,0.0
1954,263.70728530710625,-549.2720566843606,-240.7908623438651,-181.87465834540524,0.33153857115525187,239.51086827672304,35.240126169625306,192.00685212163674,0.0
1955,477.95394344626726,-373.1265150074095,2.446213137416575,111.6143559626196,-0.12273591827755881,252.08183454092372,28.559349225820107,184.95270863016214,0.0
1956,373.95617074445653,61.386892133740645,64.89901830295923,27.10538005968757,-3.455022582160647,240.63102455503054,37.396800622211,199.4149024871092,0.0
1957,170.4433087235246,93.37170150901515,367.4649703810503,-316.011320742866,-9.1286495854904,256.14359743262264,28.424482759676287,199.3682280449056,0.0
1958,137.2608554003173,-64.19923190112175,115.22599927071715,-11.185437013131128,-8.044643425707942,248.78802367277606,37.50286775531193,210.521614774023,0.0
1959,-42.46089218672422,-210.11960742973125,-158.92867525725495,-270.5365141691787,-13.767349029307118,256.1637223367365,38.34592973980561,213.69343886864084,0.0
1960,325.8135369045647,288.5578133836232,-152.79765843881225,168.9246753696465,-13.765391276650046,246.71524694721342,42.33263890299968,211.73384342023743,0.0
1961,212.5354031225128,-813.6703630250576,87.63515395052065,-342.76694084199596,-2.336992820174868,237.4137038813201,41.07124360471792,190.26993420082022,0.0
1962,-291.83663816618446,-58.135999827345856,-553.4518442399701,430.4419554178384,2.2297664040737315,246.81505125624287,25.51966565512899,183.06859840447757,0.0
1963,316.17631821590146,82.62119938952921,-245.31910083357081,-28.231897123616577,-11.305623657597339,248.9718296960177,39.01026767250008,194.36718069661916,0.0
1964,408.5164452598159,-400.2394726293648,130.70911227289383,-38.676725403347675,-10.845330460047672,250.05709881203688,42.68211671097508,201.9094939902002,0.0
1965,250.29120696263269,-119.0560752215096,-105.13095571076872,139.7551624525028,-8.60194954776476,232.7859089171735,42.55516392314701,207.98289427173762,0.0
1966,118.98208886423669,101.331386469414,-409.85642633024145,-73.21644415727538,-5.265039944191291,247.08420253709605,29.362649740100274,205.2230667629086,0.0
1967,365.69014547319597,-81.00594793332753,-195.7158712150013,169.24600303844142,-8.03184187364909,245.17378492249455,34.13754395412593,207.70676685173135,0.0
1968,-1.8683957176357957,16.202939740681476,-135.67543740648688,-156.60038971036064,-0.34024955491399556,242.318718466283,29.79115564522563,193.6475594176343,0.0
1969,-87.93778555339796,-191.1349503933829,-147.28415589727462,-295.12404528735925,3.054043106104155,233.0160261173096,28.816961843532624,186.66921727050783,0.0
1970,-45.57786459041231,-255.72863015672436,-355.7402852475646,-206.7894963796234,-1.959391145449091,246.8843015160638,32.92409857110624,178.2964765267983,0.0
1971,11.555665337283205,-285.8863269761861,-371.2288817847767,-146.02015702308915,-1.3049819738508037,250.8526336413879,28.380862591184837,191.347007938667,0.0
1972,-479.3087410951033,84.66027838047059,-411.2572342640767,-262.71898906120265,-2.5265433690973094,250.19545818002118,31.354832937347346,184.30076151024127,0.0
1973,870.3405014968304,-267.2211045374103,303.79307998601234,-217.4577470042584,-30.52869137588917,265.29175268300764,46.94212278615268,221.4715224091938,0.0
1974,149.4064388670817,-155.07084225927719,-121.69840682685069,82.17498101027788,-24.73414930212676,257.02031152623465,46.94355057708117,229.36680242974177,0.0
1975,378.417845796966,300.3758236586997,-337.4194116986718,348.46500958688154,-0.8578875137726851,248.79001309875406,31.428195425710864,187.43979454812094,0.0
1976,-140.05026403768218,254.86416943175158,-266.6711926370915,-164.0913662288581,7.204030138614229,243.2299331502718,29.305881670469013,182.12563636945362,0.0
1977,-10.221150133837064,153.78579424507862,60.916129097024864,-170.89650079332367,0.27819397840575655,247.95863512791385,32.708365486364386,191.52048032099535,0.0
1978,148.53297042973708,68.72068978083644,-65.80993900047419,-144.80252576300015,0.2646667151641804,239.30083613024743,30.438705476958567,188.45576478367073,0.0
1979,236.48078294347758,-216.90783558433333,-353.8607769905318,-153.2857360629435,4.237728157698616,236.91258373520884,30.315528463121826,191.5203192532699,0.0
1980,-215.17997909418702,456.3039785380612,-308.75705024969164,-92.87703682404327,0.3528672489361606,245.58957030352408,33.457472388268876,183.08109999590533,0.0
1981,547.349673554294,-134.59085641348852,-33.756600326949204,63.05279780281431,2.8624873860236937,244.86922453068422,31.129725282995892,180.81891571539668,0.0
1982,190.9454337050167,-143.63955549561882,-316.5989002556017,302.082854273728,-5.10328314907893,242.6336071069528,34.05850439321514,209.27736009175052,0.0
1983,450.74647596225327,-252.63190945143302,-502.7734562160491,-56.753279024798985,1.4102548591196666,237.43160014359978,30.169211690591595,193.8771394333475,0.0
1984,87.18213623068671,-341.59195427025224,-491.9239065220717,520.2676728187556,-7.449740748082871,236.48963599845763,37.515859788789655,210.17904369765066,0.0
1985,209.79739582216874,98.37015405457987,-124.33329169476337,-71.34779154259246,-6.2211502265992715,250.41960860433517,28.173966327521985,197.97915284835523,0.0
1986,121.40410798480818,-383.405084317381,-485.0988857015807,396.6658082118772,1.2624855274491105,239.33408516828624,30.905453645270413,193.8872372904966,0.0
1987,66.98731147092512,-117.01303369213187,-299.66969837371937,258.767940113372,4.034891096205235,242.6493594292699,27.25873213737771,180.1019998339687,0.0
1988,-233.40341735450428,25.52383661123143,-204.37361008013175,-220.94119170047057,-6.57634619421787,243.4366315830649,38.321969912812044,208.3627319064237,0.0
1989,-111.68596333026346,150.97984270188897,-437.7420008152362,-149.93421524016622,-12.634356740656091,253.38653772219615,35.41356063738149,216.54846836967172,0.0
1990,312.7439805068891,-193.5633946845598,-417.91730648195244,-133.04621230527377,-2.1817441955231938,252.25324597386316,30.626896269226712,190.98357749685982,0.0
1991,552.7418418405401,-148.25589414135655,-139.3997425529959,-47.56615720169892,6.552563561550291,239.9088489687783,26.90032378710387,176.55457272977011,0.0
1992,213.91478811750022,-248.18581562549048,-309.6411452872248,-172.30931485075982,-15.74153049587988,262.1784127823998,34.35508577846589,207.8831878115947,0.0
1993,210.16901651087124,-244.54345392530988,-181.82001321852954,-157.58458937471605,1.6876527726105235,240.3943350390174,32.89238513054986,189.34878315927452,0.0
1994,329.4817941911141,-577.1127297897528,-288.8687610966438,224.43626781145366,-5.6572373056885334,250.3666341144987,33.90998704472918,201.39459632164437,0.0
1995,382.7003229467214,16.45833150580296,-59.37897798613394,110.74890092208973,-3.1953279435251205,232.45442063852272,43.39393179574428,210.2300162698416,0.0
1996,577.805274668494,-175.35203043494366,4.831087485270902,-28.425282215479154,-4.1298058790176935,240.93225136662173,30.608483181545107,196.0077089800088,0.0
1997,163.35615611118516,-45.80222679060761,-109.72342627403282,-180.99410308636726,-10.629738107879882,247.8645261384745,35.79700827114968,193.8772679958011,0.0
1998,674.2882769473546,-106.93895670982039,-374.46653119245724,55.73059356401306,-0.20614126233783203,239.27428018559866,32.64580396847057,183.85451592991552,0.0
1999,184.13012762089215,-417.4111614876956,20.724339497928934,-262.78582907098576,-10.116793475211882,247.45510701747787,34.44186882834355,203.5069110682466,0.0
2000,124.94686089006338,69.54404365507463,8.398660501904075,-145.19129515059404,9.141028977869073,242.55543293782026,26.507424037165354,179.23154058874013,0.0
2001,-14.327912767513617,179.7702237503382,-98.47794154492496,-123.52207063312551,-6.636185398899537,238.41050406083937,43.7827141898166,198.23922471180234,0.0
2002,-56.37902907257772,-138.52552384214587,-21.63115408166827,-233.9986909899265,19.970803691846847,235.66555881656754,23.83902702234341,160.61908621888378,0.0
2003,20.604011587980665,-342.01932687032814,-456.92517399872514,405.2021230527883,-7.228159399373536,251.11372569377684,34.43057923688284,195.5909630168809,0.0
2004,361.362956787389,-84.47341063808051,-61.51304736382123,85.00202357342279,6.8004633459098685,235.33050863132502,28.011734281126763,180.2703806694532,0.0
2005,201.97316249227893,17.48967468588276,64.4251233298466,-168.42750028002834,2.2850052205194786,244.06798992741238,33.32547812043585,190.1188715672798,0.0
2006,123.49693231770078,-118.75011671601823,-435.0237192586892,-76.21262860984196,-11.07675293867859,238.84323231003057,40.95829647257623,205.89502925601838,0.0
2007,119.88103325595341,-164.6799218449929,86.21194760618076,-201.91373245877594,-5.962525726780159,246.11633729032764,34.66552144186629,192.79352585378712,0.0
2008,279.57464252781705,-207.28731818058014,-123.05472159894227,-105.49203427548083,-2.8824345760774897,255.14334484124174,25.542075635673356,187.19323221448036,0.0
2009,-114.10917883789455,-231.21376500641554,-59.66741995791587,-273.76429656243243,0.33928845696000365,240.30126533216455,38.74107649803666,189.17097786797086,0.0
2010,188.4718376029956,144.6575675627897,383.32160445329237,-255.41876355925353,-1.613199520037933,246.76209909344826,32.09698646980812,192.5013633418122,0.0
2011,349.9508861565235,-434.0548799388706,5.381525207649562,-180.64254180295703,-26.00799477798405,259.65678384589273,43.93053483568776,230.59170458371196,0.0
2012,45.13017986164351,204.51204904408306,-228.12927471363693,257.73061428046316,3.4347011959516927,239.96407336272452,36.30084166520588,190.9864279685563,0.0
2013,-83.66329946287073,-112.12513310621605,138.919927378482,-81.67288650868265,11.156314973711549,244.38647248396197,26.785770429477104,176.92203308684847,0.0
2014,444.431923322439,-370.83008565078705,41.850095168375255,-47.31077153323162,3.055797291639439,247.01472214187598,30.94350668851934,181.4320927331749,0.0
2015,39.28404029993888,-248.7930154464002,-230.64596999073495,-206.6222645081988,-1.1536712539801774,242.633601090184,35.25278896038744,188.95985865667103,0.0
2016,613.5010951467926,-723.2266001442307,602.3355133137082,-477.131045007072,-2.5221225296214724,246.7918408153208,30.26307999211972,189.73222056385646,0.0
2017,308.48400299521745,-118.05443809366875,-192.9054231410102,200.92021098772474,-13.903389762276232,235.73424765421748,45.392202042756175,222.71283418936184,0.0
2018,577.1921310772121,-5.504679467512008,-73.91572474258662,-2.01666997736607,13.814886884561778,238.09915238728126,24.170168636844075,168.63892276527483,0.0
2019,211.65946269141892,-283.379934832078,-266.9117762690626,197.8311414127744,1.5925101146138338,236.27537150789922,35.225529333329355,190.71830942279118,0.0
2020,-1.0485825076773425,171.21444895735553,-135.86426970808182,182.47291958759786,-6.499745859541772,252.5878437610231,35.186158545528,194.3576398800773,0.0
2021,165.76336563563584,117.73492479288149,-442.94034487494224,382.45327672442835,3.6882160019418295,236.2537075733726,34.54535219849481,186.99239975132593,0.0
2022,-41.57267509613565,-140.92156110954863,-171.71350831218885,183.1529106701284,3.0819636675506166,247.93507243799016,35.935905216051715,196.62776951224498,0.0
2023,389.1210371726254,-499.18048359836024,-429.65276409337844,-131.27697029539283,1.888063793470721,235.5409069374409,30.214779178207223,183.05366083413804,0.0
2024,29.349921222593967,-315.13447645758544,75.62187564465006,-265.8273283135295,4.493764789431167,235.52806237417988,38.57445820339761,183.972533810163,0.0
2025,249.13443862027935,-419.2169323124808,186.25474388367863,-229.58901669670908,8.877516868694709,232.03030053016133,22.391880066470844,180.62758342814442,0.0
2026,140.21230477248025,-558.6708129096555,-291.98910379393044,-286.0733921994837,-9.838873984418647,250.26023693839335,38.75631056477805,213.40008214245992,0.0
2027,-78.7445852480368,-53.355335575362005,-280.0344833715738,-168.92536149168245,-2.2843963268332663,249.42071044730554,29.811245957995013,191.90259631284283,0.0
2028,151.13684920492588,-34.47946254001888,-146.16588267671915,-163.6083893230467,-9.27622613525709,246.41894098170008,37.798406446529945,200.14232438915232,0.0
2029,3.6244886748775906,-186.81948646383455,-328.82282151160933,267.54127339272526,12.130563186827999,243.13795370092757,28.575670383447576,171.7150735168611,0.0
2030,62.344001749969735,-329.984761669402,164.93047228175556,-115.59776605848349,9.335598974036724,239.7332692445446,24.387309077169867,180.4061432956361,0.0
2031,146.35600076734661,-444.10579165907063,-557.8728997170748,-172.06612564279982,-7.632361069952667,247.55445542933003,31.20158096769839,203.17682333961324,0.0
2032,143.52393037958868,-196.00547417320425,-588.5945531744343,514.166997923226,-0.49736848139507717,240.33763432316303,37.747747373815244,188.84340845223755,0.0
2033,35.89716858131855,52.33339208699501,198.09455736110112,-93.39855240090644,2.4461005106103118,241.79090545048254,30.369321476705334,189.09187776652033,0.0
2034,405.8955754021767,-274.1348826279192,11.906305443996668,-132.65717006484726,5.727205030192786,245.56088565450932,30.80959897441043,167.89286201077743,0.0
2035,481.50763710911934,-38.04871907058755,-154.69104737440804,-13.947754415642176,-4.975867340912979,245.93414712901026,37.64256014389958,190.1944038093495,0.0
2036,42.71279345482413,-171.80481675783966,-147.27000298627425,-164.18659771419374,0.4969095055203667,243.02724694914644,24.636036539267472,189.76888821587792,0.0
2037,-320.38837081727513,75.51205844188473,-230.3570618483111,-260.03511586035495,9.005474810074807,237.46680709676983,25.559859393437364,182.4316700397694,0.0
2038,249.08908649380095,2.451639472853917,308.79844095962335,-163.94318388958865,7.1594675232039755,234.88254594140253,32.83018402742196,181.30144836584262,0.0
2039,580.5107214224831,-49.02895678507071,155.07156295226275,-143.19138226661815,5.383840920715764,234.31726555450774,29.111893675032285,181.45799151625914,0.0
2040,310.3082030390649,-617.2468050236507,-24.992277087228555,-60.319659323781316,-2.739260883851143,250.67173540381822,31.516525139112602,193.04005789007297,0.0
2041,406.64750779060125,81.7337564269295,-158.4878925381711,258.0284566560082,6.628469011501008,234.1601915567402,30.77376570975248,192.83786096558958,0.0
2042,421.4157243955473,-480.2022383867861,186.53029079584624,-219.23383857388518,-6.338689682809824,248.20659605960785,30.882742725295266,201.84203461605946,0.0
2043,330.9837744620209,-185.01916227937076,127.75168228960831,-57.29089664501652,-15.35793231688012,258.8328069116017,40.7422419661252,200.96275157471464,0.0
2044,-309.3866279848039,198.69301178077424,-372.84410408533245,428.4692110590214,-2.6396924791893426,244.33349185061945,29.335967819374247,189.35165804207926,0.0
2045,45.368393422237844,-452.97409665983037,53.135468697785626,-137.87833523958545,-1.1024620858969851,247.02182243289317,31.622580341493737,196.33006531519936,0.0
2046,139.77496286660565,-467.12287113947326,-329.93220968166963,297.78096461049313,-8.552037719274427,249.97013308940436,38.555496450246594,210.31881532698537,0.0
2047,-35.7481742952763,-209.6021558067795,-233.5234867935147,256.0722939372781,9.46137872400155,240.7330820295609,29.16216925222171,185.64984870269288,0.0
2048,92.15031652551869,190.05927305086036,-134.21721413213191,121.2437678936169,-2.57888011135487,252.2152331120587,30.069199991940636,189.86345102512234,0.0
2049,74.49999429167356,-58.424855076346645,-259.7717379897384,-105.11538318256228,6.245122317893717,244.58659783003705,26.813455916209985,174.36552857610695,0.0
2050,-345.07293424474557,104.99858603615428,-391.9331559027525,-160.19609990952145,1.0228451352332102,242.5853546299679,30.56987160985163,186.2116060846883,0.0
2051,280.5415621058106,-626.6331675329835,-96.5867838607497,9.935556200300866,11.332950112180649,233.98274466912676,20.022300649704558,172.3716630089572,0.0
2052,135.69712325858845,201.44184247755473,-316.6517828070482,251.25346153591224,-7.635350315144819,246.9023961218953,31.010477746608164,191.30285064119698,0.0
2053,407.5856978023653,-140.86482292393993,-221.07221199786463,184.9195056348517,12.016312664446458,245.50990678622776,23.831794509808276,166.76542857911028,0.0
2054,14.527870191046933,6.258835797375006,-387.0136509446858,360.0671767519356,2.2769324028263003,235.37540169898324,34.270031687434944,186.5101722066691,0.0
2055,224.12140486097525,-430.0338177278288,-270.4264090643086,214.56149824435613,-10.178581521901412,240.96110932312163,39.76376660296408,202.21165490249467,0.0
2056,170.38195560041538,-310.94673629609105,3.9484471854666747,-249.28447730026093,11.767605980471613,240.81107897869663,23.451662838092005,173.13256162257315,0.0
2057,358.8577704721727,-233.65075499483652,128.81544226292837,-160.42355401635638,0.5149358274403311,243.94947841769252,30.90195714022106,186.52750125025665,0.0
2058,107.34086972270882,0.9044718173809585,-187.17821367333966,-144.01318635243123,-4.8669599364766825,248.27386341939302,30.954840446391515,192.23186882519028,0.0
2059,331.21160467514744,-90.61715363702874,-197.38609624915534,8.090635261888934,-8.905620828730441,248.84519936028937,35.824896001431995,202.5231388851501,0.0
2060,283.38416382740695,-170.11459822737245,-172.41394442816517,-125.45893522952755,3.5367833253979386,255.04344126349685,25.715671036623018,163.92771521270006,0.0
2061,-37.98803845302834,-19.1359516474378,-314.6925318602065,-128.95714435117748,-17.443864349239416,259.41519094788487,31.222712156114177,193.99061404350294,0.0
2062,488.6444573660623,-89.39194339857234,-271.90982217867133,-51.909038070708704,3.4087497859917946,241.52803142006843,23.61132607683368,190.43999358050942,0.0
2063,-40.82989434473405,-39.69645889748472,-485.1669622504368,378.2665962048142,-11.515954788813135,246.36040630060225,37.28332465433168,201.34908840390023,0.0
2064,451.92173299720827,79.83636312018815,-209.3761906185149,33.379510471151576,-4.766557237195983,242.10762916794613,34.676269785283615,200.80097230132586,0.0
2065,326.19391283351024,4.406566149769553,23.201615657417474,-131.01615282025514,-2.1012064533606107,239.40514270391964,32.69326594333108,200.1189594935731,0.0
2066,383.02270501259164,-52.14679555495967,160.21069346446083,-37.33369790059835,0.5636128206281337,247.9467916416044,26.014069193947137,185.50581384205435,0.0
2067,401.22833951068566,-245.98785964438736,119.34602758721833,-139.85336786604492,12.052011647034307,236.8064596019852,21.357878755381876,171.37268582379605,0.0
2068,59.81477566086668,-55.05421919250861,65.91338852603177,-35.33363636108084,7.145480603968297,249.99921108706224,22.533787054368247,178.38393588228362,0.0
2069,119.07941079346429,-328.0179421982951,-111.99854053539858,-249.69918980943297,-4.5123886901339,236.91225754950037,39.03056664034722,202.21762668155412,0.0
2070,247.75829461554238,-50.59877159089674,-324.7922693002781,353.4140835281824,-0.7357136531206776,252.69817418842075,30.271013386548276,190.520625395225,0.0
2071,319.3777395814984,538.2372481342829,-82.31092253109608,210.15672769068297,7.843087919412206,241.7305315097426,27.710811452846123,172.62179067777757,0.0
2072,88.26696268682534,-404.0710708310728,-222.2268559735411,164.6364622142373,11.005286706016554,240.51919079619043,23.13734687680451,180.68571613187922,0.0
2073,424.56977231402595,-182.8461786558053,66.1398046509607,-37.77920510036541,-4.085186697134638,239.87597443326865,33.43449158482166,198.6494985426322,0.0
2074,-30.24812535848578,-29.94222029820095,-560.0164747583657,453.6515630141633,-2.003672213245628,247.38765290660717,27.735371245740428,190.42269847893058,0.0
2075,365.2148659066563,-336.2408642751752,142.99630281076253,-215.7921112624594,12.769728765854301,234.35648840240316,23.031002162166104,172.81339280283274,0.0
2076,84.40597460737807,160.31602693112958,-598.6579164640848,491.9763320702815,-1.60536439402008,249.3438722388537,29.098409353005188,183.0155780242398,0.0
2077,357.5285155130547,-465.0618701087694,139.51607651437484,-268.40419063556897,-14.299050830434577,245.8870046384721,38.5149968003739,208.06272748542065,0.0
2078,13.618555939982603,120.6086993339761,-340.7267545084244,-107.38853813410252,-1.2342222815276884,242.87940553940757,29.208887038418197,201.16207022284678,0.0
2079,-194.9914121010931,-169.6494241762867,-318.5830565354324,-226.15724445314734,-18.445445292988826,245.2409804978705,47.382302829673144,226.41502960586735,0.0
2080,208.2431779943325,-77.26186903910711,-123.20880566235634,-158.42855515282787,10.272214108023388,239.48220504765374,30.756702950327696,181.7843511480407,0.0
2081,-347.1344846817044,21.659228116773257,-237.29178446680353,-184.9290982839588,1.0033774187054947,245.15094265910443,28.7393966931631,180.62837519768686,0.0
2082,437.9110448690973,100.06649986442882,250.58485695135252,-160.59760890068256,-7.942913018494928,247.9012952263688,34.31855377100551,203.0503167866094,0.0
2083,159.1756275067186,82.52983918290325,-585.6382003011871,10.87482691415489,1.5796237075791835,242.13890043160492,29.80963204596322,180.99438740553668,0.0
2084,1.3696614865448042,-527.6975012925133,-119.72566553533706,48.637331893459866,3.7327306162246545,236.95947620128274,30.057126876005174,178.267929653194,0.0
2085,-118.8571480194252,-7.66350578173749,-529.805570918924,463.95582553486395,-11.4536046130451,254.82700713367632,36.12564657451082,204.9159436631172,0.0
2086,-19.693752043772548,-64.8454322035507,-140.41503153363786,-245.87300390130977,-14.172511221539231,247.12232935379774,40.348370671769025,209.10972771819775,0.0
2087,-193.06445138458898,-193.95387120042423,-209.8776899319181,-267.08278668020296,1.5150008019003574,251.4819917278929,24.13742752179298,179.95998711631574,0.0
2088,522.8134391348366,-556.8695253768175,34.49841907958244,-220.4537581022092,7.221724413724159,245.0341967599065,23.065141023476166,171.91819929723806,0.0
2089,188.59124195889325,-223.2894502097041,-330.3659315374549,312.1073197320151,8.037629884757655,236.91777120046478,30.634626463622993,191.26809225190698,0.0
2090,591.1148284202062,-258.7605717080297,153.5766912365609,-50.11268194039084,-4.429065702028545,246.68938004168683,28.015383504906634,195.15461487029017,0.0
2091,253.89081823383464,-131.58223260743102,-136.82676932311844,-126.99744718148646,4.37167848204059,235.39311710064734,31.55049276948884,185.36516479216152,0.0
2092,325.4766138123534,-212.1221335520489,-359.7201941095952,-62.178095972309855,-2.6427558500063206,246.4109359556051,34.89525091440377,193.60922542183096,0.0
2093,276.0234648311565,-224.73519849916582,-172.4936021189233,-127.30183337521512,12.743696321994785,237.65875241255645,22.410912874537296,177.74112678262964,0.0
2094,143.56693793845608,-485.4327217538039,-255.65843244625995,191.42905753476686,-2.740179834942269,243.8087625953104,36.53018970330728,199.19803696590049,0.0
2095,185.17621525208946,-400.0916512518202,180.15243855545137,-268.45452959789145,4.345666368728957,239.5838625321734,32.15549758675947,182.97851179770416,0.0
2096,239.4297714421426,-142.30743681444343,-439.313740082645,-65.77410155287595,-14.980689446669205,252.3740581020631,38.56261583813747,207.2288762392264,0.0
2097,177.70432633004515,-573.4542001730182,-155.41850957134676,125.30326034260835,-22.186560200105706,252.37545112161305,41.45331908792912,222.1349059784369,0.0
2098,-193.7533794314208,-187.6711249956624,-88.83542062550453,-285.16722097281735,-2.8736543353606327,240.1978745566999,38.154377967051126,197.4760654539668,0.0
2099,-104.17696695865813,-365.5756605257154,-194.68102453593133,234.8569345707491,6.046338772930619,238.80677698156524,28.160135320912076,180.42152159929856,0.0
2100,270.37978728044334,44.27819875422752,-433.64564004195404,476.37662079696497,-6.947837363949759,242.95364757902686,36.900728642139086,201.31923932110934,0.0
2101,-37.02252849939129,-8.436501085473935,-119.23148422495925,-197.31333796713636,6.801708303070865,243.21380877431898,27.291847574951074,189.0599647188953,0.0
2102,386.7018695636916,-171.57911111336492,156.59415263100223,-62.624157663323345,0.5837135461140577,240.258757263195,34.75126148541915,195.354966408688,0.0
2103,-89.28120805757808,-44.237723120726066,219.82145038782707,-84.84393378625485,0.367898133514728,230.98443758766527,39.89705602363948,200.35111118476982,0.0
2104,-233.8585326664613,58.8733082110549,-196.37253041121733,-202.3833692904527,-3.869633007775925,242.66250434881368,37.352218184516495,198.09693962115017,0.0
2105,61.18097418199452,-235.14532640431764,-89.51797772158795,-279.0265626806674,0.2832308977889415,245.0472846018308,24.33409906707499,182.70551734332756,0.0
2106,245.83589266727245,-320.5930143327083,-20.482318161763246,-193.63481368179507,5.42213155145679,244.97524830994678,26.756055992969625,185.26994834013414,0.0
2107,94.9491552608289,-4.719106655138261,-548.5289533078468,559.3339018804464,-0.07690241464989678,240.489858066851,33.04223948969915,196.45715707511116,0.0
2108,-149.81534506020267,-237.85179801973192,235.30544856701243,-330.0661877758225,-6.94549840816926,238.33681778239946,36.948580287762326,198.63495920202894,0.0
2109,257.9848914648343,-78.45221807621014,157.45779614476655,-79.39236479843026,-0.8673249320905102,244.66435267206492,35.4072987143572,198.61753224699734,0.0
2110,127.97344074233233,-462.3069755794074,-122.19347470642762,-209.37313354031045,-3.686742672987427,243.04004188516927,32.54784953775214,184.97155921609132,0.0
2111,304.5284025877887,-227.84934662595214,-151.6004649219848,145.38378985198224,-3.0133602065138705,250.7586758877708,26.537526235448777,189.25316118451389,0.0
2112,134.050288672354,292.39725823469047,-22.9329758119184,-45.402833330388546,-5.935106188195881,243.80032149811478,40.46526826003674,214.074960121357,0.0
2113,-47.33914681710685,-30.00027825673972,-181.07618472718215,237.12009093937988,-4.499545412683236,244.5410325496273,35.97474289628524,202.76420949751986,0.0
2114,140.9534762271611,8.601008409023203,-557.3934700065122,-52.40853950843436,-5.887345982832714,243.59319783332904,29.415296341009213,195.12312939188428,0.0
2115,-135.46873818549585,-98.47553472970178,-489.4558198889486,-181.10279091401708,2.6791882466389616,246.19621343306991,29.56654678442608,186.07738765117352,0.0
2116,-186.8395671549231,243.71410915344308,-158.4669141842038,-204.54087228287747,11.982998519450561,250.00447695345596,18.643975698562457,158.31379961341636,0.0
2117,12.273259841454088,-289.4102951907946,-69.74534663448514,-230.72129243280895,-6.2977468977229245,254.6574740364805,27.01543001483153,197.15101905900283,0.0
2118,181.23850408045797,-250.51843648564505,-15.148297511859887,-196.0141181289471,8.82055573599708,233.84825106956046,26.22505657198817,174.73318729919632,0.0
2119,391.576543424116,-223.34482686942766,-361.19060485122424,-67.16667696665085,-3.9391785013911744,246.4887835199782,31.879396007305754,191.03473390198232,0.0
2120,314.68942201186366,74.56077601400794,-156.36650309673007,201.9936197528537,-0.2156148767787277,241.61970425823202,32.49159061593256,191.78974333830405,0.0
2121,42.19282801742925,-299.7681462625059,-286.4583049302112,185.12399228677253,-7.8670622634138745,247.45338588353798,37.738376252354485,197.1804613691511,0.0
2122,414.93881806522273,131.11378134686427,-87.09103421702675,112.36189277232047,-6.766693255639548,246.83232336292573,37.69942041193233,189.52328482478092,0.0
2123,117.72324305506336,-352.4975872404277,-114.96189833228216,-11.938780552769423,10.614000253130754,236.57359944260062,27.269961767887573,163.15294552136845,0.0
2124,511.97473972279835,-523.92795888105,-274.9286819456616,-141.59055641635558,-18.20208009903325,253.83008858303148,38.45015982724564,215.99899843032517,0.0
2125,440.4500773180637,-142.44353109543198,-187.69792507271467,-24.7582258301005,0.03767471553876467,242.4782106259038,32.66707394451542,185.4796973151585,0.0
2126,-282.9801689682249,59.80336949135232,-303.14028376092244,-188.57370100397392,8.942660024728749,234.20490176479876,30.18984113530413,180.53741357687434,0.0
2127,-0.4131122948394461,-159.5494750639781,-398.23607004235424,372.2927677900528,10.324269754724831,237.7752428016458,25.587830397167235,177.50420088430286,0.0
2128,369.8580951850242,-112.97698536005498,370.7504397802706,-196.64517751619218,-0.43703552290154335,248.15685638272777,30.73165643329909,190.52998190602432,0.0
2129,-23.725919763463633,-166.96558056561807,-270.23676978194726,340.43916430144566,1.111924311308388,245.2195716610042,31.508276587425087,178.06574425509328,0.0
2130,150.62148530279515,-320.11332055386237,-180.2899714360278,150.09885093735718,-3.996234977139631,253.10016956788772,31.489057580989254,183.64556933682454,0.0
2131,-20.553770008001358,-154.46113829730467,-334.3468668596164,-140.54652780288657,1.4518934434721924,239.42065310280924,32.9623077462957,177.1643982720693,0.0
2132,-164.89039761254256,-148.0923277505484,-355.5863368318426,319.470779158218,6.289603954386844,242.61740101630122,26.795294547558903,173.54292192024954,0.0
2133,394.4078258816582,-382.90860811103204,-92.25035771206889,-129.32117985686412,6.7277538952389575,242.57808197694166,24.18916192495248,180.15969721808403,0.0
2134,-157.4396229422231,-151.81270984840353,-358.55830537612553,296.20328769985986,-7.021329044977976,236.7782319136986,42.19432314604744,212.13640779896235,0.0
2135,213.91031330349244,56.28055619980863,-64.32795529952944,0.1931173282307297,-5.704025999215216,246.0845144863902,34.067395250341924,194.82742321159307,0.0
2136,606.0258037182194,-422.4382517073259,560.4923598204756,-468.4331503627424,10.521617274667241,234.16049118624866,22.537806008996284,178.92612492098573,0.0
2137,557.6647300708988,-396.7086211368848,-213.61686999807858,-80.26325359927796,0.5391199209935602,245.15047564047765,30.70115524755309,186.6378822080865,0.0
2138,74.23084946306467,-813.8432838702469,-159.55291498650553,80.88393251968935,4.1363335269551,244.91105553105365,30.662691283512316,186.11126302897932,0.0
2139,205.27230640205315,-298.32913981299936,-203.42753681062388,172.2150132975055,-22.492523055572708,259.75904618473146,39.248409253241086,214.33809444222197,0.0
2140,438.3677961962208,-256.77586112414457,94.54141980140646,-88.46033487292546,-6.6179602329752445,237.42012368632942,36.64468946777666,202.97167559422732,0.0
2141,376.9231353752894,-171.8740037019685,-264.95348960416055,-93.6153137611596,11.738515802556147,235.53122052322132,25.903038898360418,170.0832124628347,0.0
2142,-267.5632316477434,456.32360157141073,-303.92763757330744,-107.86843066645781,4.228274677750361,240.09313526962953,31.467624946313745,188.940388040433,0.0
2143,39.127765308771004,-85.63588562081091,219.9383416422649,-138.21085923569592,4.54850310380586,253.83138012332685,26.80883082234029,177.35793026959263,0.0
2144,71.72951547838522,-214.596460492144,-169.05957109144964,-232.90116753009985,3.12283200559145,239.47618218508907,33.128948535199584,191.53772829980366,0.0
2145,317.4370577867922,-107.40604637650668,235.2912876929667,-181.20528052542144,-13.93753622042283,253.9371955744744,37.7407518689672,198.65609222980572,0.0
2146,-305.5871294044403,-293.581582960317,-94.14906736667196,-329.2506840384621,3.3853204127457825,223.19514134474286,34.01261855917364,195.07322833850404,0.0
2147,454.8362934142787,-320.63429232937784,-561.4840415492027,-66.80098016493804,-2.618281480128511,240.63154345306938,36.75920830281795,200.07439513817067,0.0
2148,672.0421027784292,-216.4827392165221,-47.00540737509469,-28.314890930803372,-6.9786074722907045,232.7451905633751,39.722526958774985,205.12331334000302,0.0
2149,105.74512741823354,-280.01713006811394,107.01017104458485,-262.08902644760093,5.465103060836983,242.53112089481314,28.345158142172338,173.37686623559492,0.0
2150,-40.439039719782286,79.8573688469128,-209.37675783717694,-146.93958975025586,-2.4868593181182517,243.57254861643779,30.53445890422253,197.3999103194124,0.0
2151,127.85813623745443,-141.92773144933827,-133.45235485643195,-202.0267165847529,-3.3021896175521106,246.65727780872328,30.106939957867816,183.39389673788867,0.0
2152,455.98808024054233,73.37885676426295,-124.33503720776878,257.9596402682263,2.705269699368409,248.6246241218294,30.08157352019958,176.08590976538807,0.0
2153,-422.38348336391897,185.13425361939198,-376.19843846087923,308.580940110738,18.24026181666403,234.13579923959787,16.870099138246744,165.99835731891932,0.0
2154,47.33057334035109,-83.96631915396753,-67.13784590588051,-174.22276417865555,-5.721596718896407,248.00017123771545,35.0296325932007,195.44505421884216,0.0
2155,545.2980755074158,-280.3481985449572,-130.64260735579649,-69.24953488399507,-8.008053568162985,252.50894633977708,32.28184091544552,206.44008633127615,0.0
2156,-317.03377122698924,131.83343789565063,115.59860186332793,-300.9003439294414,-11.271676645851125,256.25173230661306,34.04355176577785,204.29261179939252,0.0
2157,-41.436940646174136,-534.8479983587757,-327.40150792586144,192.09547861221284,6.483037462737336,240.16176133107265,28.400807478371387,173.12327626776244,0.0
2158,229.14900300255115,248.39595312780287,543.727747514991,-368.3124481442648,1.1103637268472846,244.10588313850363,26.02774814707677,182.03598596179512,0.0
2159,484.4078003402228,-135.31507308676754,178.92563865526552,-144.4050514639281,4.512699145201452,233.2494925718231,38.19654870396129,190.48631478973581,0.0
2160,98.40404542427999,-137.798653929402,-22.277845180139664,86.71593409921866,7.135228394029449,250.55961917953573,19.01712811624615,176.88066403348296,0.0
2161,31.866185129073333,-413.00231428265306,-350.63957655536865,262.546182266352,14.187075544642614,229.2808335881768,23.842495024031052,174.50073730764572,0.0
2162,-231.10413803047916,-169.13445349896182,67.65890136036607,-364.8827569996807,0.45961450374416035,248.10605491342312,27.77480852297827,188.1886799874163,0.0
2163,225.78470912397228,-206.8687558861102,-310.5017946799972,248.864193670763,-10.68682208199114,243.17945164338974,37.06873591259985,206.98005235663348,0.0
2164,204.68821975639747,-201.88833775004653,-198.37317831678752,-142.56380387739475,4.6793391913003495,242.58154991679743,28.857233950495534,180.73640642888927,0.0
2165,-48.48925205304937,-442.35819195420845,-352.0395147589461,322.07123115135545,0.9662084732331735,251.8765845497522,29.46777850344801,183.54755383414695,0.0
2166,381.6069762648943,-365.2564730853696,137.365847090806,-136.67160394513655,-14.622841317729252,243.85484758686462,45.80626058311915,214.21940741982021,0.0
2167,87.32880549182876,-48.44222132677749,-468.70321403280093,352.98015680898993,1.7307792099129626,240.133768647915,27.725794966759246,183.41113104891954,0.0
2168,535.6099172839422,-12.11656641761345,-210.33231571448408,254.11328781955635,-11.2554060140751,251.2498136351801,43.31897202698409,217.44696455015475,0.0
2169,355.6030541196617,-261.97625241697165,229.7318158004126,-245.1395635565516,-5.484869583175182,250.49821191498071,28.983845670021083,205.04530357350785,0.0
2170,109.27052129786875,-45.316235424306804,-131.13586890263485,-143.1086936389552,-5.6721842492083026,252.2481368850957,35.47370059284791,197.00085841033115,0.0
2171,-266.9910053115354,-192.1390749485005,-161.5004159503868,-281.8789452044473,4.381812856623566,231.10258078183716,31.0023635403099,182.90328333528322,0.0
2172,473.91033245197286,-719.3255324321061,-34.38555038652189,31.207074284993517,-0.35790102053471007,252.17812717966254,26.346572685517145,190.2213909568566,0.0
2173,490.26820095932766,-112.08027345579839,32.76836208321712,148.75157978901754,-3.975466520648585,248.89186731353104,30.50187449110681,198.07699655542694,0.0
2174,83.76252729924875,-254.51260709816194,-55.458612670992544,101.89250851476297,4.717211900786499,240.13895744203157,28.594120062104565,191.70292184146595,0.0
2175,203.49792769552843,-332.167863292661,-452.9633764162849,324.1452495921019,-6.294098316306931,252.62226360320315,32.27020914501544,198.63634215893305,0.0
2176,308.82946926126016,-40.429008487510366,-231.02587669769053,311.6214643785612,11.916274605016191,237.26861080081662,22.57678290978003,171.38652165300402,0.0
2177,127.3591803224444,-164.3257019038241,-205.631111215961,-213.86373763670895,-1.4002757006039317,252.5571991968604,34.14086030407782,186.91852297340506,0.0
2178,317.68033879842494,-191.5555548367231,-29.148682818794768,31.130702579515933,11.836311066885997,232.13536687797853,23.611003829827858,170.84770943333507,0.0
2179,19.294590716912285,-294.9668568801985,-383.1454838433908,-206.3104010343019,12.152945886027934,227.34923812095832,24.695786297986693,177.8101546838961,0.0
2180,61.2918647260751,-282.35703869974486,146.5712250780912,-301.7588168837985,5.4554570632972315,239.26063353524756,29.525523945712546,179.88187584054378,0.0
2181,138.84093220088175,-365.01743019433843,-398.76610427882065,-174.00255424085276,-2.268443658202812,239.37093892119228,35.411143107142614,187.65343208000033,0.0
2182,415.1500378483493,-100.64631328616373,60.39601181830538,-11.916162229452244,8.648866623423986,242.42322247601726,22.522774070834398,170.0928467225546,0.0
2183,113.99834305450736,-403.3597033300162,-482.42349444872514,448.35133274708915,2.520306303746108,250.04772619700285,25.277857902518836,178.5751354787351,0.0
2184,24.121106346513386,-107.02627591984113,45.089083644162464,87.78807842704812,-4.337545385035913,235.53550254178936,37.47782436129042,200.2999897769726,0.0
2185,201.63907430962152,-42.03421705767967,-213.7315042070311,-115.45416622338132,-4.271909276953913,230.5644223380417,37.69745117420502,201.3721576390251,0.0
2186,330.1239202172507,-434.19263868303284,-159.10448468335008,-225.9710530195905,-2.317633212040368,243.74019326747995,33.54573598205624,192.12148240041478,0.0
2187,345.6805751809781,-276.99325648372275,89.20846973466116,-72.83762733821982,0.2034683896274334,237.74696005712278,36.12753015108717,195.0357674280111,0.0
2188,106.10737802437131,-82.36279238533085,-134.24703131007786,-140.20090525829048,7.531611825521951,245.4136477717308,20.75428211077918,171.10044206608757,0.0
2189,484.26560249946755,-311.1354258414172,-390.8315321932562,-46.30540776406917,-9.094088247688463,244.20301180409263,34.56268356250739,194.8706040619039,0.0
2190,304.1712485440128,-252.23451718721756,292.75969635192627,-270.33510518389943,5.278212237059087,231.11547737244186,36.24849352922737,191.98118594030967,0.0
2191,-48.790827283339986,-289.5502622837068,-225.15720366360884,-234.40662124618808,-7.368461067161063,248.72229014594507,33.92689575578994,209.68880303842687,0.0
2192,482.96556533200317,109.30764647964186,-21.30463504710569,117.45278997790783,-10.224769448382945,245.4210428110587,37.70058632149943,198.93571883346922,0.0
2193,-420.47860227996875,116.42452847621799,-270.15709884013404,300.92624597176547,-5.658617020756094,251.7125865267471,35.80425722197128,202.47586747696462,0.0
2194,376.24418107204747,-383.85614301793856,-408.5216052779926,358.1203208041195,-13.383331576136566,256.00130443453565,35.861799083907265,217.69731001980406,0.0
2195,452.7337118393323,-642.3722511995976,285.65208756363074,-281.33161866243296,8.092620988503299,242.5237743531459,27.254415374077357,180.24206757081706,0.0
2196,228.48293333766856,-166.8658216922954,68.45881541449468,-153.57761323752206,-6.2833093059581735,248.81461471249762,33.83472727767175,207.51353875145497,0.0
2197,717.0018151080124,-202.01268300129541,-415.2523343602817,90.07987014004408,16.412050132073656,240.54286962463027,28.21508391056205,164.63605917894083,0.0
2198,-58.82576179209744,-33.750473146578706,-48.10492413592158,-198.6110324116958,-1.0221823254044058,232.0835478872959,26.684449749895403,186.67814634938918,0.0
2199,-33.77861906859903,-30.298558740014524,203.57905183917575,-125.13370092324006,-8.136145984894473,256.47661490035426,35.881537562239885,207.8391676132544,0.0
2200,185.00725686761766,180.29685613723223,-106.06593270205103,160.5493074741505,11.365835287484959,233.2618538193773,25.879790772397776,172.88804143611824,0.0
2201,562.3349467571429,-498.1313560659687,-156.6442873194196,-160.60820698596515,-1.4249290799853653,251.97901484582758,35.47746981531555,187.7243282882773,0.0
2202,421.43802436947516,-408.7167062752882,58.618902143320014,-46.52589809526106,-1.0121926863387962,244.72213693581276,27.181730468723742,192.27188209221075,0.0
2203,-374.6152073975218,320.614456317265,-321.6460834931596,-180.2945833084665,10.34746907501136,240.71338738494632,31.229305419264012,177.99496012667797,0.0
2204,-221.49906431252325,-150.54889867948205,-10.172051353377265,-293.9148841441263,4.023594355054696,247.2090935489294,24.10582591401907,175.14182745483808,0.0
2205,522.4319933089658,-161.9663708717774,66.23190276330972,-27.581462039654525,3.311300223497879,241.8411603043721,27.090179625728588,192.85114809891257,0.0
2206,172.31109309290284,-424.8002198765761,-123.08594640534558,-257.7940275190109,-10.494985241250326,256.2662024028345,35.304322509521924,197.65309889217102,0.0
2207,72.99959552923406,-500.993386600765,-563.20877473696,497.54655075232176,-4.618587667330716,248.38403773135363,31.7936006210339,191.34056213063405,0.0
2208,-54.228156956452,-2.5938422624420365,-83.78688485360478,100.75718526978872,12.034138728152437,243.56358930669504,22.131175735731865,175.42542955512178,0.0
2209,124.30026443929292,-124.55158480959582,-405.06176342103754,363.9731648653356,7.724253761824375,238.5717372170079,29.19595311308828,178.02921979418934,0.0
2210,123.51371425711477,-308.76129645216696,-16.350474164068764,68.95289570880007,5.121930642445078,234.56254400631877,31.93164293065336,179.51543633818403,0.0
2211,-5.78177940246607,189.8024485201429,-382.0944447353902,-65.61721706976994,2.8551863497959316,238.73208314109428,30.532671677763833,180.9590007678177,0.0
2212,218.98239546940596,-200.07215031732392,-18.904337405883265,51.36242772109873,5.955925911470778,238.92728024161696,29.72750438154046,175.04613795884757,0.0
2213,160.80383615056112,-407.7334546713988,-88.23615128575187,133.93615040175382,-13.263393204777213,256.95793937464447,37.62876083998983,205.61387794124514,0.0
2214,410.39344100537977,-39.6256820442467,133.2904523259507,-34.418505485840335,-5.3483565072243495,247.6846479988181,32.741157755401815,193.28517718446602,0.0
2215,280.13634847869884,-196.8042836451204,-199.61546220917126,120.5999855355755,0.6646125112810166,239.95427259918029,35.55657973766573,187.38723323943037,0.0
2216,152.34670867102614,-175.13586546164518,-86.0243396276672,193.6741619924724,-6.806249745216012,255.09887636096337,36.22388845294567,194.79301330843856,0.0
2217,239.9173317051593,136.5726920596687,-225.98827449338395,250.9905871746472,0.9392610265668662,234.9308073677549,32.53606714390563,193.63493963929287,0.0
2218,-72.58522183206115,-95.69961822073019,-256.0917821062894,185.37298008232506,-7.2652816159578615,229.21624427117504,41.542544572075315,207.23091035546346,0.0
2219,-57.28665959003365,-74.15163190280123,-313.1967344756621,-165.8483318534171,-12.030870561497293,249.9255126730263,33.76302063454393,206.02887972382564,0.0
2220,14.801144164448843,-520.9243020775781,255.75322252121046,-6.162999509310785,1.755554948776183,250.52574629737884,29.22750449658663,196.35762377213686,0.0
2221,383.6867525554608,-449.6271334976278,-162.73397583709294,-189.62877644205443,1.913350025408998,243.73642617978945,30.651966999884287,181.08145125825524,0.0
2222,300.2277420029636,-25.889183231458478,-230.18519523423757,-17.95635057201348,-0.18194669272002562,248.53297013915144,28.46744143021631,188.781144867755,0.0
2223,-262.69131624916855,127.32316673619515,-298.5743811258862,-175.7520502328886,-3.5879121535884164,244.94497146022013,31.967271179071382,196.2434099746705,0.0
2224,449.155290795785,-186.98360705229692,268.69758953603207,-267.7788270612752,-4.091432414319653,244.76566081723644,28.57014625568787,194.90927679005776,0.0
2225,506.90777698066194,-285.80116700469165,-219.30695111692216,-21.047941413372897,-9.350409533284536,241.83253287038744,33.17826506904431,197.73893280008284,0.0
2226,28.13012549929357,-238.8624945624483,-179.40411892829502,-216.84272045670713,-11.787667132617635,247.64978760086873,39.20656750684066,200.34301303001985,0.0
2227,-271.51218156413984,-110.39263745942634,-449.7248884187556,334.1626498042787,9.551579147378197,238.12093615645122,22.208605309322984,180.04565510056395,0.0
2228,131.32181872448322,24.315744033332678,221.71981589780407,-231.31181812746894,-4.818388216133558,238.7552852373071,35.92169074811848,205.78350036410376,0.0
2229,449.6715346259132,-785.8965005774932,141.5803963390303,-138.89742055805786,-9.979792690020972,246.21044166385423,37.210007408571244,207.95073391505096,0.0
2230,534.9255989026507,-238.3423860673827,452.51283529648987,-331.322516500117,-4.196560895099075,242.61797270619175,29.58851748647366,193.27783082572685,0.0
2231,313.23462104609325,-314.75216549134814,-204.3168462976484,168.61059054479625,0.5008350636642818,239.8604493855082,30.753020830560306,201.60945200138474,0.0
2232,265.8816440569887,81.00044193930103,-184.29978042531923,119.6789852407735,-0.1413249882898584,243.42293128486406,24.702218394780964,179.98295124790891,0.0
2233,151.6768663332042,-170.14114144440074,-54.28444526933025,116.78795376588657,-1.31113044489346,248.0305911413406,26.83056008507542,183.11433906900132,0.0
2234,428.1325505558976,-124.52093824539257,-318.38956499854277,346.09472226167003,14.790210600465779,228.27576420542897,29.891886818428826,171.1820638901633,0.0
2235,140.2064420997143,306.80997023936567,-568.7360355684013,-15.393313149943788,-1.198163806885753,232.47833966672698,40.53382247747863,199.26988393069186,0.0
2236,338.090280909711,-289.00655073100324,-271.53279610158467,-130.32973106409972,2.003305302639209,249.24557664044235,26.95012943785353,181.43030297592193,0.0
2237,271.51549240348095,-82.31554205237843,200.11092070535557,-65.39716042254193,6.1446593834250285,239.32171581349056,26.410783873301412,183.22676612597712,0.0
2238,215.40617294930527,-284.3106527565213,-138.6538313885306,-141.04916809848783,15.685840209303514,233.67225089430107,25.527814006616588,171.30709977647507,0.0
2239,210.19911994168038,-205.70975044607997,-216.5382774582591,-195.9826560535472,1.150529223876267,230.66645375960653,37.14838119376258,195.56481235182156,0.0
2240,283.0849765985493,-282.02912739997873,-364.3753590678908,-67.14854384398693,-10.49329795237379,251.2493529228413,36.82443764033571,204.07171269825523,0.0
2241,63.598498098718224,-87.04897688353174,34.17345851170961,-51.570624469366244,-10.864352553258966,253.58509873211403,37.53381698141775,199.94256335360927,0.0
2242,307.3254371682876,-568.3646027097145,-299.5640241695257,244.58260906664674,7.529051695446295,236.82219927078435,35.55003453549119,186.97082522689502,0.0
2243,-654.5519279145714,85.2708848661789,-522.7457652527423,-321.88010465042464,-3.463849502659034,241.0689695180934,34.88478614583431,198.88245536704255,0.0
2244,296.97101102543814,-489.62091370655025,-62.388890198549674,-237.9946897534956,-2.1989217576695905,243.56032307102797,33.82329235652068,192.78708823325238,0.0
2245,-237.2984198767695,120.36031101358083,-145.66897757155962,-216.12407647163732,19.944423034030525,227.41666081577753,28.962903640898556,161.50354192149968,0.0
2246,77.72538106253538,115.12244165746712,-176.5459771375579,-90.97868458869887,-0.04606350753555222,243.33014859993636,35.55379713283839,186.70316089657044,0.0
2247,152.6476845798375,30.293741338857515,-215.48701708900177,203.21111197201677,15.504612755521261,238.43750338084914,25.106773363267166,160.6593538934041,0.0
2248,120.52663397808905,76.76245961934916,-188.20600644623994,198.50197924359102,5.34331579385418,241.19507661382022,28.489750799831107,183.75151605426188,0.0
2249,-147.84132508156725,-360.57434475230406,-243.43924710528714,-289.5336979848997,6.680850527886757,240.26421492555093,28.460434176197083,182.36902102294508,0.0
2250,194.3501861212444,46.948670642100865,-222.72847369754288,-103.23580825964052,-10.087980094249948,244.76951506436473,35.73026120764709,208.74537565760895,0.0
2251,15.549232567853144,-258.19548065229696,-184.02899085365237,-193.06774174146025,1.6441952567767806,245.49215426648732,31.59611482144478,187.29028022051148,0.0
2252,466.2350226378873,-378.7744185975381,-114.13531198149994,128.90825369912636,-14.149928460642498,253.08512986365204,40.35467100713706,211.98135195106892,0.0
2253,-39.58817441153322,-111.23452532244235,-618.5150375619444,512.6937722577647,-5.431030293774975,239.38594457733296,36.64053224086231,198.58776707836927,0.0
2254,41.20778683502977,-86.9837024832582,-665.2676920727404,-72.27437543294445,-16.406846069708607,247.05540488200015,37.33360238880704,216.4642213963309,0.0
2255,44.950543234638715,-291.65401980025274,11.721311505113574,17.89693517039719,-2.18730334827436,244.96190472892582,30.866840752200716,205.4152544691574,0.0
2256,359.8637277924938,-151.17705406839175,55.26122148536956,-51.86427156200213,-17.392916320458486,251.50057318767185,41.7536085962999,211.54228810931917,0.0
2257,-80.43926170025264,-44.740273511048365,-238.85778775149822,-182.93251676305735,-7.352142704315276,250.6645962438776,29.992023509474354,198.9043098069082,0.0
2258,109.07388590532912,-170.24152929798373,73.45940695271693,-21.686787696786002,0.993909254639425,247.238140323667,32.64140000324607,183.3424992388612,0.0
2259,273.2309973626147,44.651948699239256,-85.08349631792544,-117.20999436295638,15.733913640549098,233.31615854957192,24.29387610925349,158.9002561365183,0.0
2260,97.28185188998009,-264.5233725457926,-147.5159531732192,-235.07626640880605,12.620362589015983,231.74222965332874,26.26632597392784,175.82215734756142,0.0
2261,242.54221416981113,-325.9315976411353,-11.71312965471496,46.345138141137895,8.326360529539603,236.69266474085262,25.783677474339143,181.6072753466102,0.0
2262,366.8448421644821,108.44595551341074,-288.2760483553723,328.89840587989505,8.956982959089574,238.36663956882506,23.163963704717936,173.35681643201167,0.0
2263,182.92013788257827,-480.73421372883826,-55.3862607266318,-272.2116767991848,0.5009398481919667,239.65789846380878,35.94444596087232,188.64851305465683,0.0
2264,151.86036813832447,-252.47689885927394,-106.29621060792695,61.54324539086669,-8.748401317955345,248.67192655634028,32.24672711172584,196.07863750150278,0.0
2265,49.31221137634212,-524.5218633536113,-474.81845252800747,-232.65761917767338,-1.12796034166419,257.8574047127984,28.750069264303136,186.30464016143006,0.0
2266,170.86346948278498,-244.26011044250907,-153.79835582415114,-136.11569007203036,-3.5752979964462916,251.26900611679605,35.62535893585422,195.51704098630262,0.0
2267,-222.19228273707702,-112.5447062232079,-92.83783692887854,-287.2224370776856,4.067162295126868,227.47215040734014,36.86538719160316,203.5532644830289,0.0
2268,141.0726508998886,-183.68887291868026,118.74178819969185,-248.72151293352803,6.041172652788737,238.80676657617673,28.655698660963665,183.7883982185491,0.0
2269,-34.58967483326509,126.96863330203412,-451.5600670297875,-69.35294155817722,0.9723324097092831,240.35814900397187,30.10683765432887,191.81770512566052,0.0
2270,-35.984723723269354,-46.92720444918279,-76.54695945206144,-245.33674898293128,-8.8037963364329,238.96347387668777,44.01538691793617,218.62468671302355,0.0
2271,422.27105154180344,-429.2666517721764,18.208213507500147,-191.4505644645314,-4.560204207092626,253.10189016613234,34.17984557117805,192.24983417534344,0.0
2272,46.02944119107468,-93.66619667366018,93.39283989086992,-221.9475375536026,-4.874265750043309,250.91879442145614,31.941910461682948,204.636805257864,0.0
2273,-339.1096863436448,46.51941639353034,-332.66283349518216,253.43104540573484,-7.030926664223024,233.59389773005418,39.32447840580135,206.30546271755915,0.0
2274,307.2806867376831,194.3572383173305,-205.5778575811868,8.835638064622508,4.886260070744205,242.05483320359934,28.98187224977976,183.70329704455855,0.0
2275,169.00081305803465,-270.1662233718884,139.036724012429,-244.606100096313,8.881005845311265,240.03390848751323,25.178158743765447,171.88509507114924,0.0
2276,130.3984406015816,300.45183670017985,-429.1379237353011,359.8757725073837,-4.7815518975435145,247.99653892248872,37.27244444009334,191.43016270780134,0.0
2277,407.1640112027765,161.25025853212392,-371.14756344414974,50.678287567294774,-9.941605634317,250.02089263417204,37.88690381475425,193.23299536876308,0.0
2278,151.70693781951655,-357.2841525161719,-122.55082318514555,183.573843864643,-6.525809971162957,244.27821585319185,35.70982725780386,206.3344839253355,0.0
2279,265.85437584294834,-183.9670422433559,19.79190030211191,-73.99656700508226,-0.3740599211296468,245.23953401130981,28.750199793571717,195.19249185558968,0.0
2280,240.02108621969015,-235.8577921244291,120.16165892290411,-202.20433180662266,-4.329956318186926,254.0031952742094,32.222298394884724,191.7900737772937,0.0
2281,-198.40301226942043,-225.68891911998153,-190.24178670992225,181.16940622987096,-7.134830333507933,246.97589409309452,38.9526514312132,192.17063922702962,0.0
2282,-123.75010639583222,-376.4074188628073,-214.86949737691944,-305.32193447761153,-5.269994899130889,250.27111555785794,30.969718591906112,188.29429348545807,0.0
2283,-195.01290398696324,-227.919391681141,207.3466772673493,-370.436636875862,-7.708497625577042,242.19379788579693,42.29612279881078,201.9906419656681,0.0
2284,79.61898110367292,-393.2811834727106,-66.54189367179956,171.74012774135423,-5.321075173131526,249.24651766984545,35.516799364512345,179.32810314151672,0.0
2285,416.64030956559054,-268.36050063222484,122.91990990994304,-32.365998942692585,0.9817587530261731,232.09920322033864,36.842236867013234,201.94458489576417,0.0
2286,117.5747979585027,-548.6193936757187,-103.47664189704741,101.95889882047018,-9.050474761884958,251.9262373448377,29.568725081451547,201.41523805406086,0.0
2287,199.27743845775834,-129.58011578837682,-379.9719677844013,-129.56564536149614,-8.247690326857201,264.0088156072672,30.956642053219436,195.38831508192314,0.0
2288,68.06301492980651,-244.32765365531574,-167.06595927208247,-241.18516802331476,21.731326385126188,226.0405065295135,21.518628926279902,165.29847800027827,0.0
2289,269.2754460416718,-165.71158765682299,91.67620271215084,1.040399251720281,10.860391562424189,238.94357081454558,27.81304120825794,172.36596809103153,0.0
2290,-108.98626430599236,257.3772288306817,-283.5933759037215,-80.54477935425733,-4.824756049045707,241.1038988920809,37.739728685612064,194.30617720903876,0.0
2291,29.7922433847301,-122.81148222763369,-209.4481173728311,87.10060224357329,-0.4770929367790391,241.96277505709463,35.37591830341156,199.52375300996772,0.0
2292,-37.461914574215484,-157.2081982245031,-581.7407796309008,303.0024126150062,13.306547761952524,240.9215865516511,27.636643853121026,177.02311998469904,0.0
2293,159.578924756486,-277.10814705743434,-154.69345184661304,-141.81137639667406,0.47715601925177165,235.07481737532243,32.26734105866379,209.06179254945832,0.0
2294,-95.6601706976179,-420.72709665602804,5.054974597640127,-375.24558163519725,9.479098528576268,236.22420544217806,23.870442811353243,173.43168776853094,0.0
2295,247.69132612337154,-326.6485366589238,111.14043113107618,-196.79755505111495,10.979105604862207,236.3631110512093,24.035191633545608,165.61724396220032,0.0
2296,376.5315712792803,-416.6162219803114,-355.8823758390707,348.32783546167883,-0.013719352087219638,237.53930676681694,36.68703599280607,192.41118584661444,0.0
2297,-40.93552629063417,-296.69808440768037,-488.9866327036818,488.1172317910011,-7.977220808122988,244.9885783753772,35.805395117360284,206.30028025874054,0.0
2298,-41.410046708081616,-210.4107626849632,-419.63940658523506,-194.53839996465177,7.096186894668609,247.50134970572,26.311920083065964,179.7690023615347,0.0
2299,-95.70061823375315,-142.7993161753905,-283.8308367147437,180.7520942249846,18.315207081255952,234.90587302348928,21.801233434212456,162.60479983783708,0.0
2300,-14.565425771936336,-305.50179524479705,-434.3504085510808,345.1254400827221,-4.429582127487707,246.00347802155437,31.102011683291146,193.5575504021899,0.0
2301,487.51400081410344,-390.41563328155837,-273.5708066947225,-91.18770813690021,6.508903680390858,243.00208552506064,16.400528442951895,174.06398088311218,0.0
2302,616.9648778585616,-334.9293060583722,-206.2460047250788,181.02663481217834,-8.834587910984297,246.74404975377166,34.968989217395126,211.17256044067216,0.0
2303,343.72339813144526,-188.47508378067448,14.237641257055467,-116.34983169118325,-6.9496076001561224,242.427098594813,37.053738881013345,198.78438553522224,0.0
2304,371.06664911287226,-285.2112114023282,195.33496249353593,-156.60535743937376,-7.8914148832493725,253.18143970244154,34.455234657260746,189.332383308081,0.0
2305,-254.40406225608032,-362.0808207140204,255.4538704033379,193.81257220063588,-2.003989725196856,246.75916551759994,28.515348266899384,180.34344707390426,0.0
2306,396.53064762476663,-21.49775505528273,80.31334385602689,-116.96808701949224,1.2915958568265995,239.5761431225101,29.25715588766502,190.92991549304037,0.0
2307,-108.94317399984747,-382.5541362312112,-506.78670090518614,482.7123264165368,-3.860769235543204,242.73771609007952,35.75161260433225,189.90404181780636,0.0
2308,13.14985488381688,-350.5866834143178,-74.62403315761733,-317.93521148449605,-6.9107365553550455,254.0661534287963,31.61454441716601,191.41963947026431,0.0
2309,-203.10436425181177,89.11013665045382,-355.8706648339855,368.9414908664959,2.673456080100393,230.29070338660662,34.72326660651124,192.27558671160716,0.0
2310,-91.08536337419717,-39.40083054704908,-79.12776156989965,-277.8444140218776,13.89119448807745,238.2265785506939,23.371791612340594,170.17653671166963,0.0
2311,274.31748339320677,-67.51846130510916,-170.0074990761575,-111.3654186118796,-1.07901953103973,249.66120484273915,31.814776347759125,195.32526899986095,0.0
2312,378.5162633961286,-181.26380640077943,-15.624303541686446,-140.75973553382423,3.6801477798876148,247.8363446514279,26.64274316305464,177.0916202012366,0.0
2313,157.40222285256124,-97.63581495748903,-154.17376541791157,-139.8457423978876,4.440713572748897,249.84021381781074,26.908777268155582,178.37818477100092,0.0
2314,238.57475250411872,-47.12279296947814,-161.69415446571477,-108.50630363192005,15.113602200298686,232.57672660679262,24.86595297341159,163.30486669981525,0.0
2315,20.10581649082002,-144.02586762981008,57.069034653083946,-25.317554297894198,-3.5539834870237157,237.27242559205277,40.44597755256544,200.59207446505778,0.0
2316,-1.6233281833407887,-68.07746947188593,-254.5503574167511,-221.98666773148057,-9.51042345624332,251.5227958720309,37.337527927409454,204.69021358442666,0.0
2317,173.05442088299233,-105.9234545191393,-247.17530331789354,178.31360972833025,10.855734659525163,239.4629123937325,29.056073301855097,185.6201645157159,0.0
2318,-140.0048929186875,-226.02221282758634,-345.9504610108109,286.004787844102,-10.658622992372136,243.83006818192524,40.394714204160465,207.28752597862288,0.0
2319,-111.10928050572468,71.80727423847331,-371.5421632836643,-113.39390962300327,6.2983150871505185,235.11507270502807,29.905121091941297,187.48698716384533,0.0
2320,403.0484005859558,-185.5830199807597,-315.6129800122487,-23.017861037447652,2.5838056641188265,251.8981482479657,26.005422612200952,184.69251406104956,0.0
2321,284.4347078772253,350.1906106003646,96.35872929400078,-4.621013255200879,-4.641540546937724,245.63774601647737,34.72353973885691,199.82533519138104,0.0
2322,211.78196086399663,-144.35606937650212,-14.077156418578118,-166.00251596690683,-4.5987540405971625,248.80122086096657,36.84807542306986,196.8053850033476,0.0
2323,104.67514544219043,-219.24577471295348,-114.16782680196698,-191.17136576770127,-0.5628913052352977,243.36176410871076,32.64543433025797,184.21833918778086,0.0
2324,255.58801971486136,-220.43441060589183,-364.33842589303674,339.42330074275634,17.973193353677836,231.13218513777502,18.220558386216545,176.39184331285395,0.0
2325,474.883272127254,-500.60185084210946,-61.337968728845496,107.68955178712005,-0.7212293442848956,238.01803163431498,31.92650073959524,196.88250435559544,0.0
2326,547.7594413994723,-317.9944885462556,-172.16883203404126,-36.80065125629868,-3.12543016721412,240.1805050651248,36.48060245361529,196.8752729764824,0.0
2327,-340.7544490484226,222.78827919893652,-247.77867190590106,-190.429294330901,-6.606759075736454,245.44124482304548,34.406729490554845,205.99173056059718,0.0
2328,232.2343905621245,-152.1183848165716,-28.64300010958565,-122.54786263245092,1.0307902847778245,244.81258909405645,28.65146358069195,191.20046020507655,0.0
2329,-208.86359265224982,-152.1112816919855,-156.9950561654975,-285.60260671204986,-7.239918947744904,244.6848946755779,34.392066504988954,200.90039337224357,0.0
2330,157.60621829766987,-140.68931230590223,82.34670958732178,-18.969245923438006,3.5350669519316096,248.50120261731,30.889537444553902,185.2381880639536,0.0
2331,-124.12749038691845,-50.4547670293755,-399.51135848559323,443.66749560483134,2.2646905666506894,241.71547722514734,25.766548456674183,171.4087089150052,0.0
2332,-267.8708995934815,37.13751627485411,-149.97366179546583,148.0506567403191,-7.266788704863679,248.22480642857062,33.059384454478874,185.38933907375232,0.0
2333,95.48901314306613,-471.9913090066063,-512.4433700523447,438.5920994269916,1.9637111737798985,240.2143358755757,27.261645472181282,178.09007773623392,0.0
2334,-313.6172827342927,-529.1977864596371,-350.06767753866035,245.91553139200525,2.9612120750976354,242.4774899683566,26.29289025321407,186.0663687459232,0.0
2335,118.75781509678083,-131.663812007749,-93.29979382119768,111.91848274447791,-7.5088747736546235,249.18374241781908,36.407601300432304,209.94213407177762,0.0
2336,-339.56599926331523,-306.46741182847626,-79.54265198352863,-376.99635356562834,4.157763346488032,237.6222926736861,32.317737144671234,175.53795315973105,0.0
2337,418.767707623026,-24.42635601429235,-17.987532138301752,-52.74377027185266,-5.5593722157202805,248.9862772543411,34.39285092316027,197.56790300026643,0.0
2338,234.26360139566168,194.86545711952067,-140.26315482807658,-106.29624509587133,8.124451585386328,242.6807343466896,25.047154225686562,180.50742130253616,0.0
2339,792.5878466746655,-140.17142098862055,299.1660399143284,-234.90409143738003,8.525313630620941,234.05457394591562,24.72217032556498,182.86772145664878,0.0
2340,398.58283201293017,253.62828463331363,36.35210689755517,-1.8652267121983535,8.393158360476377,247.223558992456,26.090908182760362,178.53627972959396,0.0
2341,-28.049807604478104,119.46935547878437,-196.87427803652818,209.7617229154423,-14.459132596342862,241.54503193951084,39.80902340693848,215.09965020604005,0.0
2342,324.3637705101098,-125.69198806182085,-120.48672256127624,-129.80088532138586,6.702470640966921,244.48480274352232,24.46174560609052,179.52078282650186,0.0
2343,501.91647559067434,-250.1839373910363,73.9177918170567,-171.46884699946793,-13.694906458779826,252.26777598929976,38.806108365464425,199.61006223639504,0.0
2344,398.70361764971665,-254.177915403764,66.31639540653711,-155.77475105460059,1.8798134937399067,242.279363100367,26.834002553489732,176.36062358664853,0.0
2345,442.60599622849315,-44.10521573817483,-68.80113296047763,-63.754682592005594,-9.166936771101826,249.38253077297344,37.280534023590356,206.1122716869352,0.0
2346,-145.43436565840793,83.46610489215055,-372.4264054413719,-159.39855445101458,-14.808264835943426,249.32638709333162,40.152481989402574,211.76655352755512,0.0
2347,459.9888890248197,-372.75443975857166,47.622019273585934,11.134605352255921,-3.78797599579559,244.43903575576752,33.56057493001531,194.186463680626,0.0
2348,495.4632788898225,-289.14674195278974,-221.76259108984118,241.55838862552167,-6.3013859854355,247.75939513826967,36.58877034623742,200.10257635897307,0.0
2349,248.36332294028404,-260.7210161777385,-252.2709717440836,-177.8718681027752,-9.193612719437802,245.83836765116476,41.153609996007454,210.93734580539336,0.0
2350,590.2279495925408,-655.5701344993995,227.844671460055,-238.02035090743377,-2.7990489329585717,240.93993774654638,35.774425623875494,201.33930776747758,0.0
2351,-15.874553274201087,38.55274063059346,-429.13927012708183,379.8019025999373,-0.11682473933326087,245.01055853660927,32.68109320398661,197.89280951919253,0.0
2352,-260.87690034925697,341.2470568037502,-542.0927868626026,508.05987646052256,11.364830117211417,233.908690285378,26.02517768305764,172.31438222441284,0.0
2353,169.13466508081723,-369.02133376887656,41.321371385090266,-40.811094493553,1.9313303864979194,242.34338381036218,36.100521450516204,197.07737552151985,0.0
2354,257.0640558161402,10.845578419966584,-457.58748122811824,354.1645775997453,1.5540703092429524,239.71192534505147,28.68912899835348,185.81862029087546,0.0
2355,210.4268056977645,-322.5953375809431,-30.723347788518108,12.810370349575972,2.2872672754872228,238.30209137478624,35.204024129092495,184.32174603613484,0.0
2356,58.892892238120375,43.14997477583993,164.85200849013944,-218.07727636141445,-2.2420879943852694,249.81402291986987,27.955350350342652,187.06543045912795,0.0
2357,82.12651905733901,-211.396479767223,-313.43069279373583,-145.6735910441944,-9.247729682421355,250.49390101138752,33.951953316240235,187.5128481992664,0.0
2358,345.94921405780894,34.815191219012355,-234.12495337317173,357.27267813832935,-7.052986500832718,241.24799185896444,39.07967895761732,207.01346054167624,0.0
2359,-101.99676494058795,-68.98789664509276,191.8805797986447,-343.16509939473053,7.891207396796732,235.0635687722504,29.102456854945654,173.2233197480311,0.0
2360,-60.87414940807392,-647.6949799978004,0.4328326925283843,-352.01694600459507,1.9847797992283227,239.0173105385065,27.20861502966531,183.7193718838518,0.0
2361,574.131505365782,-224.56816390457453,224.4084869842375,-202.6598090659238,7.064629680714594,237.08711700401236,22.64810592597476,178.07355532206108,0.0
2362,318.8180772053971,-229.33161922511437,-295.44771608212517,-100.21021735565401,-5.685236398189644,250.72309868874282,32.95599079711885,204.95947340438914,0.0
2363,430.78336873379345,-319.6326057303475,-26.510089501488054,-106.79825374720208,2.1339146540055287,243.95399972973553,29.674462404895166,179.2103026401856,0.0
2364,206.359224521918,-50.65801887335415,-181.36561264505886,-133.27847402507822,-3.4393919795060675,241.45897896834163,37.56673356244413,198.29181060295755,0.0
2365,207.13220627672843,-314.28206622862706,-326.06035019647936,289.75407141629785,1.359198715450407,243.04932659349006,27.481506341354272,182.68822814227042,0.0
2366,-162.31795869450613,-100.81788765892182,-96.06798281254845,-228.78739421572325,-3.8619789646001577,251.3753886606204,24.6037115717668,180.01887905921788,0.0
2367,-7.933624561793362,-9.406883941191913,-115.8722664726696,-188.32777611761873,1.68852888279956,242.52892689335104,29.767203016825768,182.73576833514275,0.0
2368,323.67842148159923,-170.68615078061583,29.429350102790597,-158.52478640641044,4.812519809056214,235.6370835322605,25.402812165415064,188.74643995222704,0.0
2369,115.77672394257176,-301.9992873455976,261.4223865978105,-208.43185743098798,6.165449683870178,225.35133941849833,31.19267777465324,190.34285194936675,0.0
2370,60.061419462414875,-204.48777945908247,-149.62225363345365,-186.72977743712764,4.488421155507804,247.16592783321244,27.017064769770194,178.65311422953667,0.0
2371,238.05341592557895,-257.7921610343465,-412.16187158616196,371.8300105156417,3.731483624415528,242.2625951470773,31.395193084091726,184.49763126551917,0.0
2372,-5.204040750432193,-142.07431011175993,140.66917388681134,-49.73574836887327,3.606600768265684,248.8551904204588,28.74776948682447,185.6739766158107,0.0
2373,278.4145765545967,-73.22286994561375,-85.02373900706974,-142.18071717395372,1.166825731947775,245.32544679628097,32.5386658884661,192.12539887473932,0.0
2374,291.3909152302814,-117.34115023210224,-158.04995936622078,199.80054038541385,-11.797503847049452,253.25305981893166,38.889444232089225,201.91278526861967,0.0
2375,703.8207523637279,-99.79009001028693,-474.90282803896315,97.94354874344906,-12.11427123161064,247.77535001550973,38.22553623315421,210.75815565859688,0.0
2376,458.8447222289574,-349.86687039668334,-289.00206395456706,-102.21809493754463,-4.690043548445686,243.35370609382585,32.22073343278658,203.18999208444234,0.0
2377,117.8024055987362,-318.7521960467783,-334.84125533613894,296.7808411689041,6.044286013906517,248.90264725604405,25.146941458110856,175.70034598140197,0.0
2378,646.999215430339,-31.80778792142722,-335.58466827675863,63.714843556072594,0.8004522735552559,249.88596423206928,31.548911136827947,195.3479784822188,0.0
2379,-87.49750369005685,193.58069688320532,-349.762155445744,355.32626826291676,11.45464238113018,231.918793258807,26.908435127257313,180.77370475763368,0.0
2380,374.0145729476358,-455.9775710984196,-23.402453595314874,1.346707512611034,-1.8919053714907523,242.2218321379668,33.689111068942196,197.4297221641217,0.0
2381,288.6361268619316,168.98831939991723,-271.8072695162796,228.62863800790646,-1.3121680701360872,248.25498787013473,28.62634701441322,184.00379330162718,0.0
2382,226.5439929694756,-101.72464204317527,-127.27529313392832,-121.81983192669306,-0.11777101057862771,251.75022137449758,26.79335310254906,196.79948951764413,0.0
2383,-81.23068921531909,-23.13606820683516,-197.18684338658153,-168.85723807268647,7.229236789708752,241.9637899755371,27.155004561118705,174.45175214697994,0.0
2384,234.96232297680493,-251.56351738607813,-161.17908164315375,-126.0498727390782,15.124077774697621,230.22302693178045,25.473739627722072,170.41497242925874,0.0
2385,20.9613426313515,-217.68337534936526,-260.92658501924603,-215.02123447865299,-10.122146671092972,255.85782449117323,40.36595592741111,210.12443665889649,0.0
2386,101.16130006025415,-113.50873813134194,-98.58629522478898,-169.07174005836413,-2.9769462210263864,249.33090145148483,34.467722312879836,186.03730973144687,0.0
2387,369.9671804649776,-146.06903369309507,-148.49275021695183,-97.20295248281371,3.732104068389341,239.69753043760005,27.63356965899839,177.19295897655653,0.0
2388,-225.0079043860583,19.27147221330905,-380.7039098371274,393.6623597407206,-7.487097475419626,247.51831100920447,36.18906300728222,201.9130478878678,0.0
2389,243.159507216592,87.62623567800935,-167.64340451398454,-6.668472061941189,17.61738695185493,232.5354395328257,20.950045549666093,169.28364502327003,0.0
2390,517.8924684891434,-673.9384563225503,-224.0289563897313,196.6701145680339,-6.689610148681752,247.81169520567246,32.55735494649831,199.96157768193777,0.0
2391,-97.30444533422111,-40.08740679121283,-218.93212200575394,-237.57484713916216,8.65196427121247,233.25404944367693,23.73068138496096,178.90361010274017,0.0
2392,138.04818428440439,-173.47994265002274,-313.5207728728809,225.9568848052873,2.863462150408213,234.1394221931684,35.6196014143423,197.24381460173367,0.0
2393,-200.93641856386574,-413.17041878418763,-356.85727306086676,381.07811413272225,4.640365526251481,231.2219238181827,32.81784662641784,183.5154082602016,0.0
2394,230.7931351259329,-42.15096037709056,-133.85600984635533,-79.14001990510798,0.1040016265942898,254.10896544488278,30.534193545867016,181.4808250943055,0.0
2395,130.2082865924755,-132.71975031466633,-204.2421044390456,261.43313438197293,0.6474566089175733,237.92192629159194,32.99411209616703,194.18344605761828,0.0
2396,30.524168391468564,0.8584738505220013,-261.1265796025969,293.9211295930685,-6.609643798726287,246.33745996007653,31.953315300034745,195.7112061203749,0.0
2397,119.49812812607368,138.49649893086902,2.854447817339989,-181.07355643463728,3.6523375102485334,247.7125256070173,29.252489767783615,184.429065410397,0.0
2398,35.361032453276266,-274.98043091046793,-286.65476072347474,-191.66303132866963,-8.97669389596474,255.03356788999727,36.23406854083471,197.23336140224745,0.0
2399,310.5236682859081,-94.83736104291066,-531.8217261666808,10.79858940028846,-5.647929784316172,244.96323368567025,36.18804806216175,206.6631529509367,0.0
2400,-287.06443603439425,-354.8839621367217,-701.8904417782835,633.0234730092362,10.525041250531517,242.82028052847897,30.00399774699484,171.01860480860586,0.0
2401,-259.4505797937183,-74.93251215686966,-154.97486741054553,-276.9151047880323,3.545588650994742,241.8669977005145,31.4070574141168,191.95454864024038,0.0
2402,445.7349098096873,-326.37562201981973,-202.65224581904295,161.82073977051792,3.6494999192951365,242.51597376555333,29.01475188236504,178.891598552456,0.0
2403,206.67489395236723,-373.7343988277729,-168.75092870269557,-218.08375222541247,-8.116533445060227,238.45254779553508,40.342481857395136,213.4501106388666,0.0
2404,43.63804704639025,-343.67622206819067,5.106554274246067,-249.06136270532272,4.88292131565679,244.49634088579666,29.225658038879107,182.54736254897182,0.0
2405,297.3815594404705,-491.77486605401714,-272.21730962393275,-160.26665794681148,4.954584404595168,243.4805955408234,22.148252834473134,177.4263690699592,0.0
2406,173.9730492761221,-174.32112448136326,-367.4382739908209,291.5945938729131,-4.653372906188532,247.9447985252091,34.23639715910056,197.21088404788725,0.0
2407,147.80268265385232,-22.087693035324808,182.43434679510165,-248.54609843036025,12.342567271514728,239.3864177871055,26.42492678388853,175.36407976393463,0.0
2408,116.01106934551115,-97.22534222039019,-72.22172386323061,-190.9392637022552,2.7160704808126335,245.18199846417045,27.959939053836973,175.68369578438023,0.0
2409,-58.799961432330065,-293.6421449910596,-364.3372330686725,-160.5091264630468,6.32602933017783,244.5969346086654,28.328496640251885,173.5507375602511,0.0
2410,107.21367604000388,-142.9410645904699,-196.81169705908198,220.01740490834348,0.699922787051561,244.90783099195556,29.556543902216646,186.02854668095497,0.0
2411,-2.1394777044212665,4.385914148589665,-363.3976019793333,-164.10535531870576,6.658443115190757,242.70716752754416,32.53410843052557,186.5280056523255,0.0
2412,-140.85885754531319,-446.0155357138781,-548.2619646820214,448.3124576797863,6.928793206410186,249.42369028365894,28.43534890010224,180.0541932766068,0.0
2413,522.5668809564319,-146.91302033256147,-462.4696971571515,29.91181011217712,-4.109678721128887,248.7854286811457,36.46501848943653,199.73225440254222,0.0
2414,111.12572974538315,279.21079632401444,-310.0496986421823,-39.53607315513648,3.137113908482486,233.31567051059295,33.59958084150995,184.79207036659903,0.0
2415,107.34140891824863,-38.28072367965376,212.05305476778182,-197.20296861215078,-2.54817653653881,249.05326844768956,24.720978182466975,202.49169993325287,0.0
2416,-13.873063817137666,71.39673547542844,-430.5534479291841,347.280096644085,-3.3623064453744003,242.41162645498272,38.31611191800801,191.89338523237885,0.0
2417,76.10527463569451,-185.53087067038257,-258.9890687497103,226.9429479883188,-4.165152925500914,247.1895927990317,41.66414067759622,196.35499053457752,0.0
2418,-134.29314519285742,-33.30827564252281,-174.99648371284815,-213.70327498152255,2.349587530988951,232.3210016850516,35.31313762801283,202.96082972368544,0.0
2419,-75.52888199113927,-129.67955434350145,-66.19199556736334,26.53309124906915,10.026246115606355,241.60004538442618,22.40588276535201,169.15795835627307,0.0
2420,206.01560371813625,-472.02498441097174,-79.51400231864423,-242.16599531145553,-5.03893746824952,245.79478924963172,30.754767275250664,197.0370526425903,0.0
2421,-158.67777073908354,21.548873809374,-336.78283402653267,253.41745695408719,-12.35743138724914,248.29775521678434,37.086523430210065,204.36433371674096,0.0
2422,583.3232901782651,-278.9600680699605,-339.1162767815417,-61.62927928816213,5.4844724799731726,243.27759760720198,27.41352948716374,170.05288057130156,0.0
2423,286.1323166010804,-216.48085765395896,-59.79639193387713,-188.38904331091874,4.5993786018827105,248.98354456434964,29.7429094165078,178.67569554284438,0.0
2424,328.48205988366425,-660.2364095303063,-316.98474606471524,228.08216968437796,-7.677247773696702,243.34399332513536,38.55427024488216,199.19758400443646,0.0
2425,-335.2831306299001,-296.3427464844447,-632.1389626953115,542.5129537145084,-3.2412575091005618,248.21404792743962,28.222107630410385,177.26459526239418,0.0
2426,256.08556376299066,-295.6694627845236,166.29246349947402,-161.64730730630447,10.604796503365732,230.5827947529668,28.811462604826325,181.19180798590799,0.0
2427,67.56375304108612,99.05674105720381,-278.5421369835875,271.73183084574504,-12.554498892252699,249.90480987663096,38.722559035483634,203.11010099379746,0.0
2428,366.2038812692847,-124.9362434741212,-600.4426555083843,596.903920834374,12.149879815828015,235.36732028116077,26.103511632617685,180.0769728243004,0.0
2429,-83.35955985354823,-146.7907797841442,-513.182384408529,-130.76531107913638,5.015087934702764,240.27172759033084,31.81211163930379,178.9309976226642,0.0
2430,216.27242693871,-102.2566361957316,40.9986316889372,-156.9430249250174,-2.0553009651719187,248.6004158719511,33.81014538156647,196.72529185269445,0.0
2431,27.608771548048484,-195.6498508660258,-184.21663203832955,-244.23323130193046,-9.958035834357794,247.87117634645332,34.88234477491667,205.60069814537246,0.0
2432,944.087649142628,-307.0213392874076,310.1378487357373,-180.2508069280345,-9.069761776954063,250.1372958310097,31.24205424874565,203.4989165121444,0.0
2433,-259.41282162103596,-99.03298126469087,-308.29179905115006,287.64431370137737,1.1730365368098852,237.06064086872524,29.80788929426028,198.84986427407793,0.0
2434,539.5821489142504,-224.8673228903472,-475.66185896329074,35.385524782809874,5.98410720549972,241.55227447766862,30.14837781350874,187.0024940546692,0.0
2435,526.0659524975528,28.673280578411763,473.552018182278,-343.30053503225497,-10.259662548713584,249.77063171361274,30.866055505711735,189.3937025533841,0.0
2436,64.98895383575423,-73.94327251820496,-311.2472572578791,319.08809690880736,7.392277649716183,238.31613249729193,30.377780505064532,178.05582085291408,0.0
2437,296.96020688768306,-352.2397501455579,-274.12308294394006,222.90350673437968,-13.291383209497253,240.2901664846497,42.492679996937525,223.38431479984143,0.0
2438,151.4505957677151,-122.36238589624493,68.06488384439857,-6.8925968152192985,4.652615417191475,240.41933652386996,33.507346045543066,180.40466609865126,0.0
2439,114.13235638297698,-287.01776774994926,-633.7845275082984,-116.97005677484375,-2.5263782966453707,242.71945760285942,28.86749353676133,192.8561072686595,0.0
2440,32.48441645936704,-439.0652165517603,-368.2357264807602,278.22281932648434,-0.5262639743543225,238.09739046895285,29.305477921368908,194.6178824359567,0.0
2441,-297.1288460424354,-182.46343090723528,282.5541007767118,421.46337364265383,-15.618166253768472,250.85009618285278,45.12304346546273,212.06800112515862,0.0
2442,448.1458356049709,-35.052841339274195,-1.0845151865602087,6.493958273453382,-3.9489923844653383,243.5939992032533,37.179915956378494,197.82851749278913,0.0
2443,476.36006879917306,-54.13021511412588,-202.1897315032254,300.63604482484084,-21.327084826235986,253.24839017360142,40.017837987010424,212.32895493549307,0.0
2444,-92.34923953501605,-87.57590566619552,-334.4450494996043,-157.60738254683451,-10.764863326432609,242.21277326274134,40.79614487900555,206.5559431920882,0.0
2445,454.7284933763619,-440.1730886998166,51.903327406391895,40.7386176354642,2.2556478185357367,237.56964205782936,27.726948448575126,192.9567021880356,0.0
2446,356.6360246793216,-25.86635359042844,-185.62458780615745,-51.97161126804586,3.195726642674516,243.83847010320937,31.37061389717746,186.2496396952868,0.0
2447,800.7724067676836,-265.77153912642564,-255.12850558973605,6.9025603505868505,13.416989749343369,232.83827830490645,25.514584738205297,163.00445512149446,0.0
2448,-58.913003823245624,-4.118251196276934,-510.3215238847971,437.95099107919737,-17.231653624224137,263.25012456874333,37.419499985703595,215.5948338556674,0.0
2449,-35.67099305491803,-86.60991369660209,23.62300647214779,-209.02516975440116,-10.352011684593432,248.3620581219688,38.70937716696146,209.88591336680983,0.0
2450,174.74994541982917,103.90994869612227,-513.4206160966002,29.804681020981995,3.376789067005846,238.48330904693535,34.182147525223584,183.8683476832179,0.0
2451,158.84960321246854,-334.2752725653685,-196.7484778918217,150.50963429244752,-8.94307839137186,242.4031883358022,43.13139761311561,210.01752876078126,0.0
2452,399.09258932924837,-121.47511098160587,-177.85571428756865,-97.74083804219886,-20.966011432596385,252.69160021881197,42.752537946607674,219.75465328174113,0.0
2453,141.10874332895582,-227.27295953976338,-606.4852922647397,614.2233039816849,15.76294137096448,238.91136458178445,21.853388976655513,164.21783306826705,0.0
2454,2.3562401749062545,-448.4278915177878,-355.3033742675584,340.606530257524,1.8040856554697795,242.33467508628647,27.322106841948887,177.55854878878944,0.0
2455,79.22364367169043,84.0808723831504,-178.64859117980964,-119.5204560119778,-2.2457063050712582,249.44279909669692,31.512815711580256,186.0512130115108,0.0
2456,219.15279704563505,-178.79857964929838,-114.42448065817801,152.79761064274976,-6.084144117916727,247.6721629792551,35.32546196339886,191.7967720774807,0.0
2457,289.05076563225924,-41.419822136662134,-391.9048694007314,357.1244976184876,-13.086281765819333,256.18606358999193,34.60534095997794,200.82840555682537,0.0
2458,352.7283843219067,-63.905134595612076,-163.20819403296588,172.3445172915728,11.742773238446052,227.30931810876933,34.28639779834774,181.2542677893442,0.0
2459,172.739178144258,-113.74510896927555,-159.34025400969617,-181.02456240701343,0.3050630601745936,251.91306848835166,27.471940482929902,183.13294062037536,0.0
2460,81.93570512983752,-0.7674711538058876,-94.21345429096228,-184.2513694987581,-2.895668454186067,250.99428550742311,30.56639906479981,187.17566721333415,0.0
2461,604.4200658547288,-283.8650544285796,177.6773073297719,-110.58317780318139,-12.072034749687534,255.58130447851153,35.82934374484583,196.3299913479878,0.0
2462,-345.79529701843427,66.23332602853122,89.02811253189893,-355.81554341821527,-12.551708075884399,250.71243364892314,33.585588307535176,203.37554299161408,0.0
2463,377.3133344897172,-113.4603221845539,-108.78704917831277,-104.6724201091829,-0.22786427856868585,242.5864351918466,31.501211327921588,186.50813983941907,0.0
2464,523.0917284090212,-48.50943139313475,3.9524918185663394,-88.07885694966163,3.518818565455758,248.0408484277299,28.977657253618496,179.10490800145362,0.0
2465,230.86350576685567,168.43251114878305,-544.2909894564968,67.5043268745275,-14.843812098175887,251.0210244239537,44.55508889150835,211.0933124766033,0.0
2466,518.2667825470221,-479.2631554906142,-42.47298829398507,-32.62902730976971,-5.865878811817118,244.30936467766062,30.84192679475224,201.10662653640415,0.0
2467,575.0450115501268,-110.13230170515504,89.5159973206523,12.781912426446462,5.244419070159924,230.71791199853305,31.446108849668708,181.0120805363555,0.0
2468,354.2589962450056,-48.91076460092818,-311.4207045169586,293.54523599698547,-2.6523240617182173,238.75314393608681,39.91580752584276,201.3398092465802,0.0
2469,-114.81090449081628,-374.4268022937676,-187.9535683343131,139.15907999564308,-6.551616939787957,245.27701315489352,36.91101749896305,198.75221903980878,0.0
2470,-207.13258300424263,-86.74502794362053,-456.1545384759417,-152.5066650065034,-1.7105461833428852,239.89674327458553,29.823389200125632,194.37912095438492,0.0
2471,201.24823375238395,-285.1239807428139,-387.3437996848005,390.1836197273611,4.0501012577638935,242.9228456345559,27.826277880542815,183.4126721673113,0.0
2472,486.10832773112327,-198.9561930832624,50.61236473625805,-130.56934060429143,7.080158256362809,235.35569380060457,34.26085086115691,182.34099668302295,0.0
2473,370.40125989596635,-316.92854098317906,-6.620935104060988,-29.827917344285737,-0.9291549820115093,246.82442607557618,27.32737589206817,178.50285932761622,0.0
2474,-281.79852174992254,-23.586705627708902,-33.22797909675177,-276.3231441118434,-2.635059580464657,246.94894409093024,28.19258758247681,187.9755616018556,0.0
2475,66.96942683355147,60.24123461728625,-17.281483964212498,128.23941574268417,2.6611638637549557,232.99136941095074,34.291100375100235,193.01705445562743,0.0
2476,40.830237194921246,-817.7780746566968,-561.2838697817785,364.7096804072298,-0.5211677549057003,251.22847850143683,33.32444026267465,186.16272690233282,0.0
2477,297.36397698790694,-337.38987957488746,285.59191767941223,-143.63955879770836,1.7474643228655489,239.98897217852738,35.92847105757923,195.83189007782252,0.0
2478,346.3564275500501,-111.5783413413,-348.8352891267412,-85.54495125537325,3.701211221931862,240.632236821996,27.74695764469068,186.66072124048281,0.0
2479,449.6776874589607,-344.04720004279005,-242.66669282013976,-114.61196329063792,-10.75266746434015,248.9849586672229,36.81046942505389,208.5747377378493,0.0
2480,169.76550983192158,-10.17871468730882,-357.59313481048963,-55.35515680834089,-0.012312355793476115,241.47059104512329,34.66272896623459,196.10489101194977,0.0
2481,122.377385034999,220.53362108493923,2.2025951055066884,52.621700034920394,-14.936034576497836,247.9500694285291,42.86937406889761,215.47872295550286,0.0
2482,-202.27477113158466,-348.0462071443018,-564.4512283854789,393.6979494200043,-7.662533034535402,240.78653118153156,43.47747926822748,200.23592873404152,0.0
2483,-129.1075468212096,-70.12171705783533,-175.91087484910142,-201.1969597057936,1.7024501426457257,243.9450492320297,29.749651240103102,186.31420462234084,0.0
2484,164.92075006460888,-683.9824388027953,44.146446577303244,-388.8882875287378,-17.51516359661178,251.48128114462702,46.57069121242042,221.56683110126667,0.0
2485,-9.414526852827866,-69.68577503573515,-77.65492665831513,55.06071743430123,1.7844523054167714,242.36377155617302,30.244635329406282,188.27759438888486,0.0
2486,626.0091841739975,-179.90785395402466,41.30697079134693,-105.33988923963587,2.3235114774306744,243.72695807526995,29.19629992272465,185.05734912598183,0.0
2487,-79.83718907252344,-172.98886122473078,73.8903071995042,-256.65086426694666,-10.74519058506729,253.98064196249604,37.94461844222538,203.5372545900772,0.0
2488,-220.95015352747924,-192.67778036894637,-569.375455976931,534.5469291354476,1.8157849342095331,248.16444481065818,30.65267278422444,175.37832986833567,0.0
2489,460.7229935004732,-369.81446642094863,-166.12105347817473,-131.05643013544042,8.386153632907662,241.68462006789693,25.425877829493928,175.1287875570165,0.0
2490,402.66043500740653,-283.993955363466,174.69562921858522,-94.65806047514076,3.1947922955546133,236.53601488893793,33.48834588464358,177.01397486493323,0.0
2491,204.329232924587,-555.0381759620484,22.180864964600723,-306.352058415292,-7.601853287119939,241.13614884415205,35.25343443544478,207.42629464129223,0.0
2492,364.1270774271649,195.20687657787684,-237.9955684676937,313.66360706159,-4.2694521092489275,249.90781826799704,32.491837615889004,192.11149304301,0.0
2493,462.96500635809076,-190.81647962375965,16.690354136314077,-177.63609918449762,3.2998773986529484,242.91381762657045,32.64974424860904,175.09223521691553,0.0
2494,118.91275282674513,-120.41922334535894,-53.49547888835349,-204.45762537269027,-2.7990763065916973,241.80748489225584,31.69826971915236,194.6952108812949,0.0
2495,-1.3734108733726824,-61.18732748464908,-294.33581144153413,232.27852531079202,-5.808980793348837,255.11318508324285,33.9783084443057,189.41739999197372,0.0
2496,-104.96985354859957,-208.72169368170273,-51.23416756907999,-318.8528520665789,2.248376816105698,240.09383084888725,32.166518853306115,196.44027096006752,0.0
2497,587.0264140917508,-158.96561418041588,-275.4547564802981,-5.501783122353654,11.313529593240277,235.7382847338068,27.36666993298642,172.9719169720726,0.0
2498,-118.644869238581,-34.75717649950927,105.3058358790218,-105.92322250185492,-1.3202184508289385,229.21560090882585,35.64371590961563,204.37940644711026,0.0
2499,270.1212811458586,-152.1505822487324,-105.80761916942177,100.60632453075804,-1.9235742015257462,238.46465770325057,35.20528835624018,196.6396231726185,0.0
2500,304.6038546568864,81.31815570225514,-487.67745763358954,-24.98118699070846,-2.110682650494766,248.61006691342115,26.76378292370807,192.0156517560547,0.0
2501,224.44542251876788,-434.52451997088485,240.8715615065852,-296.40305090850063,-0.9596671541174137,250.260436887239,33.80827760504559,181.47674012537055,0.0
2502,135.7544076929801,-115.79400122251069,-501.8363285660038,-50.247839191461495,-29.701095533188166,255.48650580256924,51.851590757554256,242.05787284910946,0.0
2503,178.17051522122276,-156.70456040444583,-40.872295794199395,19.44871763791096,-1.4850607791783372,239.5208899789943,27.270058956897962,189.875735254259,0.0
2504,333.3128450893592,-10.696289723049102,-340.73532850286614,-30.213167266297102,-10.729705234093895,250.5522339016884,37.83344299708513,204.3040248231315,0.0
2505,-99.94938719201852,195.8729696948141,-247.65663645863714,-113.78894467674385,7.126366570311333,240.49690622567405,25.93829274702496,161.67777586048337,0.0
2506,283.735240147544,-325.1104158145504,107.4604171481671,-196.6875134709872,1.2490350111856063,251.74794797312543,31.113621750726296,190.40331258052052,0.0
2507,614.2379840962229,-255.22076890653383,179.23514842422014,-136.15529161564996,5.529599471997348,237.9982870293177,32.86938565347465,186.79352986793,0.0
2508,-440.5298019065578,184.11565075090977,-545.4723638562755,-103.16566796347577,-8.369051555541684,248.354145969374,33.08509688121078,200.66174041475034,0.0
2509,-132.43487233048916,-657.4345450762144,-748.4920211189503,617.3865819058818,9.471922917396096,244.05829654126256,28.911724404172894,163.60754675509173,0.0
2510,418.4223194421888,-375.9417554002432,87.2735841883832,-28.67596391237519,-18.558849401499735,254.53142626431546,37.76898458741442,214.11953645655962,0.0
2511,311.40330943875136,-410.86535586827483,-92.88602355008128,164.69081664841104,-7.775348192188202,256.94659433191964,36.35810075650603,196.95025098856718,0.0
2512,177.30004282308715,3.2891771230373346,-754.6287176577765,671.4403481656736,-1.984090984148318,248.8710051859808,30.33698570405356,190.3557002778865,0.0
2513,208.6666708283304,-326.0725119034548,-207.4609974496687,228.34839160217442,-3.856429982038575,239.56575512918857,29.275120971470624,199.6747038327502,0.0
2514,197.309875585541,-87.54903636410033,-384.7489709759399,346.6345025963992,-6.206516778545518,256.5421317791729,32.520201863199006,195.28478749711047,0.0
2515,38.68835957070276,-369.3113805068474,-594.860165270871,499.2334677842248,-9.452662012890064,253.28561055814265,32.64723088165454,198.84126376816096,0.0
2516,-254.93118554871822,-579.9856650766006,-268.6376192296055,152.9773395277641,-1.9644555559897938,249.8174418330296,35.223956143619276,194.7698356937882,0.0
2517,-70.64638996039014,-139.99852779169174,-75.1834167421941,82.67138761469785,7.528249068807771,238.0113717085047,28.223680962016456,165.21532448468056,0.0
2518,237.40401566166219,-310.2668443673306,-404.09155212971706,348.7088125716034,-13.138375958926588,250.65047572260252,40.15334028987608,211.54959226801927,0.0
2519,-71.67429139491244,115.30147184765545,-333.4234167624301,-104.07113485232675,4.987572509595058,239.79501662608564,30.461789657625467,195.83977655951048,0.0
2520,-123.55615964314563,-190.1229565317535,-609.9925169586984,483.3837330549997,-6.3166080309680295,238.97997235364554,37.17564307039865,195.9692439688853,0.0
2521,-121.93771002014913,-38.3398666497198,-577.9759099227084,576.3743547822312,-5.373788365604434,245.6443132283608,37.78852820982326,203.74590352806578,0.0
2522,465.0451087012508,-83.6800959589721,-47.1650907324761,117.16312104137288,-3.205792424612595,234.64144270108622,33.681178611806494,196.89667555368177,0.0
2523,-296.74618636062723,19.967189812694563,114.98792721274631,-331.103506189831,3.525992722012777,242.7238636995617,27.94049015757899,182.30417230205757,0.0
2524,204.80319606069926,112.34136021201087,62.628513038279635,-126.67998437177476,-2.694009620015542,254.84238597635772,31.197071437207015,191.59565549310992,0.0
2525,493.6114526738518,-255.38949577766127,-156.20531512897423,-98.40873173546034,7.584055484502688,237.19770061994245,24.973511945965086,177.47417350370804,0.0
2526,38.79300286276748,-50.156304577205304,113.43011390552303,5.474521147072675,-13.701746515488932,243.36452477883452,41.43378429904376,215.8409460791502,0.0
2527,24.587649069153116,-176.2763211459897,-362.11806821373455,350.3020473036013,-5.6381877980396204,245.8102540037591,32.08100627922078,192.41117659448514,0.0
2528,15.641201598165289,-34.44085929921392,-142.3853202244931,184.31200783471004,-6.6709918024338934,245.8057008682809,34.86117360168656,196.03206446535322,0.0
2529,144.78796292642215,-133.57821366298367,-223.10376379037368,195.42714392689075,1.710703506286015,235.04677633747036,33.64527970538812,191.19090401016572,0.0
2530,163.61394354134197,-322.87404359961664,-207.61342550232058,-166.71343575491372,6.368493171418807,245.99829123288126,25.43696707114515,174.3634100073583,0.0
2531,222.56541629020586,197.5035009994385,-102.69551811322559,152.01938711859495,-13.028435592551949,242.31446122587806,41.99842582152403,212.62513769805415,0.0
2532,141.88722624106114,-394.4816414853876,-449.22338934111,391.2534884709794,6.087111571255216,245.90932276028371,25.175941269122745,189.05129201714846,0.0
2533,323.2960396641014,-444.00006965473045,312.59293744326294,-264.8386653863076,-14.89849376297499,250.83259942015368,39.33614586166839,209.1776726621138,0.0
2534,-96.80243922178411,-305.66204592347185,-492.0427473906539,-178.35803726277751,-10.418076093819773,247.98403481605288,42.58721918201969,211.77990248061303,0.0
2535,-185.3927493454671,-71.08141748804208,-517.4305464370326,404.23878047311524,-11.785535466048408,245.8478119879867,37.96897080112209,210.8334003154134,0.0
2536,87.4475374063131,202.98670026060927,-199.76253835633196,255.5651944566457,-5.701877337573894,247.7288792520042,27.42754514982397,205.37414411457812,0.0
2537,-95.9472117036202,263.4471321886866,-335.03745362441555,316.2165067863192,-4.074147746481643,249.5463645187878,31.34556890562475,192.38803919551157,0.0
2538,-294.50869502376304,-256.9048383791837,-396.6596793129318,-203.05277502248882,-6.950891441225598,257.21389366084566,31.611909893719726,187.36786234518962,0.0
2539,-41.376342373668784,363.46655842533323,-106.68568296827465,127.030650949192,4.287757147154368,231.39945660098374,37.485503230640205,193.98764589008013,0.0
2540,171.81600936130198,15.188488389858112,-425.32848847189183,426.24407327041166,-3.365034928069289,243.21693439980436,31.71646311499672,184.83158497554155,0.0
2541,233.09075516505757,217.2431016776402,-325.82024890502436,281.42466880674584,12.039278375595499,233.5631581987685,26.536662517361723,167.43159671321018,0.0
2542,-190.1564813747545,-200.03086017585306,212.76355677600543,-353.10981583026324,11.26419298294618,243.5138679477616,18.999886680438692,162.19970685448098,0.0
2543,277.8469116261942,-89.5891594497217,363.635330726559,-294.8024350765567,-6.066490103871323,248.61907403256993,31.775449537143118,193.3210294427776,0.0
2544,-113.51293340757947,114.52639446057633,55.10637766508921,-230.62440279755063,4.855238578257644,230.34714874315998,29.520608716098135,192.53169191203045,0.0
2545,230.8799052790198,-167.19321083173872,-554.0162512822229,-52.571523332390925,-0.49084632459383204,236.27784213495727,35.12292968428666,199.41527592497135,0.0
2546,258.2154096372308,-411.76677175579425,-95.0161887676267,-245.79649053427096,3.061299758385834,252.46311117103917,25.35499103753407,173.61258662813142,0.0
2547,395.5444210634335,43.56706298113875,-233.42162549367126,17.425199633566724,0.5471641609111446,240.20263482705286,31.484717136335085,190.68735408972725,0.0
2548,414.73367590409225,-420.2232629875697,82.25848389693407,-146.7222569701974,-13.793771913142562,261.1716653902968,39.24725904515394,207.3614652819864,0.0
2549,642.6910049120813,-282.2737490289999,114.7579741606016,-93.71910078999673,-2.244609773570189,245.07550982869543,30.625780145359453,192.97833763973523,0.0
2550,745.2696160785766,-588.0619086120795,276.1950002831825,-188.99628908071827,-6.127267923469241,255.30438567886793,35.732881591487796,199.4936070974077,0.0
2551,246.71358630127895,-124.92579482501202,-469.9400730105143,-53.16356586397377,0.5737238339932247,232.74446843504433,36.516854022216336,201.4968945699089,0.0
2552,-108.32742259785917,127.76059668052059,16.485637411181674,184.9808007037029,6.186545956655369,243.89012638934082,30.652610809252604,191.75761340769742,0.0
2553,163.95361540648977,-217.20749068790525,168.52396177806233,-292.64321322085294,-0.7446494471290717,234.5274854177111,32.409429399903416,207.1418370375204,0.0
2554,8.09401046364786,-425.23744656946485,162.17449933308026,-361.4340186438432,5.4507889208488525,234.73597945678367,26.64761061745497,173.7135555999492,0.0
2555,167.8199237670497,-273.7678493782539,-547.9943277953206,-93.2088319191182,-5.773506828592851,248.97595899130633,31.546300786350898,197.39771997022245,0.0
2556,116.21858950406492,-239.82653586033803,-94.11124918060865,-206.98802620245823,14.483145417496537,245.15766054049237,19.917200858483497,170.93150825647422,0.0
2557,432.8707604728873,-497.8601420076476,51.05569287114693,-69.01970541612847,2.4247889457471894,243.377918923442,32.76719924135634,184.74795214378796,0.0
2558,363.3322523778083,-332.02645561743174,-203.35193138077594,-102.13106494419581,9.445091435400974,238.22852091707082,25.679068159721403,173.7430782410313,0.0
2559,-242.94718264974304,-110.95139022143996,270.02023837766774,-368.1003656737442,3.629801644811203,234.46022990221502,33.93561403076766,184.64208119572098,0.0
2560,342.492882705517,404.49189158736,-218.05946102620632,267.0361468221003,-18.70038169017455,252.5754617893973,43.61312439640812,216.88603123667747,0.0
2561,95.11696814247675,-294.35918865704116,-286.55464366981744,-225.1690996018528,16.237499960387535,234.03766385012202,28.73158140507141,164.48588522750018,0.0
2562,526.1590010664048,-78.86581412575025,-153.42235039469153,-17.994267648143737,-1.6171910700559855,243.15628258837248,32.21968670852495,194.3170300968035,0.0
2563,367.45281557465387,-125.82748133416489,-367.7192292611084,369.7139511043664,-9.424605385086725,260.5972246122985,29.964839880880618,206.43142199483253,0.0
2564,161.64950298581863,-227.77660489191746,-256.3754864234462,-146.81625010769375,13.164970410208623,232.92789683761262,26.787650880090563,177.3290138949436,0.0
2565,-1.3750993742306372,-77.23990832639966,-247.3574305051949,-196.63541336035516,3.3117393361389142,241.19531153991724,29.567232749653396,183.76748636638445,0.0
2566,-313.21692086997916,-92.44865969574099,156.97325927725672,-335.74349037521444,-3.517966716634898,240.36339731474274,32.37055722451359,190.89538282133063,0.0
2567,-16.913499176222114,173.96840256774112,45.88368299349139,-186.5854680589257,-10.369926178058712,245.1137383019357,36.00023239324264,206.3674117219158,0.0
2568,-104.03396897091301,-137.7922201967251,-337.24526671757565,366.6476834409431,-6.231388860087223,244.0688741428001,39.9065534175645,207.1923897273383,0.0
2569,406.6378154135909,-374.33841243687704,-219.96952776245652,-145.5315457496658,4.284835164636406,247.85155697695097,28.637535315018596,180.78265024965748,0.0
2570,293.1477617759574,25.63376234147281,85.1645362014299,-153.09448107657414,4.42322336770475,242.18430010104217,24.639823317963682,176.26525648981215,0.0
2571,-101.0542777979674,37.35801004206745,-185.67269743110214,-177.78447866082527,4.896863118184917,237.37549183091696,32.495219120043316,186.26829270893344,0.0
2572,188.6224829960475,243.47506441083203,-339.53413578263616,-0.00518920185126337,1.880929278197347,243.36028616205238,27.717292243543778,185.86434589827383,0.0
2573,430.3079558070159,-24.736612244146315,-137.05894837945698,179.3271647422037,-2.5789496933832217,245.76771541390846,32.142238609946915,203.03161533941952,0.0
2574,267.2353384219179,44.03734346698993,134.46496553275423,-172.1795493145485,-3.0033595899128183,239.52837433222342,28.234996694979028,193.6035427063638,0.0
2575,42.14265346981365,-117.9223662714586,-47.291567017994815,130.47813092731232,-6.0147961238974235,244.9825380146524,33.960214546614914,199.02726551600531,0.0
2576,520.0432330301204,-352.8240358176618,472.77926897131584,-405.4454228884833,8.574458781498311,243.12016857611425,23.73432839635593,181.8950244123918,0.0
2577,57.84644181380989,-46.51559572715822,-386.3802777927758,466.4249528547054,-0.46938247720522774,251.08900801307144,28.85587522140972,192.97539999206154,0.0
2578,303.7570385628454,-391.2972291937512,-228.38360446273165,-209.2031392738727,-1.502020807712905,244.3836880864622,30.150238777319913,184.24804355247872,0.0
2579,-49.846310099011994,-114.48676882547647,-187.1911857226994,190.90214109107495,-2.481376659091538,239.9153541878762,32.790925922071324,188.94649574880242,0.0
2580,220.38519774188092,-187.181389861414,-141.4668882879343,-159.54725367414758,-11.886621123073581,253.97731333174485,36.968737638040345,197.6510565417787,0.0
2581,-10.917471644680731,-326.82226854338296,-331.39786002452763,258.94692419187527,5.28660357981131,245.15610937214066,30.875910956283672,181.6749765573357,0.0
2582,-414.6933169903068,-445.12735161947336,-577.4270715627713,501.92012770252694,-4.634186617485075,247.52328655210243,34.44886141958437,196.08198598916823,0.0
2583,-174.74818593712627,-285.08254279359403,78.29965243775519,41.67610962720683,4.372105967978374,234.90486185607378,31.123536688169715,183.5471577619705,0.0
2584,55.80931841908201,-262.5471841606048,14.078255953706842,-258.38125948842986,-7.981631125492052,243.07949206071285,37.941142904092324,203.42208451810467,0.0
2585,207.00888829644444,-14.88740654478633,105.87752279118084,0.0954986575056882,13.881411603261705,243.34825361748975,21.643724091328494,165.43774374072126,0.0
2586,659.8374284905586,-479.63794998023684,-80.15957732711763,69.02537163497372,-6.864928337299832,249.21124313936986,31.9088292056092,207.53547673654674,0.0
2587,90.12523788566011,-287.0623302145529,-160.56154140949153,-215.0806792810492,-0.040683366168262625,243.6895704507229,31.29832896084824,188.1863184625701,0.0
2588,37.244615892757736,-23.333672218585,66.58272296005325,-8.676447820525436,-5.244671234353716,251.308568140957,30.983640315312268,191.6576930802038,0.0
2589,-88.20172529554577,282.2574618471599,-298.3532542816497,-84.35319565398991,4.343503617888828,245.2535194759411,30.592403463251,192.0624576390402,0.0
2590,172.4093541451937,-522.6931560175071,-160.07551641127662,78.41654005496494,4.23866132004714,247.82975021415436,24.95131855387649,171.4193201115498,0.0
2591,-6.193507248600505,9.755743096348969,-51.0761465519674,112.69867372416833,5.138967500388474,246.98100806375172,27.138001214617958,182.7642099948352,0.0
2592,-19.86474501902422,-543.5905434562413,98.88974389147816,-375.83120779554133,-7.042872430098038,241.86551213037325,41.17573652783078,208.677959809494,0.0
2593,-229.0450086834793,-148.38551202954497,-286.5731127567779,-221.58274516528502,-15.658755001471196,245.65930264137802,40.95507126498327,214.10996271605507,0.0
2594,16.023426304575228,-346.95899626633764,-104.88900455404733,-298.038711600406,-4.164844007696278,245.11638425600646,32.24763328063761,200.2216812641688,0.0
2595,528.6080639679152,-318.207596554003,-54.80887692507446,60.10436583982689,1.859957156495728,243.25415602776346,32.65788259095912,187.8972046821577,0.0
2596,298.28284427537295,114.16384374150716,-269.2969099470591,245.19745741191682,-4.7152861465906035,248.89718799080907,31.058121669976547,192.80752609284457,0.0
2597,576.3566984471183,-625.9118852889521,-197.02076999898597,233.5831453094153,1.4269976121584214,239.19224310438324,32.70706522329995,199.91003511939593,0.0
2598,118.10980157702548,-251.82480043076393,-276.51750626341396,223.05092797338668,-6.225948224315289,242.81897869376667,37.92800500380514,192.79392748920776,0.0
2599,-286.6996046859917,142.0897732289477,-287.8943755264904,-157.47855578517596,0.6465418911068406,247.8612051316653,30.389978605875857,179.03700631454632,0.0
2600,16.62118822548169,-243.67965277972834,-407.7613361852009,385.37588985637444,-1.64359427547869,243.20013783972104,33.64880395717343,185.6093718459177,0.0
2601,629.6271100142768,-457.53808355324185,46.74647719543832,-70.80061490218074,25.90998656374673,239.11920854101885,17.04919455738539,150.0885884820127,0.0
2602,328.3050974997721,-37.875224884551685,-30.858449678575894,79.32898654911031,-3.2562862527895655,243.66118734117924,32.67302961035957,191.65977883814634,0.0
2603,524.0735614369851,-489.10235352247577,-336.1826077541,-88.59197124809312,2.1798790517141495,236.44950815628954,30.71279532841166,186.4462272134862,0.0
2604,-12.542501466848076,-54.35164755538084,105.14456836225725,130.88414067874155,-7.409766523527826,236.73352176751354,40.45222660921121,203.49887018519053,0.0
2605,479.8549313783302,-454.79317347249406,163.17964089795444,-163.44030008146345,6.230206936758084,222.36262812442004,33.73462742146797,190.771540612567,0.0
2606,112.32073757682069,-227.49531787993922,-224.7501113758468,208.52053466227053,2.0160631314616433,248.12883483359505,28.96705219279477,172.68047756448982,0.0
2607,-23.145744728443507,48.25783292739456,-217.0766536246964,283.354937560584,-6.77583256169057,247.05909695375058,34.47914651388208,202.8569386656007,0.0
2608,-102.55172548513616,-3.9408231908331537,-280.03729770088273,292.1541586358889,3.1549153076018115,227.58927800564877,36.89645931535038,189.7113201188487,0.0
2609,-0.20652755530501388,-161.03528898459908,-282.81636991364485,278.79200214069726,7.285601017305558,240.82259045064737,26.986354631736134,172.2261906039024,0.0
2610,-162.03754909107002,40.53641978855378,-235.22371585429127,-187.6081511468641,-5.181699813777545,243.9308996327457,39.077000817591234,194.17645285553883,0.0
2611,607.0482273559447,-223.64346706185043,-35.88893228308845,-76.87420201730215,-7.780221175585193,248.77493101165265,37.2414512071149,202.09357746136868,0.0
2612,101.73837761393378,-275.48044364471906,-298.2355110911742,-206.81295208252385,-17.185544789849803,252.2754168482116,47.375978612154896,210.08759171013628,0.0
2613,-51.71767505057758,74.1911226373659,-552.3202396218619,-131.27443721195073,1.3637348931948563,243.4692266442541,28.524575060539103,187.64993770001922,0.0
2614,369.9873739266231,-22.43870386944429,-225.38860683815662,-68.83378753054237,0.5645290634190512,248.5339810816449,30.361319414932456,188.05011417864696,0.0
2615,381.28207325699697,44.3143607826904,-165.79641643992494,-46.25958225537992,-1.816458930106816,246.17784698545717,31.13411517877045,190.69156431287175,0.0
2616,28.403589757800283,-304.5987247490027,-75.41889396452743,31.992711002854325,9.480331492666144,240.74920018724683,33.804466615494,178.65161946098277,0.0
2617,310.2163556189784,-504.69984966311614,-126.25424278171357,-170.45604966005476,-3.8639135827950417,251.30742051721094,30.699592007485123,188.5711321456048,0.0
2618,246.2748672973703,340.7246433840796,-103.26227651730437,204.3101789341458,1.2445677310835217,237.35403089319533,32.98071239928075,195.1253692570714,0.0
2619,263.95203874466074,-347.51166535879355,-200.78803315829722,163.85425394043932,1.3166451210018733,248.99392751822646,31.03660181632097,182.16503746288714,0.0
2620,49.724174058902705,-213.21143536616134,-321.3857563521354,-160.13387415130742,-6.843397250451818,231.22691520840348,42.86960922826341,208.84949477049042,0.0
2621,354.03658132598525,74.96385240458227,-313.73197450002095,-8.923752214787207,-1.531975353866374,241.09612883106908,27.391957929248626,201.9696041280619,0.0
2622,-339.740201977452,238.9053705317674,-33.972408878722085,-207.32760274294978,1.8640495867070026,239.96979054663223,32.72067991733733,190.11531155753994,0.0
2623,614.7905685298335,-148.25720024518884,-57.28099510113513,-19.73481002290285,-8.307947045554833,248.91108417464756,37.22877508135066,196.47858012940904,0.0
2624,106.19954312383308,-30.19702485067002,-297.1695982234842,314.327966315715,-11.315415879649313,245.2548693339971,33.75041402969064,208.9309932001048,0.0
2625,-211.77243857296335,-398.4556278513146,48.85240556845743,-316.03863902428515,6.186047515061057,239.4759329160442,29.917109886797054,187.17391116423227,0.0
2626,168.11981483537446,-211.34912950615944,-132.15139041151144,-199.03017269410705,0.9696310125532546,243.39211537465,31.67391720104348,196.69067899989415,0.0
2627,51.28510083834343,-154.0959792441267,-342.44209832251113,306.2741871360728,-11.833388983725731,259.8569777210227,39.65097773546844,202.90187060486625,0.0
2628,-236.63814296860792,-531.7513334781413,-76.42643448643682,45.127293922250274,-2.6143836684404445,242.00701607894322,36.68066388813935,195.94414834371673,0.0
2629,57.870940568747066,-231.17334942805329,-252.80506809739367,-167.44544805631782,16.236340688524596,224.37211437154454,23.84488478685014,178.45088659276485,0.0
2630,143.1073238653424,-262.9415563367736,129.30363460229916,-240.1059745670435,9.858793155468492,233.49109521776967,32.51263927591232,173.78390440003383,0.0
2631,382.309522194662,-541.023396495227,115.84164723110746,-183.6865304798461,5.485045948838856,238.75820849725346,29.31258122766377,171.87358472877233,0.0
2632,-152.34027092075758,-324.17913368599943,-161.85621651828038,-222.2387652369436,-0.4138841096352336,249.852104411848,27.762093292679374,189.86499447838298,0.0
2633,248.0954304350445,-457.2504068386878,-51.90431518447396,93.38206245806523,-17.631162452027482,252.74260030106902,44.1718024282963,223.12941725963327,0.0
2634,85.12823249321167,-452.0832242622321,-55.02697489692929,-242.84408686991554,6.008373421805581,234.20207363754037,32.04310360718871,184.57905413021118,0.0
2635,-378.8072717042255,0.8501924332631194,-527.5883509355065,439.46968907990805,-8.517137957532732,245.53725009161244,35.75170130493109,210.0081046999609,0.0
2636,-36.25352376317965,-174.5228880874004,-390.0284863884389,358.59931793040477,-2.832234450404,239.9524511204276,29.742420737373582,189.93761867601484,0.0
2637,226.18109519792065,186.74235999376128,-334.99307411458545,315.8248479606174,16.382872580961273,235.72407883952306,19.261192968386844,159.64492086956457,0.0
2638,468.0402157238381,-311.02258967429515,-423.28572244087104,-32.37587290689861,9.825698659886632,241.93233707595718,30.19058349577961,170.23361379563147,0.0
2639,117.10751833928002,-426.0586478661793,-216.32632596782187,284.13139058786754,4.192608536670621,238.19179647567,25.46935078847247,188.63636302449441,0.0
2640,128.75221947340236,117.01516555260132,-210.12147507365708,-54.101238269145234,-13.424304669072733,251.1977517049136,34.625615775461,202.24039168187096,0.0
2641,-52.145482796781415,-119.26215196302476,-342.1287953035761,-150.13227577507303,-0.2456156985753455,251.41622429870276,26.153106831307838,186.88482382745272,0.0
2642,598.9701933433023,-137.26878064174065,-214.96611791541125,251.87690890776162,-11.7864794788029,257.55754084117603,37.59483971577771,207.45360228486362,0.0
2643,76.28797495088506,-265.8062649748446,135.7079296229387,-280.66282769184915,1.3207919668758707,230.27204790330455,35.83557660356539,207.92110878375388,0.0
2644,337.48712454202195,-88.46885474157807,437.1663714474906,-324.9240455105947,-5.2309832012448405,244.10599361275564,32.91631891736114,189.64466691092392,0.0
2645,-15.096380415114986,-176.60611510853667,15.678968327815124,-76.1823431603864,4.539852978393367,237.96888894784536,32.71151200263593,178.11980780559972,0.0
2646,-198.99660356241804,-573.2564608853273,-423.07827112395466,388.06428600444866,1.1078700669687849,250.7841524754248,28.594347490417675,182.1038396806606,0.0
2647,233.4637075322574,-95.14999391796123,-421.4756177178062,432.7574497139004,5.353980744878781,243.7816761121811,27.451063152316763,175.26416724360314,0.0
2648,320.7797685651623,-119.85073056528176,-219.01071280161082,222.42104500894234,13.014242639333984,234.91413656227112,23.6158613301235,167.1193754474347,0.0
2649,484.08655508698996,-251.06337678614193,-594.9405533364563,552.8215968488429,-12.822832973543074,256.089374631309,31.001567682141175,205.07356387090272,0.0
2650,39.62614548374634,-434.12267205571845,-359.6231316126356,227.68866244953446,-2.460080152610394,248.6024107779001,22.94561935228588,183.82941075496228,0.0
2651,179.7744503037646,-351.5598147975347,-227.77746621135094,-181.92978523752384,-23.51185595324166,246.17077701925265,47.46190213833604,224.818623758549,0.0
2652,556.9399771621736,-313.2808948300401,-382.45883668220387,4.348997839103985,1.4729130375419803,247.843162056023,30.887093882134263,179.5654652813363,0.0
2653,146.32473314043796,-234.52562144898366,-14.40690198415744,-244.89766110802825,18.191482607106487,241.74669747775258,24.670686814810487,157.78918898682832,0.0
2654,356.53992397376817,-224.54210272365938,-62.93536742133473,-147.15419722003767,4.809042928485224,242.3634062847694,26.258976225056013,188.31960140918162,0.0
2655,392.8470186991341,-50.85959318707607,-98.63462711810033,237.9287209314977,-8.365192817421235,250.63188933595893,31.54725193031737,193.5413289986735,0.0
2656,112.2045664071023,102.47216081452626,-472.23281703941115,-66.99370032039388,3.0666529904347337,246.15239682792713,29.257779552289005,181.93662949091228,0.0
2657,240.05939931913858,-377.7809198529868,-232.30629839158246,-175.1686138001728,-6.526700493553207,241.10503414994844,38.70659882406106,210.9747560935098,0.0
2658,-258.5888376652636,-89.67464374404938,-151.32514448031006,184.90287680787304,8.54225061332811,239.523320634286,23.53662314977077,173.0764003168272,0.0
2659,-130.0459577641861,69.8770816366335,-179.07169386653834,-219.60974201425637,4.82381090558314,241.5465590244762,27.802849202993613,191.44971735328596,0.0
2660,24.18884383994664,-415.0184690740791,-371.7039414716471,-199.55713908967203,1.4943409810070087,244.87569417932156,33.214514532702005,184.19501783996876,0.0
2661,157.97707502591905,20.74126604214781,16.49394305696783,-164.0331590689491,-1.8394609025644413,241.0472210336247,33.09509468115321,192.9510906487247,0.0
2662,348.71100192440656,66.51110008361934,-327.8672188637265,-29.06367424623779,12.167875410272611,234.7995057993318,28.03650104558233,181.3523738655532,0.0
2663,409.1737796180057,-490.0455227891893,14.859274740733785,-165.61712928356417,-8.867028974935302,243.42680503823397,38.64406594838081,218.30446293607648,0.0
2664,-36.71664272677613,-192.28316396435252,-575.333780574031,448.3474067495605,-12.09537269595487,239.32362824805173,44.247691199519444,229.2219196260615,0.0
2665,134.72649991648535,-202.88207537645718,-295.636841145179,-151.42219247553314,-8.467667977071743,249.6875751814871,36.64718315969715,201.2073745958294,0.0
2666,-212.9659454225262,-168.00130795731286,-414.5582498731245,362.8655874959428,-3.5787529807426193,240.05039704794387,33.514282920275285,195.5370107342219,0.0
2667,177.43654625257386,-324.2965441639694,-168.68006365926178,-212.39734108798746,-4.571817420800855,251.46286004303013,34.31331324613401,189.08137489819873,0.0
2668,122.06898976550306,144.6287313686549,-184.66300534491785,-77.1301422372273,8.132242611089202,236.7742534148468,25.56610708593209,175.0576252386442,0.0
2669,125.70232535062948,-380.62406714525065,-84.93986076406877,112.70967732580452,1.0690702162724692,248.12525463362218,28.73939729902326,186.16608832420485,0.0
2670,42.87004307207758,107.68530845773579,-285.5479643031689,-135.4119476393879,23.482545320016325,237.63147887940647,19.262859905322074,165.62210570402758,0.0
2671,506.7438095012716,-13.872418928416108,260.71577648480127,-155.55333478379575,0.7904204286040775,242.59558742902996,37.20626930597574,193.62237674444646,0.0
2672,356.73878554557564,-313.4053518307936,-49.81758477198808,146.48512263479833,-1.9437431432015755,240.3737893479881,33.09316060177555,190.5620565949533,0.0
2673,-8.010784429798502,-380.5683611462386,204.50260144490366,-307.23146532055426,-1.4065935632052957,249.1061756085961,24.682029315899904,182.39874906022317,0.0
2674,242.69956173303032,-203.5652918717622,-516.6906106288197,442.9165864219515,0.8746967036884832,235.61137537192263,35.61543761093332,188.57658786159777,0.0
2675,54.820320018746415,-198.50374724337107,-167.73413618523867,-179.6882147135766,-10.544637001539721,250.01170057015653,37.48296152403984,196.6161162309287,0.0
2676,105.0742748844182,115.330264987213,64.71852362209991,-151.73717794673038,-2.2880144985092663,253.1982184006199,28.29913804626948,184.88427185200956,0.0
2677,527.7257349414775,-331.1403719506507,-169.02825485824889,226.2804746069052,7.376922334993061,234.5807898838042,29.653152087650746,172.63836906196372,0.0
2678,-432.3960250744925,-105.2835947436594,-249.21662355544348,192.98099244516348,-0.16224453194091448,244.45902657113132,29.829890273569106,181.22847333466686,0.0
2679,425.3148539413707,-193.91585704941366,-81.62403303283543,57.695054225923,0.6314642140664561,251.84592962868444,27.921246125643627,187.91208849649587,0.0
2680,539.399637517117,-347.8999189544125,9.335025993536373,-115.73025565621518,-6.49518425338882,248.28668948320944,31.816753494756544,198.76283623001748,0.0
2681,51.02966948379375,187.2480189937993,284.34681184158507,-184.92303537182698,2.0148574947375524,244.6769016674906,30.786606584838776,182.38533280226775,0.0
2682,36.8792587270679,249.06617491706143,-535.7702436870394,-1.599775657606406,5.139711169048961,236.6643551075398,34.15767333094031,181.3771203477839,0.0
2683,-83.37258117243351,25.631880147333064,-366.1975084810112,-181.0524837912397,14.02429011067126,238.3797037077018,26.563933325462006,165.1127533025566,0.0
2684,94.86482379720519,-119.61673610846226,-254.5133874873387,221.44331219128114,-1.3790333934890022,238.11928201893326,35.3379164789912,195.61851497497605,0.0
2685,108.71699992495134,161.6729878588524,-481.174496864163,8.757912925147583,-4.324182973272322,241.31941608797388,33.13258668711246,194.98465348461477,0.0
2686,124.2854227752334,-484.1664813050789,-414.4096582571798,312.9584039498406,-8.984099039301057,249.9640781661328,40.13708614861919,202.0754714148819,0.0
2687,91.96049619455655,-392.15818866708815,-107.6263609553983,8.49355247601682,9.587324525938893,231.05641021483456,27.60813246720403,174.0768321816579,0.0
2688,93.07803535328779,249.18100629582534,-81.06655982146017,126.28811966650171,-0.6409045519474215,237.7454038320854,31.537576117778144,186.76996979484423,0.0
2689,325.76150142663556,-349.6465459089719,-430.04958746329845,-95.6616663836518,-2.5076095164585226,244.42194519145767,28.406559244671193,192.9441571161466,0.0
2690,599.5582512494678,-415.2007127168492,180.38362301119452,-139.03051720357266,-1.201621965131077,245.03132685423702,28.614843578424434,184.2168751831197,0.0
2691,109.78843668316071,17.011117691409705,-220.20564856611284,-42.34655965585612,7.6457064984552705,237.93209194354029,28.186055555851492,184.60184378475847,0.0
2692,-224.5719033106835,44.509220073063105,-677.5082539396072,604.8429352235985,-4.094936335048949,256.6173857080196,29.21759805690949,192.45253683946405,0.0
2693,90.9042286342434,-179.13960617885363,-483.76227138896814,414.74332862459295,-6.158898186813428,241.57515072614316,36.54781368204957,202.04359573346503,0.0
2694,22.973416745057975,20.041390398390856,-688.5075100684306,-99.7594280998915,-8.036355832710509,240.66420018493963,36.90609936247012,211.25707723623697,0.0
2695,131.1831322256203,-16.925522329926103,48.61542151800049,32.636164817572876,4.222400861827152,240.68841176653774,32.182209510480654,183.2417221704634,0.0
2696,661.6215003790204,-188.4985439482275,44.91815979523381,19.975136339975364,6.256380778214733,233.423888963727,27.736683610655884,188.4104948899796,0.0
2697,-351.182816989475,-218.69433027255099,-369.87965886096293,250.77562362958702,11.996493111882168,239.07038856881871,24.688555870024405,173.16331429286973,0.0
2698,278.7921568067413,-503.7682263419006,-64.87528689336871,-220.04618022793872,12.062056148267647,238.00870365642615,25.408098322606754,163.11536744157272,0.0
2699,-153.65304573615876,-102.22250805502003,-131.3255846712682,-231.55925509022632,5.074715689445897,240.0955532536504,27.719797143630277,183.98086714024913,0.0
2700,244.75121340517725,-783.7436320584343,-92.72940304257845,-12.197129273963903,-0.608028256578625,242.4767870787329,36.74086918305844,184.09225257107968,0.0
2701,346.1363033686106,160.41027635530796,-280.3149172440829,318.99014034329986,-14.177488198001564,246.13089292526666,37.89413694390185,205.3961959209012,0.0
2702,91.28384091109551,17.05250519751886,-185.09542538909557,200.04500452045693,-11.147326388385235,244.91879479326929,41.05724664004709,199.0067264948381,0.0
2703,-123.44622645711883,-79.30035822133257,-87.5461563005594,-226.1172910526921,6.63311753342145,247.47341043610425,25.281300273565833,181.71852257559667,0.0
2704,418.0292012230282,-529.1628139571679,-324.3801413946617,-106.39366654781726,-14.356015913302656,252.27155531119854,40.24441516855643,206.68758303187272,0.0
2705,365.8857840688604,-594.6443433067468,-87.46205058174404,-231.6909857225411,-9.083655980313802,252.2158158456186,33.32890828539925,204.4308857628814,0.0
2706,202.2178160818507,419.71697394485244,-180.36403112367304,222.88540134470364,11.627879674616606,240.0270834269185,22.656170325284627,171.07898656674587,0.0
2707,315.18624375177916,-67.96848602966874,-250.33115805736531,190.04582519930088,-0.23081041082037523,243.18353482051933,35.49342409401254,194.20319203967063,0.0
2708,-86.94350608272812,-507.4263581353451,-213.62450342058787,-323.06185591527566,0.4433590079156504,237.36122590842314,28.87906378603806,189.82787561469422,0.0
2709,-134.43722788164214,226.27725615750026,16.55716768005524,109.92383666025604,10.89010503775559,239.68616143936765,28.116583041125978,180.08070679561857,0.0
2710,212.12631546286067,-188.06642114071033,5.288220257785725,-190.49600580763862,5.316816544514683,245.26524207484508,24.072415672804752,184.56727840178382,0.0
2711,208.01602651831703,-231.16778588070278,-204.39923214075145,211.29004346571588,-7.227355893599272,246.5203543846583,31.083105247929186,199.12327310442896,0.0
2712,160.2043132202303,-154.8834657441613,-327.7267289432634,-167.13432772264503,0.184805904301097,241.43759706541573,28.584472990155113,190.6948854917843,0.0
2713,179.16343743131378,-150.5822504422332,-143.04076789904911,-158.7178757793038,-6.127676274236909,249.39369905102603,31.042836900071183,194.4963921873025,0.0
2714,646.6930505492483,-274.2884931275519,-298.6548611020853,25.538872685857548,6.65006140679508,243.6530165005161,28.482307734537436,179.96659932328308,0.0
2715,2.7753627549875315,-365.43624276154145,107.95431929357507,-156.64176905264307,9.904835320472063,236.12187807570186,30.096566278111574,190.26832672669704,0.0
2716,335.74243967673914,45.5772989149751,-301.2785583184094,-28.44540874377275,-1.648457557612446,235.60363153043534,33.86949257198947,194.03991483266933,0.0
2717,-14.140690421059476,-243.56415135543074,-362.9802520654285,-215.87735392086157,10.54740607836837,237.21228072011598,29.401888917051757,176.0277288693052,0.0
2718,39.28587732978863,-310.13595116718307,-371.40212556756353,318.2520801768015,-13.871784297419467,245.79541393525042,38.67833030777212,213.87384686800854,0.0
2719,11.332677250205103,-156.643844957149,-332.2759389791656,327.11895362608925,-2.100350602238847,242.72944871477546,34.08019150600809,189.23228853290982,0.0
2720,234.49742527296155,-546.793504022357,-439.0634290650648,383.9124470579377,6.41953972596141,244.8835696597356,24.664558922867506,173.63855898967847,0.0
2721,150.5452177153074,-469.2056738636566,-122.87860157547419,-221.13489318282328,6.710707754421634,231.18810904925385,33.684881045665975,185.29006431757534,0.0
2722,-236.32350357464796,-336.49326670960266,-226.31875151834748,-295.88056525052303,1.138991183209444,229.43141821805827,33.67229469384385,197.1586439019189,0.0
2723,-73.46508012361114,-462.27685237525657,-331.71347312074613,-288.91320545814796,9.877953253574812,231.45681504896547,24.33670992536596,179.42522025331874,0.0
2724,138.22835890156634,-187.6743292791337,-332.71429728250223,-132.43578016870725,5.517280097851872,249.15883781413837,31.004032800221328,176.80334298119786,0.0
2725,175.1754981501628,-301.7678724956096,88.86231506310742,-269.94707168008506,12.516617545291817,241.96589663819816,23.14782234133154,160.5831089037364,0.0
2726,231.80725609103607,-62.038921768992296,-224.87778584389102,237.42154342919642,2.182503967393789,247.9053686410821,24.687274429894497,183.58893076239295,0.0
2727,169.76890605627713,-350.7558444644686,-297.3697492368506,209.45287990299647,9.729489656721936,238.06325781638668,25.159828704857023,178.3847880345328,0.0
2728,340.32496282602335,52.70587435618239,-118.91050173265553,84.15746058002706,1.6481518888396676,244.63854363316747,29.962246361741013,189.67594895239108,0.0
2729,229.33560505933883,-335.115797887316,-358.65241620620793,364.48601004362655,5.291677166491132,240.2314350828636,27.603532169404442,177.63813285677003,0.0
2730,344.9006710833496,-89.49214450975676,-583.1224934415695,50.151496516665304,14.47416953465861,249.17443548914233,18.234056743195854,149.99465606094265,0.0
2731,237.83987751497895,-589.525348416569,-449.73176935581216,235.95923015411148,10.938091078369867,230.30877581554918,31.752791039526485,176.99956254410495,0.0
2732,264.3359951238865,-104.43871801654035,-203.90079739471392,213.05538381695604,8.914191123731866,228.39431005714434,35.31015231106919,182.03620331088388,0.0
2733,-489.45833928181946,158.69628759814555,-187.4086005138479,-297.06077845839417,1.5865212401857485,247.78216267162796,28.117878130346366,184.52988801670142,0.0
2734,-98.22522357365742,-360.8147607483578,-834.9746876922472,700.7979190161798,10.233749680602276,243.14421049270132,21.606621740263854,171.9185375771095,0.0
2735,341.0864847979962,-219.80946837108436,-20.954307065797817,18.67977481095369,0.6795872269460863,246.47749963549586,26.476993045844956,190.5943746977124,0.0
2736,-90.95622313172291,-357.2425063731928,-239.73994137234058,151.92627913185663,-5.6571530614269205,239.09519032904458,39.04510980496127,204.4378683769086,0.0
2737,250.27534907056,-365.64703554670297,-207.98636307045624,-173.9596320197038,-3.4129901478719824,251.0164266937688,26.56269270601448,188.88173399395632,0.0
2738,143.60493577366873,-70.03586859707325,-657.2490872756525,-40.90708459262464,-20.763908804260623,244.6672943904055,47.41883605125401,220.70815040350055,0.0
2739,-186.05408177707847,278.58156270243444,-148.2358554532642,-161.55235900461489,-19.0749094928425,256.9548574013083,41.12246622957225,213.72286121598256,0.0
2740,327.1862919132824,-233.2565914396461,-311.9382173317838,206.37357651888072,-15.306417060486272,254.21024188533008,47.18395745411728,204.2744393655994,0.0
2741,-76.16118992531065,-164.3510509044451,6.037670013592389,-239.49751087707912,-6.095922236984482,247.3820549152263,36.1459473701417,191.87782801849286,0.0
2742,217.0090067014331,-56.28894471453132,-48.04430477307944,-173.01417088149853,-11.415331093180683,247.64811991347568,38.856878579279744,215.85821699684448,0.0
2743,-551.2125818859826,-420.1207395668087,-524.5962534720519,-382.9642787816432,-8.254865402295822,256.1532365844211,26.081503836663558,202.75847749108468,0.0
2744,174.57522632863146,-218.05211006508057,-256.23532862298833,181.61882124357572,-9.145346289626413,244.26990373495053,35.18959493934663,199.31626353863274,0.0
2745,223.54517627945833,-422.15593388160386,-276.3391545109802,-221.60630019777497,-5.594832011856065,244.50305840688077,40.76962527681074,200.97946781663933,0.0
2746,-252.78787923040178,78.14039941155188,-356.55317982000537,403.09536586316074,8.887343643910592,235.20522524735088,31.134214549549757,182.47697625075523,0.0
2747,200.28022857634392,151.23231403494026,-110.06565182088568,167.81278187842034,-9.5299508763147,247.04411562450724,35.907215064965385,203.0478297223266,0.0
2748,178.44533561406453,-351.3438454260414,-271.0912806527662,175.03273107054997,13.610690711609905,241.45194109904227,26.1581508570795,167.22800989497978,0.0
2749,126.1801481930525,209.25749407567486,-312.2353739416485,347.88704679437564,4.052180767538983,246.03076241680725,31.92896175636656,188.78234469735813,0.0
2750,61.41485421289254,-529.8456298889687,-178.1139890610407,-272.6621294964891,-17.083656330837755,247.25904157565319,41.20069863852483,216.67513335414515,0.0
2751,342.37992483396636,16.66199869616389,177.65016356744266,-87.82226560600014,3.263559005404713,252.48742200187692,32.742863675634375,190.4242215871411,0.0
2752,-38.41731094209706,-45.34190840693881,-176.73033413515046,-169.6092058444382,5.562624624928856,250.15390949689404,24.315588988238336,170.88452048009833,0.0
2753,260.61460877207196,-22.832596849153152,-122.70942291181564,-102.98104988918928,-7.878117368962096,246.1710437163255,38.21250988273061,198.7882373666027,0.0
2754,-22.37447706185407,-58.22921953751581,-436.0268717143179,484.7719250069195,-17.96574014826391,252.79719984958206,41.405846416071356,215.65756157429823,0.0
2755,396.3728354148245,-255.50710513434058,206.5764675977546,-161.92245936358552,-9.211012752296215,244.7088878088063,40.54039644672644,202.2196827935566,0.0
2756,407.8486043606209,-453.21158084668934,-296.3721638184928,255.6976584101775,-2.93936310023368,243.25395452419,32.635753422179626,195.75646535721248,0.0
2757,-47.973884175292625,-37.50970891194072,-435.85943693586626,-100.0101970372992,6.066758674477469,246.62778353304287,24.238690887591932,175.6907715660143,0.0
2758,551.7456380921867,-25.148127438835232,-153.03036114682132,206.50271190767359,-10.86859076536598,243.98435344489428,40.525744536793624,206.800326684578,0.0
2759,74.50757496182399,-613.3904085157519,-290.77545665003515,275.59339522722206,-2.3878997947175518,248.81944386710808,30.234353569447443,189.17182869412403,0.0
2760,578.9321960549504,-394.78945648306455,187.56694872416818,-162.41302953731832,19.789110928414967,232.310029794515,26.1824909573376,163.27907880952432,0.0
2761,205.18784696549483,-630.7125928689518,-174.45789159844284,174.82814788544263,7.956755818833676,249.2107896652282,22.24077681464754,179.0187789298772,0.0
2762,254.7460692776855,-129.20735596926272,-459.3544802633463,-86.0361087702748,-10.297221794450802,251.98489953122393,36.50323762737176,205.56695868093766,0.0
2763,593.6704905677035,-232.03073800377769,527.4054232354407,-390.3171115615972,2.1592780797915574,234.3684936408922,36.07809569703512,193.70646402186517,0.0
2764,-13.068810701669896,-195.17171433675847,-333.03865821223167,311.7453275272681,-7.243873585046207,243.55163466683385,41.42734797201648,203.67691630148812,0.0
2765,327.3558281618904,265.40063257494154,287.6555157532442,-141.15937875162751,-9.167803323007137,254.03241861836509,38.680261535308,203.48423021092955,0.0
2766,394.08388425619995,-395.96704325160067,-33.915883767130794,-176.94311661442325,-13.951021859525,259.1645313453257,39.69759941967413,216.96832511659898,0.0
2767,152.50141738600033,-144.09984488466898,-301.34962574644027,-118.19042039077972,10.024573009213672,237.49988443923453,25.5950879947034,177.43990386440524,0.0
2768,-110.53324986766006,-38.022688035331,22.128816310690013,-209.97389415562685,13.159067685507319,243.8124973742205,19.35795829495239,166.17230524078144,0.0
2769,292.64494434067063,-315.4048064787295,6.156632898838921,9.10582433324989,0.8968943388963051,245.39683121605157,26.781525271480646,187.33779844294526,0.0
2770,625.2378844381077,-102.39588467353417,47.71957010928239,-64.75824235948933,2.5891872041993578,238.95952023446276,36.56957204823748,200.02816032632742,0.0
2771,587.8797588885993,92.86451998352247,-87.25185668453011,37.6252136569597,-4.034134988212607,242.91470363178206,38.42096620325688,197.52286866749705,0.0
2772,106.99723706851417,-265.96570866108857,-285.2350119234537,-195.3309415655132,9.380582831708868,238.7130093075507,30.15213222649126,183.20824274218802,0.0
2773,262.9015778713269,-373.5361061648101,130.04331935155454,-46.29894403900563,-6.01260230004762,254.44616935547094,27.092080493308583,192.98184942865507,0.0
2774,22.538171659091443,-95.74119788888515,-181.27971736710987,-150.53031481460334,12.243482364337567,238.08475742698417,23.79829776676548,176.86290738133414,0.0
2775,-96.66992700609481,-154.01799525305614,141.8106547008348,-284.62459880530776,9.838789724388706,240.51887597758952,27.64790258487596,170.8385679472566,0.0
2776,-72.58263476579802,-20.296811236414403,-560.3007235064688,433.47429615828645,6.943506735721959,248.3765409470535,21.81450679821473,173.7125561387516,0.0
2777,123.93235591783017,-382.1809619828566,123.55273641341715,-315.8338995288457,-0.7292831219258737,252.2450045971375,26.041885350989375,179.72949647598236,0.0
2778,-397.1278651881924,-212.21854956251468,-592.2990065592741,545.6408849227678,-0.7116988993326868,243.94386166669193,39.27787202820132,193.90510729358377,0.0
2779,278.6890068587769,147.40779220915283,26.251823462892567,-29.534711344063645,-1.5240650254825858,244.35429338936888,35.25360944678457,183.6310261093153,0.0
2780,-142.49213307507148,-118.98365271328805,-226.48906928230036,-263.14986795744613,8.86690557543932,238.53776714125746,22.544404234207185,178.75522492168608,0.0
2781,-309.7467713399721,-110.4846542157406,-219.46528766804357,138.17933274571575,-1.598400037887284,245.671426207041,37.92553356724617,185.6875681008058,0.0
2782,193.72940442858265,-118.71415969249722,-88.84020811310589,-180.40612342558865,15.816022562340859,245.16969530799042,21.342285235737442,173.64119302380894,0.0
2783,263.42103737222305,111.94840769318799,-446.45587829419054,11.315521890844483,8.426076922734069,243.18922640906874,26.45193783031332,178.43591856643351,0.0
2784,-55.23765480248222,-651.6093940074015,-168.61222100294233,124.93717330096385,-4.614688527999451,249.32942920502663,31.41841125834094,197.10767810713065,0.0
2785,-53.82149116523789,-32.46201171417611,16.875181292226273,-244.79217572447146,-4.292588353689476,244.58641896984898,38.102723382905545,191.44941303289647,0.0
2786,232.33496540571412,-420.43690886419273,-293.31563047990306,222.59793005940756,0.6397326501911709,242.68008131374532,27.629982437440415,187.66766376409012,0.0
2787,33.87698949911267,5.392423934107637,-164.92777867080676,194.08648600573125,-6.738459022620829,242.83590898681638,39.07601858524588,201.2290712998222,0.0
2788,-612.1102618197517,-15.00520680544395,-471.4458264852619,-307.04426810841744,-1.4605859808388373,251.77355014190675,30.555040700406966,183.71478254729595,0.0
2789,238.87550056898453,257.1378989109719,-375.23946178451763,348.38426049880917,10.647477249610768,238.72635228435797,21.7571907404827,177.7333109698667,0.0
2790,-385.56072595194524,-34.94472839853751,-174.34246183015517,-316.6870591233028,5.938899693586762,240.4677225200511,31.240651936473956,183.2541694680585,0.0
2791,432.605277573147,-332.66448992453803,29.24394606640657,-129.291664813499,-2.1618909749129287,246.07147868729712,33.721295958910126,203.75090966810097,0.0
2792,33.43961855273281,11.94474539082857,-55.79739506980592,47.824797872065595,-4.044614938894414,249.4751179757711,29.23556446288244,193.35203103974138,0.0
2793,505.48168676463024,85.43183938246499,-25.156530970151316,-12.8065147096893,-18.424121104468302,245.74645882392863,44.18784342529859,218.35860417264053,0.0
2794,868.5425712548753,-189.3229673946937,38.46498033852872,-7.60774551792347,-9.579533277231617,245.1298725904094,37.93424423655478,204.91125679886255,0.0
2795,-31.9134764815445,-154.3988222458992,-73.44069969626878,129.99089568265245,6.188295911715993,233.3616426812315,26.741232962916857,177.88592417407668,0.0
2796,-185.309348287828,66.2797214312068,-57.75560727065376,130.84026805132157,-10.29387964059691,242.474488508028,44.738740104752054,209.47795486715225,0.0
2797,214.17024425628438,-162.05214075005205,-73.14151920614627,-100.15301715380984,3.9233539573617806,244.82424575843652,27.227568378525554,182.6611812534913,0.0
2798,514.8687913849484,-20.543162642710854,239.08782594973044,-211.85450765626138,6.650341666240405,240.76533206874686,28.58147394536996,174.58764975630513,0.0
2799,239.7419036117572,42.1082171101244,-7.1200599804169595,59.34074703166716,14.228898323532519,227.46966433734363,30.09171396290467,178.5748217119413,0.0
2800,-65.56850364968713,-183.57698264468266,175.39733319799623,243.71829463377085,3.734414360432697,243.92800268155662,24.87999470612244,172.96702392174151,0.0
2801,257.07531013282744,-81.85693065097806,113.33141989654703,-194.78071792021453,-2.706913371107498,243.0468950326356,30.2382496616427,186.88568789445335,0.0
2802,444.9450082540412,232.7756924690369,17.517892297790837,-3.6595183446209933,-12.409932929096547,250.47872156604672,39.221784519258556,211.2985883633829,0.0
2803,252.68995450119115,-266.9636070353878,-433.34861691614555,-147.21323049563188,-12.471383545727184,245.81151065344417,39.91483451089877,209.61551564030214,0.0
2804,669.8675539108744,-354.7634023978439,-335.6130780991471,-47.377725558882574,-10.320006781460988,242.41203997875192,40.72273028206375,208.7300005402641,0.0
2805,142.72942637309743,111.80128488390028,-298.25790177676464,-97.44875957971375,-5.881777921882146,239.4172263342074,38.028173021754476,196.1492389947743,0.0
2806,421.05468482249717,-84.38556544497683,-246.82598541675526,-71.22073433764123,-0.6889007182575742,242.41903413833754,33.569998400662094,191.28791129611648,0.0
2807,506.2397886472613,-578.0315997272266,102.73992633580433,-118.17069032869658,-24.846689828208262,251.8539336374795,44.19497440408573,223.8960773316258,0.0
2808,217.58988042086546,-36.81928959463245,-428.8079457710985,-79.88321809550415,15.090880612705693,240.5507455127599,21.26457815184603,167.0122716273188,0.0
2809,293.18379722240917,-93.57013670376713,404.3051046814753,-314.6520573661916,3.7378064295279616,244.7596640201579,25.32773253876509,187.73347392400942,0.0
2810,-70.81234474552377,-494.3099505109504,-10.091853605278578,-8.312645784063433,-6.292741064967954,252.9035637778051,29.406520823635876,189.6459386968796,0.0
2811,143.75822009580216,42.13080130682174,-705.7010259484684,-23.348272523669444,7.857557430927207,242.40472476120567,28.298177563019955,180.1654329257159,0.0
2812,-261.0036092962699,-287.4560586437359,-279.26921026879273,252.51803055031337,-3.782230637300148,238.55599417524738,36.97249618126878,197.00736511538776,0.0
2813,369.7274741388469,-187.6474253000246,18.342450086538875,42.29082086687745,-1.7429419131519008,242.4823292928748,30.81885178935878,193.33577614209207,0.0
2814,-71.37196957828907,503.7418714911041,-199.44568776242738,271.4668672678965,1.9982364145142038,249.21047670583144,29.852144967727078,187.47928448881763,0.0
2815,251.51550963769532,-110.95615440961173,-235.72223994330298,-102.53284813159075,-19.592090961667463,250.51101770206358,43.64265900791032,220.18545582531672,0.0
2816,70.60523707832598,29.84949361512892,-64.16965616405919,-146.95469050331965,-9.034701440326458,243.33485833662,39.0331515983185,206.98595389412225,0.0
2817,493.30543122099806,13.133406721194053,-522.9930168714872,54.92266180018079,-9.20129218533125,247.16743303143093,36.29251968724781,196.59690651192557,0.0
2818,363.1036512210243,69.5928378485231,-400.89545756530345,13.798519771129047,-2.7966532840868075,238.60181813919294,38.94616027430243,197.1541915088844,0.0
2819,271.7311835573774,-291.89415677875417,159.77622792607806,-138.64027519571925,20.507016274806826,233.47291817683956,23.25780307217208,160.38308824006924,0.0
2820,177.66972132180925,-94.37693910764632,-241.71085871764282,-95.57176169441955,-2.082160262908724,251.94998526629115,26.317476960589875,177.6197691556904,0.0
2821,-125.08492147420975,-294.9506944972911,-265.5381574456979,234.40233039097473,-7.7744956375233425,249.22241429050575,36.76758167852325,194.09790186814615,0.0
2822,198.8709055461901,-375.7156845401109,-524.4516199131264,350.17941770891775,-5.465263217183658,246.4804472981178,37.05866343879044,188.5549782831695,0.0
2823,353.2061097472574,-241.03353179186965,-18.255560086841015,-165.783791177978,-8.697265607591891,254.4779071335048,31.586071898433424,192.9590735248956,0.0
2824,465.9736320181941,-438.9665853124091,-102.68577053850869,56.38712527902323,-9.336633948114882,256.5689253368759,30.748462671883185,197.78829485341262,0.0
2825,174.51370565333008,-560.3879041167794,-258.969392376327,203.04387232278333,-20.738581445612386,245.63883957366386,44.75973677424636,227.02786253157493,0.0
2826,247.18786686936355,-364.04769016451706,-87.52441712730939,-211.2606628900715,6.780072071713315,242.9160201331613,22.978586626643327,175.3157279922004,0.0
2827,-192.23122198145526,-5.9818781830926815,-525.3676201886067,-121.5177353241486,-5.14984641492318,239.3304800464828,39.80744252521079,209.7299134522587,0.0
2828,102.07546913110517,11.178225386906204,-326.7708166799393,-91.9729857272906,-18.281064656399607,239.4941976107628,47.84971273601913,219.13235122214627,0.0
2829,143.88187160842818,62.99350534238211,-116.29289410363184,167.57047998680483,3.0835268063299432,238.09717105455522,29.7942315587954,184.62995199660625,0.0
2830,-158.76367737331515,94.73539845430321,-656.8205754723294,654.3187911367834,-8.837160256734041,245.36962838091205,38.81507734747611,203.21902598050661,0.0
2831,101.86416019846828,-257.21226536936337,-243.30537266375342,286.82289066793555,-12.995268356349104,251.03141856540915,36.832408861125145,199.80215835061753,0.0
2832,307.09888683598695,-295.41665373041315,90.13223552147718,-110.69818127964996,0.8513035030368945,242.60984678643527,34.01026826961505,181.71522388770708,0.0
2833,455.1796147715685,-480.53749548732407,-288.0658472756649,-120.66588206636672,5.42496001818414,233.44240965410484,36.63497695140592,192.1088470185527,0.0
2834,389.77301545744007,-429.58589738154035,-100.71730169012505,110.147328188082,2.5773424613194265,230.5788631276697,34.28623808953451,192.06212842887277,0.0
2835,138.76249347748944,32.40500975891138,-298.4373045397774,-103.25088991872917,3.1169189932935657,245.8435170363643,30.99977608225347,178.7056702241545,0.0
2836,116.90710718426783,-127.67263907328568,-157.84479703537215,73.06657216544372,-13.473266562597168,247.38037863171346,38.07587472228343,209.20283832485313,0.0
2837,23.333505904419027,-301.1509458184911,-354.1744098885739,213.3507010502039,-8.127254817093029,249.23944535867216,36.693901104521665,209.95679697108125,0.0
2838,243.55755389818796,-215.05887049023866,-28.956991315346148,-174.55281740186825,2.414489127700274,239.64843563675709,29.546627596437446,173.37144455937562,0.0
2839,242.37335759058624,-779.873718313781,-437.3021334700517,-250.00624398093169,-1.2963359876366518,244.2398912147187,35.758342712283955,193.82671412532702,0.0
2840,63.14542191760313,-448.99620775342714,-88.39967061520024,-232.9857099833172,0.6238469475851325,243.5700761449659,28.950535761530574,183.1638877383066,0.0
2841,125.03428617702579,-135.79631321269378,-166.3115421209952,-144.30620439809397,0.7659444206270714,243.74253670608158,32.37662976073327,178.9583954395909,0.0
2842,39.1677294030099,284.4693521778864,-90.4329009848514,-106.45602064256221,-8.184253609562465,249.3640233260087,34.29613807422689,201.73818181435962,0.0
2843,307.67223860553275,75.35928508751542,-90.6607264273142,111.91015039068417,-12.148193260058735,260.3215389384875,31.89182952765996,212.66010116206064,0.0
2844,-206.0804827447473,-22.181723117465424,-334.55869191016905,-209.00221020103965,-8.095457777099707,245.10553934889236,39.25551844355084,206.98196255233916,0.0
2845,-35.018208831400145,-213.81609040778272,152.07888799320975,-308.98148086177264,2.0405301071364335,236.31432019081313,30.880916041198052,196.0209022448626,0.0
2846,523.7967356580538,-679.2498282146079,92.92371821662701,-250.13311607282924,0.2051771577804753,243.8716404301187,28.41729018037903,181.4109464321159,0.0
2847,229.98297841174872,-342.0124343998472,176.6250039335497,-157.66969268598638,-3.9249658961612,249.01000856424687,27.982492198999743,185.629637860034,0.0
2848,412.26765777326716,-471.3384907202374,-340.87300235418246,-68.10248733373051,0.316287023266578,229.24418027115644,36.68277866683535,198.01699554303383,0.0
2849,181.99066956248237,-291.2395322952004,104.50904275543516,-70.00799263112008,7.132114057681438,236.77868682204883,28.47389483937443,187.23838419840882,0.0
2850,297.80188497623203,-353.09650397123715,49.18653874037147,-232.27791787583777,-9.147353637884304,247.46270326095313,33.05608853788057,208.56973584122872,0.0
2851,252.4574027720439,-249.36283334295285,-387.684629170282,351.9021038407396,-6.6954707243470075,246.16212071487317,29.699089029242515,187.08800246636605,0.0
2852,150.28291592483805,-354.0357460613467,-111.58712143807543,-210.86591838956866,11.254178361456118,243.6327672807413,26.696684088319873,177.3575264704478,0.0
2853,78.95848547121005,-235.33459285410586,-10.180824057109916,-247.6544228467294,-5.197883300951847,248.09633932910253,31.08577540249166,192.72181583495868,0.0
2854,-26.500439662093832,-272.30137528174555,-415.22506980853285,335.233474429267,-2.3704478426391953,241.07874768405563,33.80637134648548,198.30035500763938,0.0
2855,677.773682362819,-40.69267864184949,-398.9668872722674,117.0137943498729,1.1114038589638247,247.5304635469697,25.26233574446143,182.11293292169645,0.0
2856,533.5867011600335,-183.3041923260998,-247.19196196194835,-13.418720661192985,19.53744171056609,222.6262108718125,28.00999476926205,173.96766606713285,0.0
2857,71.9678309400927,-347.406944439014,-35.102019369880665,65.14878490884527,13.336131132090207,241.96071128383792,23.24116269385988,164.5921148037763,0.0
2858,46.596567415408074,-489.2722563208358,-587.8694694827036,444.5484904999805,1.4181225493910783,232.56801050499968,37.91122692455794,184.72772402752406,0.0
2859,746.1647964463749,-693.0203129768342,-225.5135133850315,-104.72358616437027,-6.722432385227846,248.29322788922246,35.75660949576505,198.35531477522764,0.0
2860,327.049402829963,-131.54462797755372,-171.5932006340475,171.30522260418616,7.633907943562837,249.69865424642117,24.427763035371605,171.4170799643598,0.0
2861,147.24656497254523,-452.93598461480474,-439.18776627203516,-132.6117675416161,6.9907790646091446,230.68736292090256,29.08974743898001,187.93079687252373,0.0
2862,-228.170474785541,-20.813364988518714,-187.77854501749223,-205.28010630299488,2.102578910345991,232.63032729518156,30.019226778227036,193.38419221965344,0.0
2863,-55.37623805911096,-269.9804004636274,39.977351356897174,-282.0463432898761,2.8341039985851166,230.9711654106694,30.814725385230084,184.63376701214008,0.0
2864,603.21640322266,-154.70304652916366,-123.19252183553834,-18.19989586440989,13.693001539620374,230.26951133518963,31.9544095761592,168.7219131231883,0.0
2865,564.9689217111255,-172.37906669900028,-312.31004940317064,25.00858187229751,-5.212301958126617,237.43702810494025,32.16722447140303,198.46361538258037,0.0
2866,137.12880707808762,-520.1466930132018,-257.71529878431335,191.37490348897694,3.187364970705814,238.72832761388082,30.520615037746886,181.84671192078852,0.0
2867,-365.3260316219946,-357.95245286779,-383.6627266629395,-279.05781649277174,3.2730415344932426,236.44218563420426,33.61409866277981,188.5858143338674,0.0
2868,284.95377516349487,-665.7733093262408,-337.7530427264165,182.58732984869607,-14.647259788239682,262.77426003836524,42.37497994226101,206.20108816571837,0.0
2869,608.3933513095967,-480.1516922298283,-374.8133792668141,-75.1278521510644,10.829585172026086,240.73838376245632,29.708692220883812,174.6142398288759,0.0
2870,257.61211727390815,-473.24537127965885,68.32384204556638,-284.46520058299853,1.5304179730102927,232.88633932091003,34.1553867040955,189.14103737872722,0.0
2871,162.2732463215749,-114.20339089573952,-247.68448086723888,227.2766750494236,0.16459073383945388,234.98844552970706,41.117120211560696,197.8312929500077,0.0
2872,68.13553787164362,-46.02208464053981,-272.5778723716154,-128.3811013012624,-16.192218023358365,245.59651682447196,41.58240780775356,212.62138313716383,0.0
2873,417.0934826573518,-165.07462511382712,33.021782227689165,-99.23302247465726,-4.059331853734676,238.42981120067313,34.36573714925706,204.64524297608003,0.0
2874,384.56317365636056,-572.0723057414912,362.54772773895706,-268.9657270170355,2.210453906082328,240.0037683023663,27.248991332121186,182.606422195334,0.0
2875,124.29542361385415,-419.6335461620423,50.14460316447451,-312.80169965270466,0.20780176894794034,248.94083782191947,30.27871014227433,174.49762538821062,0.0
2876,247.54888025568013,132.39409749223387,-487.8130558294082,5.591063389357087,-8.731588214402423,255.77425973601112,33.217222536089956,190.16207722167786,0.0
2877,148.13565032888118,-77.28224283883968,-105.42854098514734,-112.4078747739549,9.52027600442751,244.07380183353985,27.10074994070967,171.2703807917491,0.0
2878,317.2292406675673,-513.1674425001747,-195.68561008078277,113.60368969218327,-7.962486773502481,241.0981218336235,37.40458855213307,201.05743149523525,0.0
2879,535.086145463618,-333.03802500213226,132.81741046627863,-68.55930982442229,0.7568233645226483,244.3950475470479,31.922218612266175,184.417191626298,0.0
2880,189.48896257325387,-173.92316835301645,74.96036965452957,-16.164813565383795,-3.9154573359386786,254.3315383528651,23.802664421077978,195.45120386004294,0.0
2881,93.93009950057863,-263.8352890502862,-156.71119226493425,112.60952592492185,10.583647772160456,236.7505536713009,24.30308389372894,185.82069003029275,0.0
2882,195.55968450973188,0.6711184244043933,-170.5022362735631,-105.21633226310045,-9.279655577496127,236.0432337947355,47.32819575048848,214.98543356132456,0.0
2883,232.56439206288587,-349.58799381132576,-122.26425617523253,37.003493613510294,-2.773397276385223,244.85985671413215,35.85000145434977,197.0906546932193,0.0
2884,186.68274504322596,-184.05965932820584,-76.46905046297915,-189.9791364877123,2.538440251837954,240.73627445215976,31.124558043537164,188.07900496964078,0.0
2885,594.1731359797113,-123.99353125990302,-35.1813012649209,-22.75319812246139,6.573109370172822,242.48595267113063,31.134272262204618,181.70844556149075,0.0
2886,527.2303297450167,-446.6734967515101,-106.93341823928128,-116.0628690178247,0.5391166675115224,244.43068168264594,27.976139772560924,199.0218079238664,0.0
2887,337.4295771727213,50.817155457378014,204.17136012071282,-116.56366403758207,-0.5905154631232234,244.7649834195518,33.69525849454369,185.76671736241062,0.0
2888,84.95769871042513,-444.95426284599614,-357.701915785424,-160.96201059761106,-9.88813531570841,240.5841909598494,40.42509189745304,196.7148305717659,0.0
2889,187.95457094519801,100.33217354279422,-152.90842949087053,112.2567556999712,-4.4483130566605915,236.09159763583517,35.84852611434641,196.43957414446027,0.0
2890,465.54967740878067,-445.00351477647354,-160.86831454523485,-149.0689455163094,0.8079077681962494,240.0000296812296,34.091941048531574,192.66095933663027,0.0
2891,-207.08081094601093,37.46782062552894,-241.2825369343051,244.87598303189725,-10.732882368258858,248.8563743463519,35.80986724360239,208.97731529249222,0.0
2892,153.91678662266463,-911.5820164145501,239.671459947578,-412.7972059551439,-8.933071206466437,254.88560367942466,32.43537638633806,192.8963839562804,0.0
2893,-70.05177307213692,-483.38601374574483,-174.56790709780267,196.37094356053416,-1.15064459171106,236.12402186051312,39.70950788167622,198.48011993024957,0.0
2894,-46.51704215460413,-368.66951503016827,-317.7097568956529,261.0960030488047,5.513815761787735,236.34648094759748,34.30536077079611,187.23179421545427,0.0
2895,-18.73573476342647,-325.4138086326249,-430.2604218183906,-207.49841047982406,6.255806071471638,236.15423136128888,30.357876038516,178.2505543467861,0.0
2896,358.30214295868774,-232.8445696407841,-97.54312376089807,-163.25534416305288,-3.0304099710803363,238.86736933049576,38.22424685932133,194.68442199032367,0.0
2897,-506.05625220513207,20.253979504506958,-364.4742507764723,-281.01154335656054,1.3974866683878768,250.00040198893413,31.20259169172749,195.6705469184443,0.0
2898,-75.99322173710075,-52.63170729421765,-392.69485492727466,-101.87935396781995,13.341340864739243,243.80479677444228,23.52564459515323,161.54977531150072,0.0
2899,535.3352877935265,-362.56813876526934,-185.90039155092234,130.14638569013064,5.282217693956175,237.90250711665797,32.22864549294711,173.41925017947997,0.0
2900,563.9732005141993,-114.4698794455405,-85.95848165440974,-65.769394324122,5.651274724022115,233.3777849834356,32.076976696784634,190.27485166005025,0.0
2901,1.467721017662682,-124.74283149648764,55.74731126381134,-73.60430864532117,1.8538116601283852,243.04667106857903,28.208821844488842,179.8378585968935,0.0
2902,283.89144540236873,-177.23719407653735,-10.342374547981969,-146.78172723728085,3.742756544842944,248.74851170657564,26.844083362638216,176.67537468344477,0.0
2903,47.26663884748359,12.653964321415456,-340.996805551421,-127.22258699184835,-9.691008571223662,242.21938621527073,37.512959597100505,205.1830402662024,0.0
2904,279.10142663291356,-131.95786955950547,80.91592210060985,-31.440723778036638,-12.776895932585617,250.29196521321168,33.88022904159587,205.71794597427615,0.0
2905,479.6713157539525,-149.55900719055342,275.0719258070174,-163.7022294111868,2.7096373551299733,236.4935163866155,26.267475379304905,192.27524529416033,0.0
2906,-151.43663636098043,-32.181024774810155,-266.7144116484137,-169.61191927585205,-3.460410810688891,248.43154843017408,33.57977977636479,197.52352276507938,0.0
2907,-426.41881334455576,184.86854605595525,-337.1487011449604,-215.2636188735645,1.9062269216755308,249.54605158002437,33.69409499757063,184.64174205425746,0.0
2908,11.100322157185039,-46.807967603136056,-426.53837213174984,-80.72649399954348,11.378694667186764,232.8429444103322,24.88193605556063,176.07464960847798,0.0
2909,197.75132971901934,39.441759556689824,-282.5627242733878,239.04569266896561,2.2897809213532727,237.647588296054,31.117224848238415,182.01948660816288,0.0
2910,247.29625290609044,-497.0591943199928,285.83124478150484,-341.24468957218204,4.59610636108328,244.78080610804003,29.034098524935402,182.43023699772158,0.0
2911,-237.46224552990736,-321.40865045621655,-63.94658603486904,-372.82577028795754,-9.361952108766907,240.93672608866981,39.99034994850312,206.5400021552706,0.0
2912,-48.61535279739102,-189.17734788057746,-144.61815744774412,117.66759760082412,-4.297488249455128,244.95507729518624,35.66167171963158,194.690263859421,0.0
2913,-66.84029665808944,-153.60033589414783,-8.420746083427023,12.469268763706754,1.0710897589500301,245.54009013035306,28.47298584126154,189.81708044195736,0.0
2914,129.76425126964548,-34.627090496297775,297.7909337386157,-206.9984622444831,-9.96285868560226,250.80098608508038,35.13961251596504,212.90646159898427,0.0
2915,341.6674124886457,-361.0493692625083,276.2904386425849,-210.457045158087,-6.846626180262636,235.27212118592882,39.6080792707056,200.46359457611044,0.0
2916,253.75868232262224,-470.3974846809343,42.56629521084534,-13.746408890121664,17.267169922091252,240.0249227659155,21.61043157082411,162.9812170737525,0.0
2917,-100.95682676478094,-59.05642885279639,-250.8371413729268,-152.3053488162417,0.35435353105650713,250.80615238341133,24.5909745482212,178.78235175835576,0.0
2918,445.4513001727188,-163.76717127850827,-394.0796437744997,315.4784377081875,-3.4844503432097595,246.86425621840394,35.993871181201754,191.2049317009693,0.0
2919,235.1273365251531,-260.4674919553791,-323.38398424052366,-140.72511597500926,-8.691219539797139,245.93332863479833,39.46580597783398,207.04952132927275,0.0
2920,199.86783630740103,-326.38418841079,23.853471470564468,35.62152173195132,5.583195087578004,238.36328164410614,25.072749121614816,177.82737774779048,0.0
2921,345.58234195742773,-332.2872817297964,108.1659434385521,-71.53236149431841,-14.707426880903832,261.0521564046292,37.09427010012961,212.38111975544638,0.0
2922,70.989297015091,-16.97498013052705,-467.8380718583036,393.06462915472616,-14.793327903938744,258.1253529396898,43.438340492166525,215.3279156135432,0.0
2923,-93.42369044554432,6.95049245896826,-332.2246926636434,245.06604640819484,3.5809714173712823,244.9151111588712,36.285365666699555,182.16034479532124,0.0
2924,452.1607192220028,-58.10176532383908,45.384042556340944,77.117549869952,13.491404430589096,235.68897992315556,28.360397582830643,168.50151766946004,0.0
2925,123.77885360985832,9.558066677872578,-363.66250474302404,359.75541131372665,2.9593156166923897,235.1565460490955,29.633398272127984,178.0562839569073,0.0
2926,391.6412757093957,-390.174071689882,-168.82642348647474,-98.72149131148245,9.813508607482817,234.65545076930485,28.70850862265387,178.58041970620184,0.0
2927,175.17531736286017,-439.2015772143283,-71.70042841912463,-262.36753784604014,1.6096221780623758,240.56155406432492,30.96976745527743,199.99027891062525,0.0
2928,14.310651091488547,149.83316237279826,13.30098896663323,-140.7198145403656,-7.617688658254056,243.93737380193406,30.82109490068426,204.84883507406502,0.0
2929,-131.1146632237441,-404.91551520717434,-165.5740329010835,-360.1767303924032,-1.208591337962922,237.18533786643627,34.22438397149091,195.40897196851964,0.0
2930,-2.928919276299924,-331.0735426591817,-454.112430110039,300.5040682895415,1.8391203998801946,238.66100502095642,30.152970312381072,190.9881490767609,0.0
2931,534.951660946129,-244.44942124507696,-253.6286408494521,-67.70390785394287,-4.744600217664241,245.70837914019097,35.03578057353517,196.35218949301594,0.0
2932,109.92166716128477,227.92392274928767,-288.6011684549716,317.7071768123057,7.380532342731502,244.30095048384072,25.488915467913095,165.76451819805186,0.0
2933,228.90011010922743,-223.06425126503737,130.2657785693206,-182.5869898925025,18.43457685858211,240.8143537738572,14.855350075130922,158.46342782658036,0.0
2934,-39.842409822285994,-138.7822682141457,165.93448136676489,-142.82272783749272,4.323201045073118,247.46547081523494,27.016514959070587,180.46735412389316,0.0
2935,289.9959567763037,-341.2531449301672,15.470761752899588,-207.81766638495233,4.737755868837396,242.94272549920046,27.140678743105674,187.991880019381,0.0
2936,197.75203280448972,90.54580695036182,37.802747893373436,17.905417978657788,1.6346327334097301,232.75863258721378,34.58752637628698,191.48427240970003,0.0
2937,360.3784199310717,-213.53752575426225,-100.13678933199301,-76.61653455321812,7.292669462941738,238.13686731553034,32.70162067282694,180.94007920121476,0.0
2938,225.05088512267264,-463.7616156867869,-246.48384616107046,256.0665786559265,12.253274899605355,236.24617720971088,25.999653841448648,174.3825634857641,0.0
2939,144.01213126018308,-51.37372518315251,-462.2882395419411,390.21331026005595,-10.192542810557422,249.03308593790624,35.44895976850777,211.86495509908528,0.0
2940,-331.19985316079146,180.07369767659293,-314.4311889582334,292.9659507231945,-0.3797541558244175,254.3636691940714,28.965380620367554,188.1213148487383,0.0
2941,473.8138074304178,69.67677580583525,-47.082576866355794,154.791274353229,10.637337934417081,240.06427721544205,23.104286821350357,164.01832900079245,0.0
2942,394.68988838447774,-176.2458390619523,-304.65649565627564,269.0923265291806,-6.889438864410247,247.32759737059706,33.0215571323473,196.0750149883142,0.0
2943,75.91631919576126,-174.93241471762192,-423.55159145871966,-123.92513428823003,9.444943042729472,253.19287037143644,23.529103630898327,179.85126103083226,0.0
2944,76.82818126875245,-614.1558827420744,-136.2909468545817,125.26811190945777,-9.004602602530424,246.15361333511913,38.63210552149474,195.96966836819328,0.0
2945,-346.6791670649069,98.42839577882413,114.16243590935645,-325.0295681619685,-9.479206621721039,249.86947102897844,41.879866253549864,204.7631549602155,0.0
2946,172.69481422311904,-104.36885112295586,-112.57416144644974,-160.0281220961967,-8.0581922556521,246.7478749838603,38.54095942589603,197.48715097802287,0.0
2947,215.99644270953533,163.07851805597852,-174.1660009812575,-65.64572542145508,-5.268013834156013,244.13612407863357,37.54399460415797,200.65855647533058,0.0
2948,314.2738759944099,-25.803926957911894,0.005865851921393883,23.54869311847787,-9.300537008155032,242.64904209814378,34.27595926319657,207.40304108535722,0.0
2949,364.35425457988447,-10.557323877032388,141.92158863675198,-137.09919695332476,-10.11686452886554,250.35407798320747,39.650476031262286,205.56118529666853,0.0
2950,-188.47266112691935,-243.89275533506608,-98.6906333467872,-294.2443239359162,10.353704632094313,249.8947721607128,24.921462823796077,168.44744561237633,0.0
2951,-84.76755604474229,-203.2469602364981,-74.5776165749039,122.70482875870405,4.804263824774392,244.40728833889,26.910524353243964,176.21312639681102,0.0
2952,489.20496558374856,-536.4489721903615,-19.287718226449833,67.30158210057205,5.040096496780968,246.07012760122348,29.168957038097766,171.28239176488438,0.0
2953,175.72943066936173,57.224432274156456,22.74607400220594,-102.13934105384493,-4.434578756771584,243.21289928835247,33.31940382265217,192.28288515303174,0.0
2954,196.31764724146393,-292.0786909297378,-520.0638664889456,-117.66530146508498,-1.555383889177504,244.45960874671354,32.08385726401326,193.42343610630917,0.0
2955,225.92586563237944,-152.69123445545017,-147.22271591191344,-124.3492074746038,-6.848189636410843,246.06103409662973,37.16776377187625,197.00966107501176,0.0
2956,369.16011045775764,-263.5842769988265,-183.0687504752407,-134.52205509362662,15.991161280255906,228.21736335391415,20.15654791350836,169.92156540571838,0.0
2957,428.20998509001777,9.369197333543887,-370.8096888132215,18.998825044990465,-0.05944163980567385,247.4280923333576,29.198950214090754,189.49630699476214,0.0
2958,178.83191157105816,-16.941486549317442,235.03399648295357,-211.77191069592877,-0.5898984606004927,243.31691313063826,33.031637687404064,197.88344132327782,0.0
2959,-7.650861791804187,-573.107147139883,53.6234837810079,-427.1384544182389,-2.2314010151619814,239.48372084557928,28.445145133629662,192.94348739512236,0.0
2960,496.0968230219628,-185.01494874682726,-263.36724131684576,-65.07208880913599,7.774894945486945,233.5281271462994,32.02892677661844,179.37959615589176,0.0
2961,206.13995154494162,-635.3738956002638,-218.84465512411947,137.098447502722,-0.0734748634750425,242.50700345986542,35.38883047600759,194.11684696488263,0.0
2962,110.06730212752021,-142.99582910473148,29.8665619197352,-235.35771431979614,-2.6820051706361316,255.94871160535521,28.768346270115956,183.3538428109413,0.0
2963,-62.20079299317227,-145.70953328750534,211.65879926510408,-315.82540173459057,5.744605220722784,247.8571420784208,34.00161246063736,173.34930448039256,0.0
2964,104.1955535302956,90.71518179450253,6.33150418838111,-101.3382453172444,-6.78551217225224,255.43604376363302,31.97454410183127,201.32092497518522,0.0
2965,271.12824471859926,-131.96876413848494,-189.73315783780768,178.97710786921382,-7.987572429889178,248.98164762384494,35.38421356322341,196.40302898640553,0.0
2966,-164.17156811085457,-167.5142333303242,-212.64083564156488,-243.47892977316388,-2.423653715550344,258.59553485457565,29.297488446885946,187.75610928495772,0.0
2967,182.95945495831225,-179.30572506530007,-131.48579710975253,-192.38498849517356,7.983647998189234,243.24413605449837,21.756560557825946,171.57777500061607,0.0
2968,212.49891294072793,-268.0714385269578,-287.8963531915821,-153.75542446330203,-8.77663635979827,250.4856643853927,30.23639582790152,188.39249125477514,0.0
2969,-122.71084516592134,-239.87255461467038,12.557831362649674,-305.27206514936347,-0.5208573420839614,243.3467989584058,36.28746748082348,189.78321818409637,0.0
2970,218.57556218685926,-246.40229314809523,-38.3870764837497,-186.43593700909202,-0.477036912514068,250.90009129482027,29.379292883664363,185.54078671678496,0.0
2971,-47.83103181642283,-172.0080493155207,-307.26759182494516,-197.35521198169678,4.081427250789349,236.09314977070022,30.535173302326598,182.186246111266,0.0
2972,82.08881195704998,-610.7595764527554,4.77919216323206,-323.0133199853857,-6.780120257419792,240.63301422144218,32.72486357244116,199.15634103906064,0.0
2973,307.3643166317294,58.25552438277355,-326.5525385392874,351.620355298596,11.75804230256274,229.7770443236966,26.46007647256106,180.33391039320153,0.0
2974,303.79413906844877,-212.4882788684829,163.3159799376391,-131.90035782095154,-10.015477212695515,245.82975998280648,36.099896939821726,196.76572644374542,0.0
2975,-289.81470601040365,-40.93573510019417,-177.12062210859492,133.0424695740382,6.510754358975131,246.5194037789248,25.6010980047904,174.75479227905356,0.0
2976,-39.14832324615223,3.173598688302892,-0.9666393733530843,32.437270157464496,-9.986515861334913,249.44108474515085,37.280936198909735,204.66006825862976,0.0
2977,-173.76037179902104,-70.45972837223069,-194.0059348939573,116.17271043970683,-12.946828182915878,249.87319021134914,41.68887105569283,210.9863281289731,0.0
2978,-14.926558662359168,-313.6026401662821,-296.94915530761847,251.90801982841185,-1.6565556351345707,250.7035496321069,37.71840914951793,183.9888381790993,0.0
2979,262.8392524750781,385.6338615546958,-116.96863629474079,227.1611255461953,-3.3481320167248807,245.84495463598597,37.602270711462374,188.80366403865486,0.0
2980,422.63419900434724,-330.0814588733818,-8.900516704261952,-136.98908959794161,-3.815964222517734,238.7385131243498,31.434602380243152,196.17160005893146,0.0
2981,-51.64887821758075,-89.66882137565099,-112.0690465008192,120.53170436679407,-5.852637044635839,241.93872083194805,44.26921118291685,206.11346684666847,0.0
2982,364.37504203549946,-12.76448361154272,-324.2919259727121,-11.678737553130357,1.7321109033300908,237.48994929626102,29.115968250951155,184.15387932155446,0.0
2983,447.0482578168938,313.0156020314677,74.72108030793798,2.855295307497774,-16.927592844991615,247.03028079153435,40.12137117878099,214.77672109827557,0.0
2984,286.80819519459925,-107.21298115131898,-139.90104515344393,-104.86846738784554,-5.902072832191877,233.88529829745787,33.289779797376646,196.2392196984738,0.0
2985,78.02499989069406,-19.117646684089795,-408.8982072727556,-72.54905278345952,-9.301535294081928,248.22876395067505,34.51795085906133,202.8831631877141,0.0
2986,-426.82285071007817,-54.78517278691437,-674.3983433609104,668.5201766124547,8.433825054550654,248.5102047818229,27.328005425147467,178.03217773554155,0.0
2987,265.7981257315386,-386.40695065439303,32.359673281528515,-220.2767243554543,7.390160035226707,240.70613485230433,23.765309424275113,179.5743129471443,0.0
2988,143.61921378080694,-234.38935120784268,39.74735905665763,-66.8150870815535,-9.582331046925962,247.87669701842955,34.20145858745397,202.71485619529693,0.0
2989,-113.19991265173788,-247.54306450595945,-222.09264789257466,271.4436060814336,-2.939122375562008,-240.88989435856791,-28.23304713673662,-185.47690338992697,1.0
2990,-156.5500917080578,-129.57795905173154,98.79186013422623,32.95323811996893,6.989482076522093,-249.36496014556147,-34.77544073876859,-199.06113589157013,1.0
2991,-259.5060421638766,116.6984507069551,23.719863727372914,173.7117650227791,14.622090563747651,-248.2405167767079,-41.82669929361529,-221.52500905051426,1.0
2992,-141.58414409790754,-245.09428301406984,249.22848447694417,312.5844178984674,-7.168309420334992,-235.9246499823594,-25.146406135674418,-186.39126219966116,1.0
2993,187.75436860185374,-390.0096659956051,-88.67324763573095,495.74413326326123,-0.509093540816095,-240.3910760462274,-31.349172739405073,-188.65766736641623,1.0
2994,-393.8813253845224,-533.5038535548276,-16.93408749005019,107.4479365984851,4.451138532176679,-251.2398242321214,-33.881680494094496,-200.86962372101274,1.0
2995,-328.8910484070425,154.8380896729935,-27.278623998998587,28.691404757716143,-1.0309516267849301,-249.18693593428299,-26.745634089464545,-183.21211446315803,1.0
2996,-214.80762813106838,96.3098484568937,203.09827762849295,570.6188255247032,-8.773022405734347,-238.34656314656615,-28.97286950426448,-181.4420696380576,1.0
2997,-160.19088321415558,-389.52020867817134,279.71863704891626,261.05960608240883,1.7347563001077912,-246.88600827273316,-32.15360018569161,-187.50485965951611,1.0
2998,34.89105047791809,-504.02872888121965,365.72600276469893,109.64058676496715,-7.347840266613298,-244.427828220207,-28.83490576551314,-186.20603842542005,1.0
2999,-210.4027083264275,141.91060868868797,20.704888384841592,176.86271782551046,-9.384854094045183,-235.93291304605754,-27.87180610537669,-182.5800842238503,1.0
3000,7.695756656448016,-130.2502980202002,99.55571947955144,73.0142735182645,0.9181554401850375,-255.07949667887587,-27.72492852133893,-192.5184002935929,1.0
3001,18.644859680295077,-162.91477748316342,-103.10623189879165,299.0064581140068,5.394221469172732,-242.90605423523164,-37.620487785170525,-192.56958457577983,1.0
3002,-176.9681059743371,75.8232341772108,-240.01429525878913,202.12922681393314,0.7353178817064471,-245.08829733149383,-27.103985130622064,-188.53842421957384,1.0
3003,68.73450764309527,-436.2880771748566,240.2448159310731,33.060348315451684,7.106490338786358,-252.86036880745644,-30.677371649085657,-192.88503061991997,1.0
3004,-90.74110969525898,49.57835079642958,-9.87689113677832,27.970914677816072,-2.916603582315487,-237.2614694980087,-36.601989713177176,-186.29318918795505,1.0
3005,42.692504581078204,-86.61270627300597,31.421533345076625,-173.6196670164876,4.427821669016744,-249.3560033514928,-28.117407004494627,-192.0342548457053,1.0
3006,33.97576608377824,-559.0149255896569,-176.84815686272518,307.3681086201939,-15.83779048791818,-236.64681110303277,-20.55791196438301,-158.84802603074155,1.0
3007,-34.57537214696702,-301.7075545482741,137.6036984970548,-7.878601792633155,12.182816815423053,-250.31296801008213,-38.97572569203356,-205.9564890505274,1.0
3008,-278.0175640393923,-301.1408413072803,298.38649138668745,355.7779239123064,-11.470701187525984,-232.85712656721768,-29.073020273417818,-173.33578571603906,1.0
3009,-244.90168302406676,-342.7016981414284,408.9832429250759,588.8454485138333,-0.3223090414362424,-245.56179022246576,-29.543981960297177,-194.63830335355107,1.0
3010,-14.466491518699698,-274.3530285947789,15.523094164654584,117.90787184262545,4.314428621514969,-243.67152609350953,-33.863683780336835,-192.9799148117637,1.0
3011,187.09048092485835,-367.9611802914291,102.96600006697152,-188.63605800198116,0.8455243614758761,-240.53204094568954,-32.220489914358936,-188.25282181362155,1.0
3012,-397.1301669222204,-98.97926431171355,93.86810037428566,-130.11269153639137,4.789915212933336,-251.39485147929437,-34.220177531975814,-188.17798153981465,1.0
3013,-140.50625237546566,-129.4026852232824,-263.0487789428789,143.3220962639824,-0.8140915160662963,-245.8380532121978,-32.688715174040375,-184.2517877822764,1.0
3014,-475.25321053450614,236.6569881823308,165.53778898667798,683.9524027395269,-6.489748285283986,-236.58859884913636,-27.38599106877998,-181.90393266785964,1.0
3015,35.1660772127657,-798.8304858133521,335.95693204411265,-136.6310353144551,7.646877555502023,-248.6596009915795,-38.71043180070232,-198.6064811878315,1.0
3016,276.3541027599736,-550.9360300653852,87.58218723526211,-324.0646250802611,6.617803938352085,-248.29895597890385,-35.638599033478826,-197.91044326020045,1.0
3017,-13.815485575153264,-244.21735319750758,163.82464943189504,-17.72333738864118,-0.5924512539397704,-244.04525330571926,-33.301318661448946,-198.2846966477358,1.0
3018,-357.5691966176705,327.4396455713987,-38.305443760439005,156.33089022735948,13.852163413176012,-251.25498729911996,-33.25071804525834,-200.12967600152044,1.0
3019,14.232462491657593,-202.4676616243821,-371.47016807410336,326.66183407671554,6.277291501766077,-246.86466263049013,-31.94688530440995,-208.74096667431598,1.0
3020,27.217932141127687,-123.50942279973629,-63.682031426613506,120.45222902134711,1.0694268413306598,-244.48511297093614,-27.200650676197377,-187.64182341336738,1.0
3021,54.01055998480197,28.295570826609605,10.869530284861906,52.68403832857405,-17.932483857332393,-236.84759370150337,-22.294238002365404,-160.9385217812331,1.0
3022,-476.14089118613964,-230.68719052758019,-166.24855649693072,369.8664940873113,7.608144542361696,-253.32723879365042,-40.51690649382371,-199.60863007719345,1.0
3023,-273.49420056976317,374.8687733157078,-566.3383891379358,163.09205844358164,3.940042565235267,-249.29408411415224,-29.100849748162307,-199.17537983815714,1.0
3024,-592.0547734696157,96.30467259754072,-499.5012637980631,92.05443309510788,-3.6922612025947332,-241.5598420698593,-34.71543430605398,-184.92345748653779,1.0
3025,-267.42949315970196,99.4640073024284,-244.59713594337424,282.05941404809437,11.344550577091407,-248.61350472994573,-39.699028377200094,-214.6934399406605,1.0
3026,-463.5564226306082,-39.05224699639089,-492.6336090941264,321.0294759809031,-1.8353696155468717,-240.9850227041713,-25.48144646033812,-187.4316775020511,1.0
3027,-54.97414434476586,-529.2541013308953,351.4174340072306,175.04871014924734,7.671659312379536,-240.59842848150973,-35.648244511214074,-210.3651885312186,1.0
3028,128.04858804389175,-96.30028725489515,141.79664494979676,111.35318258858928,-7.580284977779797,-246.95182499340487,-30.241362861108144,-174.21924204702322,1.0
3029,-297.4952965294034,-140.73359686653606,149.60609253661733,191.64829649138167,-5.302727517531001,-247.75798145003074,-28.705143296535343,-180.42600118202333,1.0
3030,165.33753803428985,-463.4048011921907,12.356479169308198,48.076149363203726,7.230026233565238,-244.16657759474913,-36.7130895617897,-206.43217519451207,1.0
3031,-45.54769514550667,22.12666357189419,-134.38659467393828,-123.91574421135462,14.27369147656533,-240.84480032093754,-44.96324725347836,-219.45731264005994,1.0
3032,-83.28580999806908,-969.2366420295359,577.2453526785279,206.0098217208881,11.801033133126417,-250.46320158762737,-40.5102454461929,-208.816646576545,1.0
3033,-179.2307900910793,43.06254758038479,162.59833676948463,405.51379132069167,6.9184246841212325,-257.23570312701355,-31.91570016341594,-189.2235376336765,1.0
3034,-223.6541108233514,-263.1563953916817,407.5875641458195,474.5755757986466,0.05123278523949559,-239.98182338705902,-27.923349565082972,-185.27923483688312,1.0
3035,-58.56759035748489,-366.64293656461734,249.22199609931695,94.69878931602335,-7.906972229415041,-241.88922267254125,-27.335141005993986,-174.19014217101727,1.0
3036,-209.91512345527386,-570.3821872159407,374.5852007204229,314.2936526048604,7.273748137041777,-244.7472815465414,-33.25423013119001,-198.41650360366646,1.0
3037,-320.5519654402212,159.08892759935975,81.74396792925724,357.3673867350629,-15.663450318137592,-239.90593203377304,-22.742051375375116,-158.29005945781228,1.0
3038,-233.5843377084929,-334.5701191725532,-188.26870881110239,224.92419707999437,2.865076612132255,-237.57070406863824,-42.940449073085546,-205.20145357902547,1.0
3039,-115.48208356261208,-10.359856951707446,195.07494089579438,376.9747954834354,-19.16784236909863,-232.48424369791934,-21.247985002861057,-159.73469708575578,1.0
3040,-347.3598492290689,-61.08553280027928,-641.1940200951938,196.6664938506437,7.436737336246513,-251.95687830382232,-31.825300108344464,-194.85795578071776,1.0
3041,-51.896442691015146,-388.45010650750334,271.4337786356795,270.10865827817116,5.656185534279072,-238.23081229516043,-39.558960078500284,-208.20875367675356,1.0
3042,-279.91084454226643,251.81385134809423,-331.41333674239445,116.49044601202063,2.6228059665808017,-238.82877405927576,-33.11712343604973,-193.16706302760198,1.0
3043,-117.72301702575447,292.280053830572,-74.3949440326681,25.632438494322752,-10.249610769431348,-234.831220087621,-28.417678294817474,-170.65415834462982,1.0
3044,-161.30871084505694,-51.912618647621976,-410.674079316399,501.4380910310801,-2.037045112910445,-252.95844347013684,-33.70440611300101,-190.47351021091697,1.0
3045,31.421621421391023,-164.94586517176475,-588.425153686215,209.31193637873972,-3.487803092446147,-246.4754998826461,-27.451080959424612,-179.6127831113701,1.0
3046,-412.3137550317411,333.03878918833107,3.931935243335749,362.24266796539985,11.090229417728287,-244.19050699700267,-39.038547582036855,-208.08170686287883,1.0
3047,41.93119748726044,-54.98362235008321,-142.8706233245172,93.45221948217002,15.63152974388663,-244.20972139487665,-44.64342323481796,-221.80130931263096,1.0
3048,-204.95823870762092,111.51196209424326,-199.83808115845304,117.91848894250896,17.361976839939707,-254.47155162452677,-39.61180694780163,-217.5805987741779,1.0
3049,-759.8237251668479,70.54185277971561,-457.90184965296487,122.97213498909605,11.224576864850274,-253.56674162039297,-33.036355667331186,-198.21984873267428,1.0
3050,-413.76056665231727,-368.9590958571688,80.82861000051108,184.62251394046802,1.1244980178442117,-239.11012355252169,-37.370062177221975,-195.28890359215055,1.0
3051,-231.1779222840557,143.53403924161933,-136.11354692705905,75.49502371607151,6.229756813114322,-251.9989612788096,-36.66366464643166,-186.55110050219136,1.0
3052,-325.3975188625085,-535.3106091533608,-122.40301116577407,666.6993970192082,-4.19396037087002,-245.72472938781314,-25.750312538984204,-179.82798535474308,1.0
3053,-527.8295823120702,277.8252865901478,24.630214454923617,334.07875788051757,-5.9347717656992085,-239.16273474426814,-29.97727555299819,-185.93901630744776,1.0
3054,-155.61248367926805,-129.352448924941,50.29229351077822,-68.37203351474712,-0.30773363052851765,-230.9049428141431,-34.23666951735184,-190.46467353193532,1.0
3055,-21.713878321458946,-318.83921474093114,-279.0863906644012,348.54313965574215,-1.2236031997197445,-242.49702048486978,-32.97312639967974,-179.82276295098552,1.0
3056,-152.7528213246418,-505.85833005400946,283.520863083855,33.58103756659738,-7.541805884169374,-240.55237912278233,-29.989656090183804,-185.99354191162396,1.0
3057,-115.3748112925371,14.936148747536414,-416.7918566997939,461.15582153456904,8.871526990818484,-236.26697207651014,-41.21729493425704,-206.94129475591149,1.0
3058,-505.59850049879225,202.13506699154485,128.19020468911546,524.0735879643331,-5.440853948054763,-238.4715363701978,-29.309284371519364,-185.06855232402015,1.0
3059,43.36869281748115,-848.5039473465207,361.8583627803242,-206.67258391999263,2.164987923862876,-239.24887447652623,-35.30169393923889,-194.37662884622287,1.0
3060,81.93594382515252,-39.12154828449832,-1.3264410352670009,-83.53676222582935,1.7559572315978411,-237.0253303114909,-28.6895945025509,-183.83073282999447,1.0
3061,189.24811315158485,-114.5561323895485,-40.930506455357914,-278.63080744757787,6.396628967850354,-238.35372258521295,-36.87405639335262,-212.8274746864405,1.0
3062,-193.6556214111143,233.08514890032663,31.589527094048098,333.8916363185558,-1.3447008642152602,-250.83121030733957,-31.770895401858628,-187.28627952313457,1.0
3063,-239.9431158351198,-26.071231024870634,83.82565051497197,115.64040819634276,26.3755485784757,-257.5720204092114,-42.18750485431655,-221.88558455992344,1.0
3064,-66.57442704809195,198.95462407971095,-70.23282594373632,31.808720097822874,-6.1245781233938175,-229.35270268663885,-34.22652716633992,-188.5449628918679,1.0
3065,35.10801637821632,-444.4665114126907,62.25716594623205,-44.75653557630266,-6.233450826085564,-241.53965706791007,-23.82789046744903,-188.39051406146098,1.0
3066,-192.6373771227081,101.09406559699595,-322.3674850748768,266.88327252509214,-0.2104322771470717,-238.5452875286625,-34.27478577106848,-199.62199759739684,1.0
3067,-159.85354181248582,-16.9317406424367,-6.088900918255158,-126.96711172494064,11.502923429161402,-243.63818818755902,-39.07286661275523,-217.31511097417768,1.0
3068,-457.7434826303662,-204.77644422184355,343.4370592073491,521.2493785827058,18.67971271962997,-245.59387611477527,-41.74084312403596,-215.76099208922392,1.0
3069,-487.262504310681,-41.37336091710348,-200.22163014951673,-225.5704137915485,-8.971607910179767,-230.88753048975101,-24.105917777836925,-180.55788510744833,1.0
3070,66.00803675516276,-323.83586675931844,-379.80219777482165,158.99577403890356,-4.091857561850672,-245.13453587798105,-25.787000690048103,-171.43227265773993,1.0
3071,-228.58193474914077,-80.66375542964498,163.56946242611164,304.4504187976838,12.192331965008187,-249.28801175761015,-37.89311118219864,-212.44275807895696,1.0
3072,-16.657530238054676,-596.3893720946234,-257.02932312112046,611.2877706300543,-1.0308763185325063,-232.60130455795274,-38.448981882007715,-204.1451172519838,1.0
3073,-303.1184335729746,91.52856862827545,127.03647652897901,276.7073935118323,-1.5682181100706316,-245.2752115374844,-30.324477037908167,-182.80111598264403,1.0
3074,-298.3492075024675,201.39766769700773,-344.28765106302666,130.30986484228956,5.079047195176284,-229.47957196873165,-38.81573353412654,-206.93006096090355,1.0
3075,40.71285760335801,-393.2161039586399,224.82403672615533,70.89652740117761,14.317314391902105,-251.13923563198404,-37.30134060585583,-200.28449712579277,1.0
3076,-231.91430453974314,-149.47427688290443,220.40696984787243,242.71363501630017,-2.8956178857945707,-239.26005248986993,-29.573457578468226,-179.0988063782855,1.0
3077,-84.87295654812276,-203.1588148310854,45.79797789084537,34.61208387586696,-8.207806786953007,-238.5503692205411,-24.832288859423606,-169.05905353875326,1.0
3078,34.793500749981376,-85.70337727562016,-12.82594822996115,-144.09283100896837,8.069186210475019,-232.54261206268518,-38.82339674009523,-201.00717261156365,1.0
3079,-13.686572649491557,260.6269082083433,-190.29357761257035,-173.22457810163522,-9.615393901531272,-244.4027900053056,-21.013746305324553,-178.43067366915756,1.0
3080,-51.018765869745366,-95.62185104368093,137.5128866524842,188.11042182152508,9.815807451149928,-253.86151181840444,-37.84034931145802,-197.0817932878076,1.0
3081,-224.1215710546233,-651.7708473115138,467.2460557150948,413.4573503183339,-3.9832250490005965,-231.49560191244345,-34.96923672513836,-180.95474267392578,1.0
3082,-337.2192132643308,-159.79537099788573,245.11253227360226,386.95155979412584,10.724137566142765,-250.7085582905924,-36.845137785149134,-199.0830572908116,1.0
3083,-15.402189307050573,310.0666122420573,-312.1190857179535,-317.031355709576,-1.1261940974595044,-247.8788479984472,-30.26824920916171,-187.0450268475638,1.0
3084,-380.53690618987616,-168.79399929780053,318.6865191536592,427.50626351870824,3.857703025564247,-246.67347306792158,-32.38761157163501,-201.84582020860438,1.0
3085,-311.8991889324695,135.24469432608618,-313.0192962459374,39.941950814564976,0.4724610408087998,-246.46251302542032,-35.29288526782123,-187.84491509570339,1.0
3086,-43.41627702775514,-164.26227281584772,135.4509972330291,199.48363867115805,-11.994468010486083,-232.22284974532616,-28.020492680423857,-173.18404174580132,1.0
3087,-331.8819870623428,270.47086157982363,-445.8557944835034,36.19259261828576,-4.236923330320036,-239.70940203506652,-35.61244821076511,-170.46643490458962,1.0
3088,-135.066879628925,-161.47842829283957,-336.25464501099225,198.3826713772547,-5.353341419348859,-244.46697373247025,-31.452955040658075,-189.36720723305163,1.0
3089,-140.43728486009778,-136.41390558465335,137.88705337194608,90.30537725536351,-2.571266455160487,-230.70427204270138,-38.24115701041599,-195.54561815827458,1.0
3090,-224.69431480298016,-259.5377535022727,119.16090206089581,4.363271247494427,9.343391340229145,-244.7803458571765,-33.63099098232537,-199.4562102609768,1.0
3091,79.98445124154556,-240.7000959564721,77.21882011969541,31.59851684293491,-2.488104244411446,-241.15865733402464,-37.40923014651428,-193.74942552283625,1.0
3092,108.28381882895019,-649.4549866829367,325.366649255363,132.44815834128536,-4.4324300081756975,-240.23357392848484,-34.19184777892417,-176.48581706582232,1.0
3093,-433.34753969973116,-216.9723448644317,-283.5382650382472,312.69053307629434,6.1040202549592895,-246.45321592301778,-33.315469925756965,-200.15933291083317,1.0
3094,-407.7929648762012,259.8225150818162,-238.73868979460772,-138.85817515252992,-4.589783420803542,-240.3497431645001,-31.777046567240575,-187.08005657271264,1.0
3095,-457.71394668011334,-293.2940816220475,419.2913682505756,674.4829109671562,-6.347286239687813,-228.44317865721,-31.33090890299851,-184.58639458904148,1.0
3096,217.32924124585776,-376.17546009012204,-113.7537517742321,519.4839882506619,-5.443347929165951,-232.60425724837432,-31.034865573818653,-188.9309026368608,1.0
3097,-119.28371188260019,-233.1931622140496,168.20766812439416,-255.6495453037529,13.443493164691596,-242.6671119282027,-41.62379373550943,-207.12441290209242,1.0
3098,-33.30869945635462,-309.72589368605173,270.08819572699883,193.01771067280907,-2.9363889696731618,-238.3049390932539,-29.948008889819025,-194.7050239358747,1.0
3099,-35.453285996297026,-357.1066944314876,49.96278311314612,233.82320158146496,1.7304334924655644,-249.78900712201482,-31.67272209869706,-199.44078120923763,1.0
3100,-19.727003483670778,5.350559156992762,39.5809894561608,100.43970064637011,7.547405918816032,-247.91352542205323,-30.853588372130453,-194.9751312300581,1.0
3101,-320.77806585869195,-105.08906583071611,174.2476040591469,310.8878837901444,2.3098070365219296,-241.98548822561324,-31.116032289939902,-195.62236326797384,1.0
3102,-233.13183175431686,213.3448343888213,-363.86465755922234,-7.175618824842922,0.06093240443445591,-251.71793657852186,-28.496279670782933,-184.93149277511853,1.0
3103,-317.47448514683197,-210.29657076789226,-52.489088093258474,-32.99186379170047,-4.194970618093525,-247.2402021177005,-27.53120413487965,-177.88477683706316,1.0
3104,73.64946103480352,-460.0210202953364,141.68911211795617,-72.63278840882879,-2.8421958264539806,-242.99648277867558,-27.78342036320718,-184.20670892864368,1.0
3105,-368.21514762227514,27.5148646484614,158.45013965018674,348.39494419198076,13.391291272693778,-257.96729590272116,-32.40269994814621,-208.58162867565275,1.0
3106,-159.65757010450176,-242.62472873986275,-276.03622691654704,151.39734105503922,-5.447937284034919,-230.7059474169182,-37.30959032479798,-186.04881130677862,1.0
3107,-49.562668453160285,-390.7658240275956,306.5608862802727,269.59150220310295,-9.248400032879251,-233.79654938665516,-27.713179249539994,-171.05182891110124,1.0
3108,-171.98326306308104,-297.6971089320517,346.52805706022133,373.6410159819553,9.31848829407122,-251.2784070258471,-33.911366900551386,-197.48642196481535,1.0
3109,-358.034825666987,-533.4318098857706,195.3211763881127,43.43823000505436,6.3813208744499335,-241.81090363185038,-34.894238583756845,-192.37903282038204,1.0
3110,-411.44827396476876,57.86605807937741,287.3309969103006,678.1066702441595,12.31580774953024,-254.96804677711697,-34.91791351385721,-209.7218036326995,1.0
3111,-386.09659160759634,-112.26272420448717,-355.7651901998307,95.49953850229664,-5.0101103793742485,-230.96720087010644,-29.020032160099014,-190.26351498636097,1.0
3112,-126.9310775404637,-177.33241183466689,130.72723799965092,99.21055615881492,20.91401514447387,-253.82179121318168,-41.72486902898037,-223.09072628171066,1.0
3113,-68.04630678175076,142.59524775706674,-37.617501748326234,127.46985296672557,0.3013211954904691,-235.26467764534323,-34.6266308845398,-196.27571128843684,1.0
3114,-338.2986043435534,-40.93197297595674,-154.95879575041792,-32.348814538148396,3.603514415350342,-241.6623788396117,-34.2020120181376,-196.50389596293107,1.0
3115,12.834922390035919,-263.5749425288735,-89.65257462816274,71.3020270566935,-0.12968525218380256,-243.69656172120486,-33.340180463016196,-189.3697363912228,1.0
3116,123.54181528314152,-75.73531131785707,269.133559969539,-27.20652880487664,6.842726990119527,-244.2802552523653,-34.46530635481081,-204.68298991557498,1.0
3117,-241.3245641964794,-49.72550625961934,93.59433831192949,69.36388312889548,2.5103350131601214,-254.41268111417625,-29.62205152554221,-182.38869716536192,1.0
3118,-387.86496933295496,84.61351745926216,116.3143814345678,202.2669941192496,16.816335124142178,-251.3998654899355,-35.01965893953166,-211.6288537995704,1.0
3119,-36.28247363713781,-16.647650059249596,-437.8686032208211,3.996355482368763,11.795124961840653,-247.9087965582179,-32.84113016782693,-202.9109601788677,1.0
3120,-306.8259973421093,139.54943103166548,28.618015296576417,236.4119083750247,-14.865292821805433,-238.46946123984884,-21.10285959717953,-161.12264291331246,1.0
3121,-170.06848644229018,-258.7772913334966,96.11022171692547,-98.521834455841,4.940722206733584,-234.56589533332993,-37.18909658043988,-205.6014941955697,1.0
3122,-401.0716317299371,124.20125665121935,-215.10855148192212,117.01214751153144,0.7121512464003845,-239.34421296726944,-35.75412402098783,-189.0835857634071,1.0
3123,-335.84240895896386,133.89312337668926,105.57010660289122,434.4185960194306,-4.004552976596193,-243.41576987028557,-29.73237973294893,-175.82731491092082,1.0
3124,-274.9684359406617,247.78985537692333,51.06118477396298,321.9397676137053,4.976045016728823,-242.05955769963393,-34.972555590634066,-200.36895117191216,1.0
3125,-85.71390951702446,153.90110393122333,-154.92477018460784,-296.51016470110164,-7.4469809643434175,-234.51094280881034,-28.777897962953933,-189.17689480257494,1.0
3126,-70.9244365589127,-54.83110522269339,-581.7208046696537,341.98825936419576,-1.2560839507715333,-248.89885986655204,-25.28683647712124,-177.90102331986662,1.0
3127,-293.85349281570114,92.1070004529709,60.794102503248524,196.53857614523395,-1.104819747674374,-247.5828483040292,-27.5930201610443,-176.6090339610548,1.0
3128,-339.1033351253453,525.2268950482684,-206.94695339065828,31.405733102066357,7.783396415509941,-240.6128921789186,-29.617754512314498,-197.53966100428624,1.0
3129,-280.3452810823857,-58.38702627947529,-500.3059862565042,269.98465724223894,6.233630409622014,-254.17789550972046,-29.233532426403546,-194.74799992407327,1.0
3130,-335.91591410397103,18.40696315175081,-480.85919130638086,371.3965537681357,-4.11798090652996,-236.62079270169463,-33.705083627939345,-189.63718097081173,1.0
3131,-330.38891415022766,280.8350908516013,-415.16537025304484,-20.66033289884861,-6.46713206251971,-230.48967928485803,-32.1384643688014,-190.9521947267568,1.0
3132,-205.3673143154264,72.01902790849526,32.65529366703965,20.211577199681187,-1.429229033889063,-242.11481874620276,-35.48441125892605,-191.00708285840352,1.0
3133,248.80116027653912,-525.665537184481,174.7795800049645,109.29181422776621,1.9559433607378751,-246.11405114153328,-37.31977677849889,-190.85775503522592,1.0
3134,-178.78435780794558,-573.9786744795911,307.4526476247993,47.04684046766046,6.36558675681222,-246.94274266838096,-31.305713366329876,-203.70210160736795,1.0
3135,-144.8840061882743,189.55241826468017,-38.43684354798689,84.10743476409624,4.49359423079712,-246.25186464719428,-38.46948276668198,-200.50033678855954,1.0
3136,90.86037000642095,-555.2456796799481,133.40098092636862,-354.58180468938053,6.645420433258533,-250.4222212165649,-30.416358636846045,-200.12983827059998,1.0
3137,-352.42583843632906,-34.083602528296296,197.04667357931862,382.04180655028017,-1.9228454512369546,-244.68001846898946,-27.248561291631155,-178.54496078511437,1.0
3138,-146.1663730193103,-136.94474330618704,64.80191436841736,-1.3228461387152501,-5.346453406568517,-232.38131451354997,-32.59732768566093,-186.17729983023347,1.0
3139,-207.92358000368228,-326.3922945788653,297.0619178522716,318.0131782271415,9.849836286802605,-248.05245309447494,-35.60847347554468,-201.59268797988116,1.0
3140,-136.42649424191032,-266.2315587320335,173.91420124119935,-72.64527152847107,6.263143856896186,-242.70816528418325,-39.8505204946337,-201.15452456927508,1.0
3141,-358.1113446671686,-440.3087911661208,394.3269144747404,372.58463927710966,10.203322715567875,-248.96119669005137,-34.66284919116415,-203.0511588917978,1.0
3142,134.25712560396587,-522.3586547999496,143.06323861815247,-277.7276644496722,5.756437606917902,-243.300663099843,-33.99812309018478,-194.4026985141686,1.0
3143,-317.21055139995104,79.07991674791415,-362.42364260721723,101.64735019566051,3.602947280189693,-241.58931060403884,-37.600821114373055,-195.05021209372626,1.0
3144,-72.45456336067693,235.32232463412333,-109.04021962953938,90.63465503252117,6.362324710064785,-250.7024507370091,-36.42542382499057,-197.29944784641748,1.0
3145,73.08713876449242,-14.934092223596807,-48.24911543355248,13.742726716711996,-1.1909978137630888,-245.62690856837006,-32.961199151356986,-185.5103320752177,1.0
3146,-342.82487334301044,209.42606083837876,66.5687125145397,286.340449488793,2.082680730908698,-233.80961468087767,-30.76295851026748,-188.65413025202292,1.0
3147,-194.03667090251489,-288.29923364881597,39.52516760541802,54.739800405762274,10.116895793066291,-251.40122909255578,-34.42610596275341,-200.45416496642014,1.0
3148,-267.03809571783785,-328.35545751614444,220.72243839301905,-145.720891418268,-0.1300324817189591,-239.24106835820788,-29.525080435173972,-196.4611934182298,1.0
3149,-178.07559433736512,-113.41366456008674,-134.58747017978573,450.0771630010849,-2.8653130492243704,-235.8433683049987,-32.14443778621972,-182.04531835328157,1.0
3150,-294.671711942545,-103.05432644375539,248.46395719182536,363.99165517962666,1.5058326327494949,-246.4844582153901,-31.973813830461168,-186.44415381801645,1.0
3151,-308.8393920009895,50.152241683485464,215.19672796922075,508.54532497946303,-5.131046935399826,-248.4786399633076,-31.28888050704873,-175.9474563317737,1.0
3152,170.07709502166887,-383.64886000458745,90.70029884025409,-274.740063632141,-14.450830559684205,-237.94778669377817,-21.45342231743438,-166.10238251654212,1.0
3153,-583.838109779514,249.1513638189643,-432.2991063488805,232.15630906467283,-2.3846658076994247,-246.58398122536713,-28.34331788874509,-185.14856863396446,1.0
3154,-361.3715485951059,-314.2156479441753,371.57354869777396,460.9212576859044,3.307174886943987,-252.75380722205355,-32.07596419095752,-193.3276030517865,1.0
3155,96.38091914253928,-431.98076734820273,491.2861913302846,-197.26275795399556,-17.64948084924275,-226.60917844225457,-22.329393476547942,-174.87931432156955,1.0
3156,-28.5042593967354,-29.43805775730692,-76.14205645319466,-167.2915494153265,7.072578278995205,-246.90297346412098,-37.82320392649819,-198.9171608875549,1.0
3157,-282.63357591057627,-246.5943015630777,223.7313289826086,258.2566678936144,-2.203698783011038,-244.64631761500883,-30.115893309787296,-180.35565718210995,1.0
3158,-187.4820490208183,-441.71870537357097,470.69020623878595,622.331850554963,2.267994713318643,-241.70713132308614,-31.838629470190547,-194.11527943378337,1.0
3159,-57.80667064905203,78.1447229146707,-122.41112628003346,-223.11827425284906,0.2951036951675017,-247.70219681286218,-34.51970349209862,-190.58275316478182,1.0
3160,-318.3652369787273,-87.83368434838911,-255.01438697318156,-89.09865663181637,-2.1291634849839407,-244.70306497738332,-33.9870007356168,-188.05053823889176,1.0
3161,-14.333261366554929,-330.2995630468666,-180.0356571261095,377.68284816656785,0.8882002125089725,-241.1359916466646,-33.52127416312366,-186.48455294722376,1.0
3162,-57.32575181541058,-223.1071941117149,-31.87779641714854,-5.750156782743909,6.915265313628768,-239.82045944045828,-32.8177553954208,-200.4060179897704,1.0
3163,-725.8248165407485,195.83321346888343,302.5416438731531,897.8795861645009,-0.3634535261498919,-243.82176661921375,-31.48821457743077,-188.68961802940402,1.0
3164,-162.00423937507685,-36.93023776818383,46.85572035595553,-14.130450542909001,7.199049038453676,-244.87134906987671,-38.02883853326854,-206.83630206144255,1.0
3165,-26.25875640662645,-582.2780490819371,377.02674147137895,120.80456315309904,-9.998474378329904,-241.11433477163195,-27.163604258814335,-170.26514866103938,1.0
3166,41.12323515773544,69.1453596979422,-266.0256827109311,256.20408105080014,-8.320833106998013,-242.79595447314924,-23.78325966719212,-170.7227688318672,1.0
3167,-346.5086192114581,397.4647496649808,-113.59998897447726,99.95259891169182,-1.046100165191036,-242.35088612554412,-31.38076102410819,-185.86740714891965,1.0
3168,-184.415593816467,172.0411253431775,-245.47926735570118,26.02315860783748,10.527027727872442,-248.7184135775037,-42.906925234209915,-203.3422836854271,1.0
3169,-123.80733421202387,-223.5497194717249,-219.50302525870234,494.6353161932601,6.613955466985909,-249.07027768795638,-37.21493713870901,-198.5378328170262,1.0
3170,-284.60574714540127,-303.7105801563795,-278.77297524470765,44.47684208168803,6.379500227117664,-244.15186173003266,-35.25627640363863,-194.14613409483934,1.0
3171,-240.16255998326326,10.62090326399774,291.7049884142375,635.6315340774765,-4.880908290078128,-244.7478474744809,-28.194613490610152,-184.72482496219442,1.0
3172,-299.6311647285446,156.9920824129488,45.317028281339546,151.37810899336102,4.749373885572901,-242.0003000934441,-32.29770778773689,-195.27091639087138,1.0
3173,-463.24815926036837,489.22481414361397,-74.45060755998352,326.24779697998304,-0.23229093943715773,-244.15149419960684,-34.05792794544505,-193.0825989220265,1.0
3174,-150.01232880727093,193.15426333270005,-79.30806984112455,4.684398991844585,6.354571496756345,-241.29272835459588,-38.12452826055658,-205.84844308023443,1.0
3175,-425.58162172286114,270.0028720451233,-576.9585588815113,-35.7388389878603,4.180155779927603,-251.0112552273573,-29.50066506325627,-190.7155248479195,1.0
3176,-566.3147464208666,922.3230677707276,-275.35128423329155,215.69164178689908,2.843310912009503,-248.67091607921304,-32.280586985765474,-189.07913877014997,1.0
3177,-306.5641570053482,-440.11136732663596,440.60471995129546,439.56951831770994,-7.042360984077204,-241.37373268738781,-27.33932130198008,-174.90669099947996,1.0
3178,-351.83767557779885,224.60231535428136,105.10239303539528,356.6343414670903,7.58579843352712,-249.9126556824448,-41.71969966584159,-205.62308240104034,1.0
3179,-247.53422942148697,5.140364407098064,120.84848933759471,258.22254734348087,-6.851885743030225,-245.9449014823836,-25.353459526835717,-170.63342741678213,1.0
3180,-239.23603282076033,-178.7228070843424,-72.15881270945424,219.64147731334373,3.9079913733836853,-242.9012578288037,-34.289090238134534,-186.745786227424,1.0
3181,-485.23280047308344,-21.537733478187214,294.67333930165705,549.6661571501975,-10.20533661689653,-235.71770953279417,-29.941467821765464,-186.6987034838236,1.0
3182,-276.7980448076361,-17.342733859441005,131.97872995806958,299.3614255208456,5.83095358323457,-248.49807472537276,-32.48099880643777,-188.9625457263826,1.0
3183,51.68374998741578,-619.6777200636805,159.76636813026346,178.19654925585425,23.29614858933289,-261.675998133556,-44.418804424183186,-227.54296530992758,1.0
3184,-559.7106819291962,297.28833120415294,-301.60171511795863,-99.2369066903485,10.297011228554437,-251.23581811833319,-30.953574682500008,-203.3098679395431,1.0
3185,-28.970351341015686,-404.151249321818,8.339547951903615,623.9528713059258,-1.1529201889235483,-245.1375044706891,-27.775789375286074,-188.7999126668316,1.0
3186,-157.45858376367258,227.94730064013416,-128.97683793742107,-85.88165400807584,6.136562551513456,-246.26451359181,-31.8980873642104,-197.24822205824105,1.0
3187,248.44155553846429,-880.9757170106493,-118.59373785587843,399.05504456866214,-2.4298508266830576,-245.19709835652114,-25.545898141756595,-181.45954066218408,1.0
3188,-256.380468359549,-61.69453160831283,107.86202603312822,178.5936510389532,-8.819160335760213,-252.79164859045525,-20.030000948317,-173.45142101759984,1.0
3189,-106.05214250477711,-332.35749479936203,102.06426477303512,145.00907116880674,1.7302320900914347,-245.30159410599586,-33.68573490464871,-182.20131482129833,1.0
3190,-119.57036580050251,-201.16244614962397,-50.52412831475665,-194.4336711972141,-7.893317414448886,-244.2331641305192,-25.27867806601972,-184.6412882277502,1.0
3191,-325.5162795748072,533.6662732596611,-91.8776140675138,376.3954881378785,8.478725006519408,-243.41429227520007,-38.312773520778954,-199.51112393908838,1.0
3192,-95.35136704170674,-361.34774824199616,301.0305040944048,315.1739062028483,-8.192583112661435,-242.51412959069805,-26.78379672908485,-182.34893546385092,1.0
3193,-213.6955501267081,225.57329616211973,-526.314061108391,288.07570188197093,-6.587202253817079,-237.21242548343642,-34.87630215675885,-166.92393659499655,1.0
3194,-73.1294324699694,-266.6412198957842,242.30896621854825,163.40759406691058,-16.664824787064738,-242.45031756022067,-24.371038296165754,-165.4973225736011,1.0
3195,-305.9825761173821,-366.78006741654247,448.11221273443033,543.9801401861577,5.695478373718125,-248.61521783213104,-28.63868074396141,-194.48435754060955,1.0
3196,40.36694820111819,-524.7215456507824,-55.62321007103315,197.54031759998222,3.3301701303327333,-238.84977988621293,-32.70004321692915,-195.9110133470259,1.0
3197,-456.42800812676694,-46.628558063066784,-135.4802586439315,305.0361874605285,16.031599539996805,-241.73796053740668,-43.38798207760634,-217.79570139241036,1.0
3198,-310.6075175439747,279.2491344875741,19.51336236696082,145.5469140162344,10.80071112529129,-246.16568453508833,-34.9677933747617,-208.9823054825739,1.0
3199,180.75171211450441,-524.6126472132097,274.3889889736288,-45.427757950463565,5.831089467994822,-244.71927140893942,-34.125512162544645,-198.4877836764569,1.0
3200,33.950051260525306,33.443863921647356,-480.4727863255989,234.04838729994464,18.17095029780926,-255.58251542479601,-41.69486486633187,-206.42423822596845,1.0
3201,-327.4872160021474,-26.909086049851982,125.49308202839731,100.45731913220388,-17.427811635186426,-234.2088595751474,-22.58384844325926,-154.35366576646928,1.0
3202,-499.98986010161894,-215.66723478835783,-382.66174179636874,61.88254521527756,4.4271424978097045,-239.8431296864622,-40.83956475603384,-207.1087341183823,1.0
3203,-47.92972227875445,-401.9690875381716,391.4365954749522,130.11011820323213,-10.858931086832452,-236.1117745594385,-26.795348947105005,-181.02275917594488,1.0
3204,-9.386412437479175,-8.563768105741332,-174.1900891454721,92.64507356154797,-1.8388751858910406,-247.22658770663216,-26.264771965117294,-180.30858637129666,1.0
3205,-180.98463964075654,-314.466823942456,-318.6738840249464,230.57151964341705,7.34217186171767,-255.56112353198972,-32.83797064086391,-203.45973824281214,1.0
3206,-332.7547314919272,-274.89144588107683,241.15904130423948,209.6378996565837,15.622401170992193,-250.86087183838194,-37.293985851573424,-219.6819195586083,1.0
3207,-139.48633864637952,-370.37388946761,314.20390281699764,250.02793486613007,4.215994428466683,-248.2016107338758,-29.233116189907772,-190.87883792192412,1.0
3208,-455.35202498602666,382.5224092197662,-852.1365637819094,358.41099652540106,-18.193054170099252,-230.83558601722433,-23.036415762433464,-168.50593588356048,1.0
3209,-267.0430056757755,-70.69361576439246,-331.35267521595824,334.2624480553053,5.070992551311023,-246.52846632232178,-34.1753490248102,-186.00095524643328,1.0
3210,116.98035610902271,-102.76757952065742,31.10736273437631,-93.03227462599044,4.775136924234301,-235.65479106846314,-40.003411162733585,-208.17066987665297,1.0
3211,1.0718378458047795,-168.57012878471392,-278.08326573638715,65.68981686920516,2.825446186487551,-246.5099495665518,-33.02525492754463,-185.53447977156847,1.0
3212,-183.91681608698912,-381.0374228641007,358.89682796538625,401.2352151333294,4.418889460156398,-252.95542763643738,-31.137599724581733,-185.6193534489083,1.0
3213,-229.44060198864898,-96.20091415164114,101.262357354141,97.30903652099283,9.249154821466703,-255.85615065639644,-36.203510580700446,-197.17022890875407,1.0
3214,-351.31315927204815,-21.80623667403094,245.21905719051418,443.4446723487383,-2.4730364953790085,-251.22718131870755,-31.29194001427102,-181.2592711780477,1.0
3215,-250.8781116017262,-24.382301365642324,57.202962119691534,21.669095486653656,5.6052252739525015,-237.88621354886192,-35.89280376273053,-201.49565807753868,1.0
3216,117.99563968332708,-258.33835153436735,14.777656159387288,-159.93644210898452,14.581896343504525,-248.1902927236996,-41.12649178206689,-207.43270420942042,1.0
3217,-340.1038917296942,281.06280940282755,20.859578853479064,318.7749716862105,2.6669174519396837,-249.76598535841393,-31.353836936750607,-182.5835420197053,1.0
3218,-414.4538433541797,141.3008221284543,18.199820175740467,82.61509904573805,-0.6172205044944823,-244.8988415128787,-31.443423447765657,-180.52479025128466,1.0
3219,-290.1643242583239,295.6252731794018,-347.39168934916137,-201.18894359346356,-16.42094063460868,-231.83514371679212,-23.223044618714816,-173.31489351422096,1.0
3220,-53.07473082139329,39.891826813039756,61.47056893014842,82.79250531219319,5.444426493042201,-250.34191097698138,-31.783307694186654,-193.3603067138864,1.0
3221,-233.94338776218498,-168.3314765940413,-186.5610510464764,-23.1255263266392,-3.5178476371601075,-246.2888988580477,-29.918565737220018,-179.11968573074762,1.0
3222,24.64899089595032,-58.879902018455056,11.54487817498213,-12.702962281832054,-3.2928420138770003,-241.28088286763645,-31.21355458389126,-189.4679591857626,1.0
3223,-212.578906176089,-50.29340448278885,28.19031188257317,-49.12936754222641,-4.4199505598498,-249.4823323479573,-29.741244921387516,-178.61059325342495,1.0
3224,-228.90439795511145,-231.38564144656524,319.92649608824763,336.17854989699924,-0.16466178186185854,-242.97771166334948,-25.862367733733308,-181.6797388177498,1.0
3225,-121.32838906403069,-258.1312144727718,216.4951179812027,192.4854669109241,-1.5324424429738324,-242.3806865387941,-36.67294351471623,-186.95246748648165,1.0
3226,-33.39045702071961,-336.35827332873527,28.592394478312123,67.25690441146239,-2.314425435463989,-249.53516752868282,-25.27265061466176,-176.946149583077,1.0
3227,-82.39369956004079,-254.2696258154883,203.58662397927668,44.304368832495555,-1.2476364497036863,-238.77519483655266,-27.07365353557392,-179.02525503527528,1.0
3228,-77.90935491057809,-567.0733129480936,298.70496692811395,58.621647234723184,-2.3150381400590456,-242.9495962443566,-27.155695326030703,-177.9472012655556,1.0
3229,106.88198528268242,-318.96467011931435,-15.252274431430045,-304.35126744135516,8.523920943906816,-247.1199079765989,-36.38243044492078,-192.4965362824955,1.0
3230,-106.58895412542955,39.20676204372333,-195.3932065894385,-111.23982547271534,-4.305090643177952,-239.16358382083837,-33.76842456860403,-188.6849294651514,1.0
3231,191.2151769446617,-444.95294034491957,13.004673879286766,-430.8388192706005,19.38634741705909,-250.72311814043235,-42.97602373724017,-219.6147099745014,1.0
3232,-72.74741289752595,-373.6937682482887,240.12804845528942,28.71974115881677,1.0210659234696235,-238.9268681434973,-33.108129624195975,-196.5032919863563,1.0
3233,-241.58969876002777,-220.2180868843498,69.29513564659233,-51.365525739627046,10.010810140084127,-249.4960643818565,-37.150293437023606,-211.3024529367291,1.0
3234,-440.05653807697735,271.36246130534806,77.16812973029799,442.51975211256484,3.9448527227652153,-245.14376256970718,-33.05415019776296,-202.61655319147988,1.0
3235,-197.70792510880645,-277.93879901407416,210.7112154741412,78.1628356977591,5.49497951300979,-240.70263244409585,-31.634670004017437,-193.89115543538207,1.0
3236,-299.7679747514944,438.43486368036275,1.5996039614639246,368.66689045896146,-2.5492276781066265,-245.23890697766103,-26.49150290424306,-191.9461324276279,1.0
3237,-286.017390498681,-308.6277712449416,-275.3309790564687,232.05756312013034,0.42105857217156994,-234.129255203664,-39.16616710113745,-199.3297527307849,1.0
3238,-412.95573625761347,-470.00582383977303,-90.75026062713061,326.3086271874419,3.7038119626778916,-249.2849963740359,-37.28618246373167,-192.77724991228231,1.0
3239,-61.69728402456537,-727.1327477317385,186.58082006053084,306.74888343213604,-6.801506553972693,-241.87012484099472,-26.33278461799015,-177.33198223910338,1.0
3240,-118.92762156089931,-63.738198422031736,43.69636195158564,146.35142230052847,9.074498710366885,-239.053191393176,-40.641221103853255,-207.83407990585187,1.0
3241,-33.17954499062055,-86.34114870286697,-60.213062460132335,-197.82395622380955,-7.8115202993573085,-241.56429284832652,-30.072404080157675,-179.15863896268814,1.0
3242,-513.0152584183282,-388.51512949416065,129.05782120614333,121.52041701834972,2.35058277876119,-246.2522510461184,-34.29710505395482,-185.3719009432078,1.0
3243,-282.8163910052892,-408.833652234046,288.79370694829475,187.99266302576675,0.9460660823833587,-241.83580761216837,-31.870621606660226,-196.62560185104263,1.0
3244,-245.39825287453291,-20.3170830814543,217.9552903885433,457.50190944701717,-0.7683499171193062,-251.45120143986622,-30.225558183044633,-184.38935297721596,1.0
3245,-411.97441815451174,112.62141296302536,137.5656059548326,394.55220262761395,0.22346329481484994,-250.76981388703982,-24.138203680463064,-192.45840085068014,1.0
3246,-146.7993924073056,394.4584822722144,-556.1103385067302,391.4694364131649,-1.5515761139427213,-237.09677697363912,-31.38600138374179,-191.55027722068607,1.0
3247,-80.45104875483915,-611.4290834151294,-303.8342642702439,230.40475028273417,9.076979240907814,-249.90982489383794,-35.588489985368106,-197.99319057711145,1.0
3248,-87.95066085348311,354.3232002273182,-120.2518507450149,86.66231448229765,7.867948597304263,-255.3720608044046,-32.84185580474382,-201.29535297691288,1.0
3249,172.2733532582984,-313.8227511121184,153.71152158229515,53.031738812301384,13.602761671592216,-251.5903911871834,-40.86018165063446,-209.4541745320081,1.0
3250,-16.013539661735045,-307.42818796355715,135.66126475750596,-68.97469059175268,6.018301173574131,-237.84353983221666,-43.51206336372253,-202.34371907158734,1.0
3251,-167.2802179531216,-221.61630377943783,115.77136068868157,-79.41469536161651,-9.001701680730767,-241.3019798166137,-29.51430611019388,-168.13356057616951,1.0
3252,88.77712082177398,-748.3079560325958,398.59264080667555,106.20201722222595,1.2536760489129029,-245.9635815968841,-34.566426008557656,-183.98225974926532,1.0
3253,68.2618562370921,-119.44851667847848,-44.61954623820286,-179.91936955018,9.98427236682522,-255.01356925984393,-33.86686166080984,-196.0046406449847,1.0
3254,-320.8580086877441,262.13076323851294,-158.70490340452207,172.28869851495864,-2.474083309881093,-242.2153332720371,-29.89790201611595,-183.99611108468113,1.0
3255,-272.93318455826534,62.23741011771846,44.64328849930752,211.79295818526884,7.955999612637027,-242.83830333333228,-35.329624806417655,-198.19201341261925,1.0
3256,-342.12238610277694,-91.74910219770199,-409.5416679319304,269.0829857439725,7.315415300662727,-246.55139420057242,-38.4231679691849,-202.96272125098872,1.0
3257,-227.94902863125398,200.22481935640963,32.83742111040937,266.9534086771292,8.412319560402477,-247.6060963748809,-35.00941012843785,-201.69669167025035,1.0
3258,-342.31404575719665,-43.883393269781365,-139.7546682108653,280.6962109449099,0.6610691254629206,-239.97433048444557,-30.331175830482806,-195.01939855301544,1.0
3259,-65.71335179466163,-306.0376040498638,168.38564085283966,-15.39584106956049,-0.7500677443953123,-244.70282110996123,-32.78838619712883,-190.03563373255687,1.0
3260,-395.7698720606598,375.2347117825196,-317.8012294810542,183.9734839401727,9.156697136299297,-245.89829122749168,-34.19763569677168,-202.68725225566308,1.0
3261,79.92468828257432,-91.12899316113298,-259.00805478371063,255.81807756521354,1.9310665895023176,-255.95191600585605,-26.023045542825734,-191.85346147285776,1.0
3262,160.04133604646694,-457.38942742657065,83.44687184944402,286.9756238516031,5.295844456374113,-241.42200170800825,-40.145011228225115,-197.27393635710425,1.0
3263,-252.58287605126313,-60.55765776566474,-344.95472756894634,242.08659381693573,-2.7498154926945384,-239.82975637442567,-24.433816800653666,-178.91908329284482,1.0
3264,-133.9824689075325,-185.678140244433,12.968614770637178,55.65040644275445,-2.306103208381516,-235.55408194051495,-38.38032089876042,-191.82945483512376,1.0
3265,-286.7189441828665,139.42089352637942,-228.33281221180587,-145.89696860930906,5.35291134271783,-235.4047449781437,-39.563537102029535,-206.68241413768428,1.0
3266,158.30825775105112,-551.7093769121332,109.75202887791995,-287.4282035051754,5.624596009663313,-247.97100708596864,-40.1108754065192,-197.01859652118003,1.0
3267,-157.5986917510456,485.84558447363474,-142.3016680842647,26.612400872687036,-1.4179837328516536,-240.83535060317234,-29.54361674799805,-192.39036164461479,1.0
3268,175.29920194346212,-421.75362320330123,148.7437372766011,-70.27629123912563,-1.0742644738966316,-233.2091574702624,-40.93120316811357,-196.08944298752806,1.0
3269,-201.437504624944,-543.6089018610274,131.50614660952985,110.8567289815868,2.5179871834187715,-246.65265828093942,-32.84219406044613,-191.90100241328392,1.0
3270,-40.28768038046604,-241.05715222749402,156.59561895757236,215.20570722306482,-11.571975704820339,-235.3886647549387,-28.512277994775587,-173.55448645444264,1.0
3271,136.29053729912138,-525.5957154195614,239.701091833457,-4.0090385812848295,17.740793229843558,-241.7610187111822,-43.56663004171843,-220.0208694857773,1.0
3272,-344.2939614855395,148.11878659623125,45.6636787061788,254.81594994836735,18.967906417025468,-250.07950178400355,-41.72351783245419,-216.09759092687202,1.0
3273,417.17619059641464,-559.0913829214447,131.380984570165,108.18340083111863,4.028460022453828e-05,-240.7698155425767,-31.405709222340672,-190.58578951074088,1.0
3274,-6.625111090774238,-300.51319893258335,217.26581663359016,125.05921935867055,7.627076663290607,-253.8654355527342,-35.90907428446931,-188.9570648755597,1.0
3275,187.08231764151537,-478.8888778414782,176.23454023072358,-38.136279687066256,8.593180750208717,-245.74436164813017,-28.433584624023283,-197.67119474399118,1.0
3276,106.5512327091084,-683.4762715349453,361.39571022361474,195.30232936283267,-9.758472123061324,-233.82246578774175,-21.332214009079415,-182.50105349479168,1.0
3277,-270.4396589109974,-146.67942019443285,237.19363041356013,396.62586966166396,33.83161855533832,-278.4624234004978,-39.9415172307438,-219.8134301589972,1.0
3278,-76.17724821524106,30.827788926125255,-122.23056768065325,-262.2977654982815,-0.8723429193500942,-245.25932161831227,-33.44315067121267,-184.3277207352099,1.0
3279,-455.23024914314936,182.61925871828885,119.4946962756371,365.6159657994381,4.683817224123603,-244.8028262855009,-31.46529557030488,-167.80749353985505,1.0
3280,18.279598270642715,-579.853726331595,177.32435920287136,226.47465140061803,-0.16633393978993305,-246.69986069650935,-31.954515096636115,-191.38386060966,1.0
3281,-302.9255764196864,-402.8479867827844,379.3100008601344,430.8434008417325,-1.8479484822060095,-236.24692126241865,-26.67796826639127,-186.59111736919803,1.0
3282,117.845255205494,-535.9120521049073,-536.5695896074338,767.0524110258118,-1.6374425839722284,-237.7048580711402,-29.743761595417602,-191.51260508889314,1.0
3283,-189.491846938702,255.4944880113927,-86.21925467447204,175.7708215035922,-2.3023937660612073,-245.66701903351088,-30.47428746497013,-182.34602436271382,1.0
3284,-174.82382904470023,-154.84028000727136,197.35179081654942,116.60669302129216,6.490401699766686,-251.60574202370447,-29.53799071471878,-181.21054975652152,1.0
3285,-178.23184564027352,-200.31059943009612,215.9861778707548,265.30912680459033,-4.446237781914961,-241.56865315766245,-31.53554340882037,-181.16413335290758,1.0
3286,-304.3197390372329,-218.47565326723193,-237.88932676615704,249.63467050564293,3.2570556449999692,-250.69820274628773,-31.148835049731897,-184.25444258093137,1.0
3287,-296.51665695905376,-7.867886016822445,-269.13492847046774,245.57653641588752,3.470832024020318,-243.40455842599002,-28.889142026652152,-186.57545601451127,1.0
3288,-86.2338580589197,-68.42835415378994,92.15465961816848,48.4872610243289,-3.9322990193931284,-243.1153876951945,-28.006813782425965,-171.14771108673727,1.0
3289,-111.7717714578043,89.934471840736,-102.52519048422477,-295.2005723792587,8.697257806583082,-248.907460038067,-39.12368470619913,-207.75945774666658,1.0
3290,-47.520374512099295,-571.6091214657976,-207.2412680290357,440.7445813389993,-1.3149866731263948,-243.85233319725927,-28.469043030959824,-189.1730368475836,1.0
3291,-462.15042940302106,42.53986316298928,192.63457333049317,510.9090198014894,-14.78640639902105,-239.0351453709353,-23.588925758080396,-166.77458298793832,1.0
3292,-183.83165709655697,188.38261960572075,-324.2478513221156,167.3409391989194,1.5183854568974084,-247.29901376808542,-28.55741413290566,-187.77127859187226,1.0
3293,-257.37920021338357,26.72969180818987,-274.1594479244831,106.5246925183051,-4.291045757336231,-240.9720562847668,-29.89260964411666,-184.90783547425173,1.0
3294,-252.61672214184946,-221.06635881989004,-377.03671726589494,109.67260103726963,0.11993783551190806,-249.64965857627269,-28.71160382342714,-184.68402663215056,1.0
3295,-123.03396727035367,-208.90855004975845,216.00383906061847,182.2879846290326,4.799935191690588,-247.90174011541038,-31.708657870191317,-196.17845071795415,1.0
3296,-63.50107784669636,-1.9680720523604034,25.478971816539353,66.03627422761299,12.182296783305455,-246.02946546013467,-42.244324590299094,-205.13335920201746,1.0
3297,-440.98010608504643,53.541066860973444,-274.91436929762483,20.926909254867443,20.00211121841549,-247.23833983172636,-43.366034971632615,-216.96062553248302,1.0
3298,-2.3583462112919396,-364.9567622875816,145.58003745420226,-92.23301242148376,1.1924611194719865,-250.7411427853779,-30.458397428653083,-193.00372148373938,1.0
3299,-444.0286663874387,11.232892685379369,-517.6755841410031,199.73314482153347,-10.087025197481552,-241.60268617651505,-24.262552940301184,-173.13670667491976,1.0
3300,-110.53061478230207,95.15382594637049,-316.8796316887329,435.99857401680816,-1.169790646817178,-234.99860852685217,-34.09553929653094,-197.16458388509005,1.0
3301,-198.84547684855693,-322.04374403800335,-285.5229752913028,381.30527164990247,-4.6887363905800905,-235.55799776375048,-32.169590128813574,-184.02137336948311,1.0
3302,-268.755295854235,141.99825575053123,96.88903624848261,266.21152870933406,22.8515609053877,-249.03105035754015,-49.713763611053665,-222.6959230479383,1.0
3303,-321.2536697716064,209.9777602905998,47.10229751821275,318.9044905038279,-1.5407300601034883,-239.36769204817762,-31.027587261372076,-186.95531096539716,1.0
3304,37.2380080952315,-345.35504197197224,131.76601873894046,-118.19104001081784,1.1799313377267389,-245.87797469174058,-31.900554281097694,-179.3783231416148,1.0
3305,-169.01862691141588,163.7070114308417,-25.088401971175834,-6.18141349352328,12.934801373891487,-259.66512837098867,-40.2325162466349,-214.3972885186659,1.0
3306,-575.7622550608276,288.83849742864567,-758.7354368235317,271.52699510603463,14.894166654599866,-252.52482191460237,-34.91311091081276,-207.3974615025874,1.0
3307,86.34039226627306,-623.3122985384566,261.7533044257283,305.2675064939061,5.9957176121920766,-242.62539557467906,-34.58729239109407,-200.41368413496528,1.0
3308,28.201969727625077,-705.5961455766218,143.47794046838277,198.0115604726218,-5.055651985442087,-240.86390005928925,-25.522606492365973,-183.84965716880984,1.0
3309,-431.86241252816717,268.3095777809315,-22.473791749558924,125.52298025770803,0.2830385429566106,-232.48875102774673,-35.65535061193908,-187.86537857627803,1.0
3310,34.72661835630066,-248.48914467836423,55.39726847891062,138.80018546839557,-12.497178710952854,-234.2540545920619,-20.573629010859257,-174.5887061629254,1.0
3311,-88.57935287758748,-89.4519573067943,107.65099910186007,95.89510319467826,7.683507346806616,-253.60229513183373,-35.03995216234793,-196.0610769688263,1.0
3312,-184.40149345021243,-254.17160531868953,-335.22585481554364,486.0594466848309,-10.641799126192032,-237.90170169993175,-27.73296205051842,-179.44645798304163,1.0
3313,-5.873781104539688,-523.1353552043156,11.078406718059375,488.32438924274476,0.18539413532438564,-254.49685452350076,-19.97070205815306,-179.01542132786753,1.0
3314,-103.37847114942318,-270.87432512129794,189.22392672732536,230.2046690468688,-14.749035705178597,-234.01565563665403,-26.334177319922254,-161.0462125972663,1.0
3315,-95.69037928698937,5.920078972908005,-246.2331336557993,270.09565406110977,1.1826877464644416,-236.0729404938055,-29.16752019306576,-182.23912206847817,1.0
3316,-445.8167510104637,300.8763202132862,121.0335074375272,514.364069582137,-0.4605066717566144,-237.16024907408823,-29.4951819400413,-189.89196060556282,1.0
3317,-209.36012868769333,-199.43720091117387,60.451504141311084,-26.15065378731738,-6.80714446198108,-242.75308437859422,-30.459745613191693,-176.79464709387733,1.0
3318,-176.60167390260645,-348.97496508855414,-58.14210497594612,177.26291755823985,-5.542504986019351,-238.60536172364704,-30.88734669156927,-179.89203568680023,1.0
3319,-437.90749731313826,415.44388625937074,-295.16458366137,144.71237775915927,15.059309982442139,-256.01095323357345,-40.297175976693175,-204.54258560612988,1.0
3320,-433.0059170070241,21.85628845382923,-71.96246253048886,49.07834062764201,-1.2156857719304353,-237.08642412826674,-34.0573689547324,-181.8446654783628,1.0
3321,-400.076552574453,170.58217523001372,143.89694827249352,506.52235234791584,-17.679477039813232,-240.53071866921235,-19.17020623149251,-160.95626636039495,1.0
3322,-169.93216683992236,-222.64546857445126,-354.15633840050316,172.71834891016832,-4.027130660922756,-232.71908857373828,-36.308737135402545,-189.47812814746214,1.0
3323,-194.8418497094739,60.29514108863543,56.587376093801936,110.98001968923509,2.7222367943985866,-247.26134866245093,-33.25738349332286,-195.2490672123447,1.0
3324,-129.42953856274875,-251.03006267465844,-180.82087270702087,31.310108267601123,17.678184490613564,-250.71351556452373,-38.16872079398353,-207.96202812011506,1.0
3325,-499.8785837287677,-85.91050316665455,-44.998384733631426,6.8723956321427915,-13.643534760601566,-232.5149440728079,-26.637905416096558,-172.43817821197206,1.0
3326,-314.23767641114694,62.787595816428876,56.43526175018649,104.668019751476,-1.771792159104904,-239.1464904813028,-26.561718831724264,-195.06783547679566,1.0
3327,-37.07811983638747,-149.07104906888313,88.65069202575854,-148.11295979299496,1.7149877439213035,-249.87249753156232,-30.220913015121422,-188.9950074413461,1.0
3328,-361.5683144843295,64.99727861305055,120.98640496584122,-97.46970218401478,1.4418805400843733,-248.71047436074846,-32.843134046213294,-185.03989261775644,1.0
3329,-328.4266754998011,160.71551877304762,-215.6814996622077,46.012300949681475,-8.321203908650197,-239.87464986297334,-25.9130082413147,-175.69166170233993,1.0
3330,100.59173348434038,-157.84348970611404,-164.62971955670596,127.30505251301412,-7.380680695555091,-241.5290417509649,-20.46115519455411,-173.1261856853817,1.0
3331,85.13785393734845,-164.3760533509798,53.94428652522294,-84.61189881780417,-0.12388322681318442,-243.70423680165905,-32.860506989505545,-197.93704913073898,1.0
3332,-290.5243189410623,-103.2206236758419,180.34274521961288,174.73999387836335,-12.928139785451355,-231.3790514116758,-26.165117595833724,-172.25351705788938,1.0
3333,-304.52433361415865,-186.5614956388829,-152.8888217618366,90.28619245752215,-17.92100092785461,-221.5659851367286,-26.666268416516278,-182.0605393275656,1.0
3334,-392.4667229392561,318.7755834934623,-219.54625213459497,-53.19624014070814,-4.4920358263844165,-235.76834517758434,-28.787473285918377,-189.8906843690322,1.0
3335,-483.0262632566777,-61.6417276131782,-506.3208864522581,407.83179306876923,-19.597371565526988,-234.6093489882619,-23.27472659016499,-160.79031554235382,1.0
3336,-78.719761889239,-250.75191860466,115.36263431464424,-223.30390521775868,1.263639359505078,-247.97003912562525,-21.868641911660113,-178.11520788866562,1.0
3337,-107.25605676644432,-609.6467799931638,449.1705735203919,137.54482211365857,-2.6607283213549078,-238.67046142596394,-27.458251695768904,-188.7835927544546,1.0
3338,407.90354523342455,-1174.0617942722517,409.78695413744475,-296.90491078134636,7.087847304808325,-241.25209129165543,-33.66694611815833,-205.46858840315542,1.0
3339,-413.6890024621017,-2.442068589656743,113.9665849984234,100.6161105305097,5.536014275365973,-247.5403987640237,-33.035639225239514,-195.0508447834742,1.0
3340,-582.8037214480449,20.76481143456803,279.6991783699038,657.0358173329251,4.441746509983636,-244.25344340210322,-32.187801969401804,-193.51911419966137,1.0
3341,-8.582437729876634,-236.36767175732368,-218.3381975108444,89.9633525630254,-3.126187773917745,-247.18780518182945,-32.41367975992658,-183.40702686164514,1.0
3342,-226.97505619641495,42.35056322862878,78.99481336510586,152.4403570018302,-11.356671777312224,-227.33727411431238,-25.489929831917387,-174.49092038694528,1.0
3343,-179.1343237191255,54.72504023086171,-196.41107795008,172.9758458637186,6.502512334803044,-255.62703847954614,-27.474943673518418,-194.54506169999547,1.0
3344,-284.2457756311639,-572.8382774923899,192.9029243331048,57.72934870791815,1.1356292507488022,-247.3741207414737,-25.112545816156548,-176.38940888732398,1.0
3345,-232.75234154738965,-368.45799867239197,89.55081289627746,190.75605746349947,15.997109718728675,-245.67599833551643,-39.526135626459734,-220.53947964830564,1.0
3346,-228.1586886230761,168.83716766436723,120.5204109311293,359.78577683578675,-5.15272631422991,-245.29353096978602,-26.855690644458164,-181.2161637289949,1.0
3347,-10.186114041104432,-529.3561645022043,395.96632011745936,352.56406828349884,-11.182273489366205,-241.07256576322484,-23.063659951761306,-167.40570719240216,1.0
3348,-136.9453475990209,-5.265765109689524,104.49196854177025,205.76336991517002,-0.3955891525077022,-243.9377351089707,-33.32927369761133,-190.16453497995656,1.0
3349,-86.88126467843055,-95.70438002844057,110.06162917846352,213.16707085601624,-16.524248836260004,-232.413878724289,-21.945644020169556,-170.46920175344297,1.0
3350,-157.54019756366802,-198.3178373378194,-468.6330986780321,549.4083457051994,-11.948624719213495,-233.74456296987972,-26.549799445995525,-166.45012882632133,1.0
3351,110.10364883484223,-429.92603672960746,152.79706567055123,-183.74434762024345,8.819085951508491,-244.92796454161524,-36.13759892338721,-204.87352872031175,1.0
3352,96.83541889633318,-401.9070795893986,86.34968475600301,354.22599677998227,-0.8421629477967756,-239.77720041951073,-31.86646885724062,-185.45682378241304,1.0
3353,137.38121608281392,-390.6754776686671,199.0568047198197,43.44691064632406,25.690637314951758,-260.36988025555456,-45.35516577192492,-223.75627801470358,1.0
3354,166.03628616852183,-390.64292544041956,3.7728995496480344,-235.91474165543383,4.39992607236581,-247.32001013077158,-33.29428021587857,-192.19604659752858,1.0
3355,-86.87768137538777,-175.44302428465517,-632.9224270468337,290.7850439756225,-0.21974838666220298,-249.02284890552573,-34.690068545999026,-190.35259711462533,1.0
3356,-406.5388908316846,13.626437807258673,-550.6256839415405,-5.109515320808322,-10.633062213339176,-239.85860633580197,-22.79595059035243,-169.68833622269133,1.0
3357,-37.6726039810837,-664.6301451744087,289.2607221298328,48.80164313636095,4.996570031942845,-251.49843681039695,-36.86844881406237,-195.76567826548586,1.0
3358,-267.2827116232685,-389.19629215998526,277.3949711070248,239.25185437703317,5.898115632983412,-250.93371156714394,-31.47572877638314,-194.44700592901307,1.0
3359,140.6769602978359,-458.3496352744485,275.946826504949,82.33302029308338,-4.312032310651166,-230.71978786273198,-31.055597482004227,-180.32994670697627,1.0
3360,-508.7199747798653,598.3537609376905,-712.3719148638804,90.39861868617895,-4.738669760714848,-250.86499682195802,-25.61821937746594,-177.3521441824591,1.0
3361,-669.4726315350159,525.0444193460453,-850.818953644114,21.236855080815676,-7.889682635092825,-236.06975075611564,-23.67717547730232,-175.25192970469183,1.0
3362,-43.303297214756434,-245.51255249131518,-193.40375140012972,224.80216823936954,-15.920430967237962,-232.0176149913496,-22.99003710723904,-169.12256807853345,1.0
3363,86.0122370236395,-394.52906416997376,-363.1183784194669,214.5889029994247,11.454097192416121,-243.5978903048861,-41.19843427114442,-206.86625234349742,1.0
3364,214.97105540044896,-462.93986721181966,235.483396891043,-8.142753137269821,0.8559695820338395,-243.7525725551594,-30.431382903433164,-190.9902863731435,1.0
3365,-296.17294221851165,124.66749481893919,73.96648019225076,238.10725915163354,-12.518423030631928,-231.38293881299836,-28.19745071101907,-176.89620993367785,1.0
3366,-221.55275264546037,-128.82003614163864,37.841106395643024,-24.131656265182123,-6.833078810416245,-232.34822223585275,-32.433481660372,-188.6093507786275,1.0
3367,-159.47290703558335,-585.5865861886243,262.20741421228445,-27.309593426586233,0.31098091840011477,-241.7889229628411,-31.82379490713449,-190.99093274148544,1.0
3368,-319.64441767988393,262.6080908386615,-18.101093753032018,186.091177257687,-2.1889534485904996,-245.85983285713704,-32.666705265532634,-186.05791116642473,1.0
3369,-87.12306428254296,44.152546111598625,37.82890655604005,135.89802983053073,-2.601642846389891,-239.16731589533572,-25.633165326466056,-190.0154448176355,1.0
3370,-435.04823428796834,420.1374986121559,18.42883658998864,382.0876768948954,-7.9474916914179445,-242.71949584895623,-25.6912606050052,-174.21677595992324,1.0
3371,-48.66768627647136,-420.1788382715655,217.64343571700607,34.701746989958934,21.845831759096534,-260.8867061922405,-38.72847872099471,-213.89850279487004,1.0
3372,-151.37097371579299,-49.774797517681854,-230.31641602772473,-164.6910257778743,-1.425902072306454,-237.38618378955942,-30.754528486183535,-190.68213651313667,1.0
3373,-80.12635280633317,219.86642724380084,-385.07494805600965,3.6577456277676834,2.396275305131782,-243.7132469105731,-33.63908894074432,-195.70974969441372,1.0
3374,-230.03720962372304,-240.7176823058175,255.11802824272226,317.1638475478467,0.6600125157496886,-256.07809878659856,-30.324319227431157,-177.16602225955802,1.0
3375,-399.91610874103526,264.9896947830929,-54.75360194690744,260.4704351783921,-4.82314513398804,-241.59075167292661,-27.907478739234765,-177.86830917925022,1.0
3376,-99.22869551887948,-547.463391706705,159.57544303131675,78.03861373450135,-8.397343418941015,-233.08309102290139,-29.87591495534107,-174.95114399967412,1.0
3377,-408.5448648882519,-132.155520255309,259.6133147724833,380.59261786487,2.769260878529707,-241.32025079574694,-30.523368390583162,-190.63547465370223,1.0
3378,54.7158427535158,-209.06372749562493,-271.82716821750466,222.61908936906215,2.5971395376901554,-243.4547465255739,-33.23572812627906,-198.87608388673064,1.0
3379,-306.6910873937192,-205.6462341867655,207.9069035460292,248.85706930647777,-17.81295321859544,-236.09226562651122,-21.037378675818275,-165.4575678667794,1.0
3380,136.3319510203254,-822.9787741067446,382.5044053499202,-33.78262688823217,-6.3539890037665385,-236.43768694094294,-25.86778682187836,-189.49462804564075,1.0
3381,-363.89934756941267,194.18358891959602,80.48844307529507,320.0761036057564,15.847620089715619,-253.5308793331347,-34.291120160001256,-205.8220686919947,1.0
3382,-156.13907231019496,5.270927037297191,-437.79153347783506,304.7143848516031,9.239947938513744,-242.18915779629853,-37.306084242093824,-211.23779075268493,1.0
3383,-248.3593001163762,-74.49669415738373,79.57981367029498,66.91760157064289,0.9072430598664887,-256.9963887299237,-26.305278370259845,-183.9097148860522,1.0
3384,115.46476295623896,-149.94066181392785,-198.8695267833801,236.26785789152405,2.0559078805562585,-240.52770945109202,-35.08680485847095,-199.68013321977355,1.0
3385,-35.50405801025776,-120.4793572083692,30.772453548627986,-19.490784776314673,-0.07033592467101468,-239.83666453525618,-28.969381615997214,-182.38411771122412,1.0
3386,-345.4502256000558,-135.08125145051045,-107.13302741219934,498.4721810696094,12.423152400344106,-242.64207371060226,-40.669422881617145,-210.84401134602513,1.0
3387,118.7907250985087,-199.66320552526594,29.415029785000968,-94.09756901160252,12.114960330182305,-243.66632027954614,-34.85118059189762,-199.6767162586099,1.0
3388,-26.08983486339882,-2.9532920572972854,-33.3847130828663,-145.2379806610594,0.9591061499849439,-246.18907292749853,-26.494437478420934,-191.9906242127285,1.0
3389,-231.52654023253046,-115.22975204786397,-347.24045054874966,273.42462955931023,7.931284794812645,-255.94502777756202,-31.91330855048871,-201.33567927913654,1.0
3390,-200.5787649880661,118.12164534979956,-50.43637614395404,22.711759783265673,9.150920005006917,-240.63262560979283,-40.79583869150513,-202.51083299547847,1.0
3391,-50.00200997154478,-530.3436659804763,266.1613970088265,61.56798714773419,5.689519554753011,-234.94919967069953,-42.04006803304573,-211.00183161235736,1.0
3392,-352.736077823892,-212.1469798925398,1.6595647935689684,209.0654609677952,11.498549749276249,-253.32776390101404,-39.568945326374994,-201.05427162590578,1.0
3393,-455.53104766028116,460.51476597891536,-57.175565127805505,237.78169544620954,-6.988071240987773,-247.00083816961381,-17.529957146369945,-163.04249706636472,1.0
3394,-277.81644636048316,299.43353489245,-138.0682815081707,-9.161997198433468,10.003646698023326,-259.8130226677111,-35.723467356004086,-193.0782595413672,1.0
3395,-161.36695029464894,39.55874025692281,-545.3297381594025,134.8565174656554,-7.324760921738173,-245.62714549124894,-24.23029561283117,-169.80036655054894,1.0
3396,-152.984639874148,-408.1489432741873,330.6528706365709,340.2280837380217,-3.324881221742575,-235.6302416569006,-29.155529747775148,-190.16716724875863,1.0
3397,-203.03228359145416,-66.1545563333918,157.39512268196944,175.5111214011704,2.464635445354956,-247.45383011594205,-30.909797931669143,-187.22577835499445,1.0
3398,54.43908048660919,-352.9171104883584,197.524517284411,-40.17393228195707,-7.375848379996482,-237.836663480678,-28.122146151358677,-183.10572304469895,1.0
3399,-220.4933585056957,270.55959447748575,-52.90833496661587,131.59620752559758,7.890886776601623,-246.53554765893568,-39.750497028194204,-192.3055454418313,1.0
3400,-228.06263698101748,371.6189418794811,-535.6197720171824,260.1816088392245,3.3502430881810548,-241.7928671282597,-35.624885020884285,-195.3761344849666,1.0
3401,-241.4569472899337,-162.27061490052742,249.97913719691067,366.6764486049667,-3.4939283850640797,-236.00111989719107,-30.150436958273445,-187.2116924593637,1.0
3402,-173.25547803103117,-228.15757010467897,279.9664299509948,384.4408677794413,4.296337088344489,-248.25956935494764,-28.131380277926198,-186.16739130237323,1.0
3403,-252.76915202676395,38.476430771120704,159.19321082745986,309.0202647404624,2.5488696678791736,-252.93712199794763,-31.255371514292694,-195.6598529468489,1.0
3404,-306.1925086229228,-157.74667967367904,-343.6712965711179,126.10100191517175,-3.5534315662285563,-237.59626552426835,-28.88965229583632,-185.7520764134671,1.0
3405,-32.6033883022741,-200.18460550252905,146.94363017875457,192.46643644409573,-1.327920395156772,-238.58252153731482,-25.071735573294532,-184.17628014932637,1.0
3406,-191.2405812565747,-450.34570808482596,307.7777581470007,335.7295194901901,1.4487945460340073,-247.30347227276266,-35.813083460645686,-197.3748090894854,1.0
3407,-179.34200788401512,305.26689078838564,-88.6028587269307,21.635363012920173,-1.5495392341012653,-242.36506527793068,-30.86703493147849,-186.1877703393667,1.0
3408,-220.12626457750267,140.8997493070933,-467.7258179446161,136.5920801663552,11.038915800277195,-249.8761612592881,-39.23247009185719,-200.46649876371262,1.0
3409,-235.08022544770338,-325.2402269387561,247.33169337906992,231.28312996635216,14.364340154887422,-252.5834625993293,-34.94053654592968,-202.14136607499807,1.0
3410,-77.7888895752826,293.0167186664165,-415.70093892158127,119.4774878919852,15.959768661075705,-252.534795822762,-41.51143359777827,-215.34063320010353,1.0
3411,-162.06077750812835,274.0546566951506,-789.3240388734743,333.8590557232474,-21.167442418116256,-224.5858325475994,-22.2099613683027,-159.4278003432984,1.0
3412,113.49059137721342,-479.00041686001,-16.623480755158226,138.4198324408103,-4.247483400375614,-241.32893123176424,-35.253078786161275,-185.07273063517823,1.0
3413,107.6618220320797,-453.31226938916484,-416.7817129496307,568.0396726433536,9.994732247615273,-246.36862972683096,-43.33330187090884,-206.5685544567533,1.0
3414,-355.5829219140696,-25.80631740140533,-294.974456096877,477.82161074103186,7.36679736890018,-249.81065647619224,-31.326802082077187,-197.04521048387713,1.0
3415,-218.9681948136866,-51.52248048003993,156.86900156923534,361.72574107937356,15.543287966777974,-246.52677577714303,-46.08515877179252,-210.3219616427315,1.0
3416,-267.77485490009553,132.6049863341239,58.240762082137174,128.2980409588558,-3.3585128526685315,-242.78729097315403,-28.770724531403104,-178.6236429859433,1.0
3417,-217.3984185729191,-400.21574040287345,401.5568757505262,410.4906383845583,1.5181423336323527,-236.59972901763618,-32.23725179097058,-193.48040323272318,1.0
3418,-167.00640930085052,284.28455579003844,-90.67165545460534,-51.389711582125756,8.349340610495025,-254.6961295120454,-30.602941410100357,-195.1601281626126,1.0
3419,-734.1594863287883,-181.0314300801891,502.13019975461606,840.1230551890428,6.249291587702848,-249.15596609814665,-35.95354553849979,-191.92586980921803,1.0
3420,-373.4543899873627,-31.131833033109423,95.68364369354944,253.05754661336786,-1.0715330558931577,-244.47119268100047,-24.160166271941577,-181.39725883833177,1.0
3421,-494.1657797122657,-263.87863470600183,-201.27072866368803,-63.58315373355508,-7.478953441084695,-242.79474814692094,-23.7403017693339,-176.335253355373,1.0
3422,-89.80921726409,-677.2538782829106,486.35483752395476,358.6513716839158,-6.430343016753214,-236.41404786143613,-27.900190953687765,-189.81712247827062,1.0
3423,-220.77256884653175,-294.2266251552934,-159.54279179303208,414.7893735192974,7.120753796617573,-238.54268206258348,-36.65593278344126,-206.32157030855114,1.0
3424,-435.587298916402,534.3528198003753,-45.38001655869115,399.35332195035824,-19.245562707463186,-224.37704130722474,-28.716949210078393,-161.17529458349986,1.0
3425,-27.837026543451636,-402.47671886739244,-151.38258161832263,-6.654556817635315,3.5541493652817113,-238.04951424535494,-33.48386182604627,-200.1225148211806,1.0
3426,-63.881561658988005,212.64512207995182,11.252978160018024,110.61003143087922,-11.405883808801143,-243.8633362824113,-21.821599408058855,-174.98437873939736,1.0
3427,-76.57626468316782,-676.5097484246983,-121.75107450605137,123.28716574871366,2.718459943228996,-250.3958029788536,-31.329366596776786,-194.88586793320374,1.0
3428,-428.70590096751346,-80.86624913828071,-349.49312312362935,237.12075136375424,17.025648710434567,-249.6544767788109,-44.23486995871842,-212.9059260769079,1.0
3429,30.166612460104368,36.75781214694756,-44.682539593880755,-142.04369335776158,16.763133562180453,-248.96912582493326,-37.64556811335692,-210.95270446649275,1.0
3430,-230.05710049649917,46.49441530866434,59.07527789040918,224.88711999225362,7.9376484041924025,-242.93411337830966,-31.453840544930966,-206.3273273298866,1.0
3431,-135.24995941278388,-437.95118083091944,223.55596954726536,19.971871867513368,-7.294354514116783,-237.46454378930613,-27.73524145041282,-178.68082603838943,1.0
3432,-116.79382247605349,45.293762599426124,-399.05242059090637,56.98928602503055,2.652054186943925,-248.63712241493684,-38.08757360048704,-192.52099143281737,1.0
3433,-263.9625351097763,-391.2518907261923,-0.22530889034440005,594.0045573797154,3.9957249713569136,-252.80037774020087,-33.521665085657204,-194.97666702283522,1.0
3434,-120.91791568916351,-315.3549725465385,148.44970766524582,90.72887562340384,5.4902582899686605,-246.73473511380763,-35.37848755244197,-191.95257545668693,1.0
3435,-238.24740180452517,226.0517757294051,15.431670690705213,262.16650931780123,3.0338574685999795,-245.01000230498698,-32.71379511830253,-187.74759713460105,1.0
3436,-386.15185760444416,44.8452491701329,199.67598697394243,474.5725064964611,-0.05054650010696804,-240.15425423179983,-31.27544354044121,-196.95570034811388,1.0
3437,48.16792459825354,-431.601526876211,-256.2044807814532,2.2972790228406037,9.34792120923004,-241.114490519667,-38.73973297721175,-200.1287520803055,1.0
3438,-35.34550787954347,-526.5851115294495,351.62089934824314,213.7582662073714,-11.584840374787452,-232.2717664268189,-31.759158148088957,-180.88339184584703,1.0
3439,-169.43758573561433,-150.50775277533506,-77.37063692971057,239.77486439401505,5.273109541935366,-243.29863883585523,-32.789259327406604,-197.101027116429,1.0
3440,-14.354526330012995,67.9108289637964,-587.2075098727177,104.82874241427744,-1.2284480308790093,-244.18792307432346,-31.487699130207822,-194.8715915386148,1.0
3441,-230.3546364334562,-51.41773820597668,135.1372739543622,286.90019744880743,2.3439610261897665,-244.91854288819576,-34.51382134905851,-195.3848913818124,1.0
3442,-28.183493216210344,-509.68673064791733,278.6757026183459,161.68709314975163,8.990364653646473,-249.72609734939428,-38.09125038932139,-204.0054576097035,1.0
3443,-414.9615488060732,64.2586720133822,186.8380293420096,510.1649862445077,-1.8610364561221044,-242.38873112510188,-26.774804221090882,-187.01486189199656,1.0
3444,-106.66133586333069,-146.37452917900515,67.06648008526312,104.65910787648691,-4.152461025764363,-246.61233016242073,-28.136454026275093,-186.43086708777065,1.0
3445,-99.0817916249133,-409.25780482957015,-98.31765874787031,283.6086563426106,-3.1610413291237096,-243.0398129240098,-27.40684818349674,-181.11372224966408,1.0
3446,-59.38491803267012,-25.449628896457032,20.91419319793775,33.51899407679686,6.217965344877767,-242.80893710579963,-31.429399590536192,-199.43641279705017,1.0
3447,-130.44642360958184,-344.14789812940734,-230.86127640676443,233.95847159746367,12.645160683945624,-246.48898041108936,-37.75620336783284,-206.35200223312333,1.0
3448,-136.36125830111885,-123.26936549893281,42.20014492473161,11.929233223949808,12.444864384728985,-251.96606466385262,-36.6727332588745,-200.0157640666373,1.0
3449,-279.63761141012407,-337.70062271362474,241.83728678465616,219.99261412816313,0.4452290513070678,-250.67571140160308,-32.64908907758411,-181.38640285647742,1.0
3450,221.70745755884317,-544.9813781050533,155.23937113657556,-287.91201928715907,10.588194439867827,-244.74086005196756,-37.280032553571935,-200.0829370842783,1.0
3451,-288.49238569509345,-257.8416719032823,-273.5483014446238,340.96565065063993,-5.030916870882762,-252.3891078136712,-25.03865943501735,-172.3493576283958,1.0
3452,-458.9133469367612,54.393524535364435,-512.1217495776882,274.320586434972,-7.515172958559283,-232.8080700602991,-24.382285075809072,-174.15441518126994,1.0
3453,155.5161660296136,-222.14565384129358,-91.44877766844456,217.54190100007511,-0.5406576524261324,-236.9293321498043,-35.43153519112511,-190.67004215282506,1.0
3454,51.34103035399193,-622.3369148494496,295.360040078186,3.7962297333109296,10.47660390011448,-252.2371141473811,-39.358874781221544,-191.4042206846689,1.0
3455,-220.52132710547642,258.1322124021226,-651.3619805604303,106.9728562438204,2.087202049156663,-241.7277258061929,-39.701060807480005,-183.5474330648414,1.0
3456,61.961695376790125,-877.6801301033869,449.5994597746569,145.60014122134734,-10.38484395946151,-230.30075965965665,-30.9753246562975,-178.24451193418932,1.0
3457,-192.7754552434873,-45.777289668539865,-255.91128337855773,377.50967663261054,0.3148155912991778,-244.4466496164643,-39.37466580379198,-197.45660215106756,1.0
3458,-127.34860306534132,-154.5803239102246,12.106843354492348,-254.54818596366206,7.835930962850869,-250.42008171761407,-31.989071141389857,-191.18819262410713,1.0
3459,-217.66227130107555,275.978901412792,-33.45547521158927,87.16433512022762,0.40646395315079886,-241.1394649631339,-33.82535364933517,-192.8259155727077,1.0
3460,-189.19793046210452,-378.58977795714895,208.13454422833456,-191.54768722761938,-1.1744962660473828,-239.5323320651686,-28.98418000846104,-185.80575404382125,1.0
3461,111.28941466580162,-598.9911062674041,265.0344899672847,86.76256844806448,7.901906848382725,-242.86388402417046,-33.79631875016029,-199.0179251253133,1.0
3462,70.6072986576796,-438.2826010307127,214.54354016708902,27.952491146386315,-11.433247596121452,-235.45365751744617,-29.23665472872742,-173.75546150073558,1.0
3463,61.46077706621327,-531.7407518562308,261.28256966123075,19.624964085296636,-3.003954551814954,-238.3017051215815,-32.346002020628404,-187.6843423463754,1.0
3464,-127.29578295429418,-348.81640039850674,357.42572493834723,482.54494484249955,-9.349022407825961,-238.0328604679879,-27.459343282711842,-179.41945301134785,1.0
3465,-46.419695096646095,-350.4175013890004,194.29269850927295,63.049097313278246,9.806263377822257,-249.43801700399342,-39.28126364277291,-196.87442252702766,1.0
3466,24.949897826194125,-381.0664038957072,100.80036293959118,-229.84177903912223,5.7633573557929845,-239.98573403220095,-36.3269431378442,-199.0872718974136,1.0
3467,166.3927133582262,-524.9144515635653,-376.1554432427642,308.0718361097557,14.388245757902737,-247.74499087126358,-40.13108805527433,-206.06291173750972,1.0
3468,-9.696648352982695,-201.06106265962413,-284.31209168498344,406.2222096296325,-6.168548284441086,-245.11871722948288,-26.994773882333398,-175.21470019339313,1.0
3469,-199.73482970575208,-142.807914794042,145.9851697714987,90.26629909657822,-3.3608467798686554,-245.91908927237918,-35.3005490318877,-185.85098057673682,1.0
3470,19.275924620309183,-552.3916937079489,-18.401476353106005,244.10410437231528,9.444706058660563,-241.86098793268863,-43.40588409467986,-199.15401935797377,1.0
3471,181.76101310138898,59.62060148284727,-221.13322038374784,-11.16495738451604,10.035094994212868,-247.03911951648334,-40.59327317909941,-192.52702133867854,1.0
3472,-144.96264808967092,-575.3987503229793,135.146699889179,174.16404143096008,4.799159397044951,-237.58111340577096,-33.49378154442934,-194.5483456657965,1.0
3473,-49.52450473256291,-183.09223739306995,129.3222108698866,108.07480622024275,-6.718163672287429,-245.5428552890047,-29.05482944114825,-169.9855892207207,1.0
3474,-3.871914571266477,-360.46845018150367,-111.03095330582602,201.68243338277057,7.990500898263423,-243.33782646085177,-37.091218657796595,-203.5152940680809,1.0
3475,-202.69616464860428,-178.11915633434637,135.0286979958192,16.30105305222751,-4.729361988507299,-246.4783130335699,-24.215742567550294,-181.27012775271302,1.0
3476,-494.4277298626083,61.05464572452672,-229.7824098140913,126.92492876366053,-8.291447632373279,-241.06179936699877,-29.271786625821942,-174.53564095692005,1.0
3477,-302.23571957746566,-245.10650549347025,207.04973632554973,258.49568197077684,0.8348770279983393,-241.99562110270475,-41.725717236257516,-202.4035628254493,1.0
3478,-92.25887681517162,127.47437121150634,-92.20605252694587,-44.89241273415381,1.4388493777125835,-238.35279953212316,-38.59291307187486,-193.97000793026078,1.0
3479,-376.24719069763694,-224.85270178473561,348.83405005162246,407.40381873792995,-7.182401843035418,-245.09828564610652,-27.80445247569286,-173.50674898398032,1.0
3480,35.836658618085295,-186.37439881092135,-413.6611409091997,140.0956131682002,7.160240645824095,-245.66706926088517,-34.8417444286201,-197.3945498594707,1.0
3481,-243.66482966060298,76.18782642360688,-480.3714448624321,702.9418080379512,5.43824431182028,-244.4089031415259,-36.31979997471825,-200.31535630061398,1.0
3482,-286.1854197183113,-585.9941668629012,315.6580921169763,18.74404698629968,-6.440653088371098,-238.45208532667388,-28.415744168434173,-183.47553448439865,1.0
3483,-154.89317108001293,-152.18271980355013,-153.46547466963082,-39.340928660541266,0.4210286205151844,-233.3660612452398,-32.778301276754576,-186.3619057339822,1.0
3484,16.995037780039812,-176.59983941732273,-189.25080635402506,191.26568453452143,-1.9932380538792414,-242.55520806667835,-29.47181913767508,-183.4904835895698,1.0
3485,-71.27954127445749,57.04736748023831,85.26944614739851,129.78292003909303,-2.809685605250534,-254.06784670608366,-27.13383260013162,-174.80460247094618,1.0
3486,-562.4153878867664,-91.73936388117532,-192.82868664977494,273.5497577851511,-10.516859015950798,-237.70225527505903,-23.279798169504495,-174.08935193174742,1.0
3487,-153.87551729854002,-135.14453044480996,128.32520054790484,-116.77369681740939,0.37124347663677015,-244.47342252443354,-28.634930320493545,-188.79881934390724,1.0
3488,-122.98883797330076,80.41535466940518,58.676655208046036,66.37853543679407,-7.222995746700429,-233.963988527779,-26.219873242743123,-179.78828124717685,1.0
3489,81.8066463424028,-784.8744241418261,442.0736159743203,112.72599401547075,-7.29171944865614,-238.54386800079604,-28.303668031396533,-179.75591328139092,1.0
3490,-473.06329653734036,185.22452954096863,-518.3709161898802,313.9641013894113,11.037330753246527,-247.89812743875243,-34.62205492230921,-198.5475093567464,1.0
3491,-121.3660150589275,-279.80620914812505,120.74649176006727,251.7711214364632,8.20302056697636,-251.33775014793028,-34.79308622872824,-194.90978353105984,1.0
3492,-92.24038409340535,-434.2158878664209,85.9270508820154,313.6606929312716,-2.200689735788465,-253.86992432881976,-29.273430689289526,-189.09286188723198,1.0
3493,136.97730987571535,-181.41864441493314,70.83144786470812,-89.35683807333521,-3.81192544622996,-236.6830746314855,-30.590453585359004,-177.70877869844588,1.0
3494,-477.0920034653404,2.0486974351028975,123.32553386465665,68.53448134458422,8.814124146033066,-244.00991600160575,-36.20082889748086,-201.46992223223512,1.0
3495,-331.0831645097039,-305.30905073925163,312.902590430469,513.2321172735299,6.364854206709269,-247.7380258625375,-31.615753228281086,-195.77038425796925,1.0
3496,-277.39560016778404,-145.40412191736522,161.436267114676,273.9016051559309,10.384532683232592,-254.75365656752442,-41.57667621643744,-200.70634515374275,1.0
3497,-127.1801834019772,103.33363918589625,-537.8436419079611,228.39822766934904,-9.97222091515366,-238.70659723033887,-22.952545230042453,-173.15546338961707,1.0
3498,81.73115322585835,-241.96800211115539,105.19547658644343,74.16678736902135,-1.0869155474746286,-241.36987614123296,-31.190319307076898,-182.18102083093555,1.0
3499,-395.5899280662209,46.31180048257328,257.40209015932135,538.4645356923079,4.822890568228647,-234.29639824267807,-39.30507072573637,-197.5330767222415,1.0
3500,-272.7305176596012,410.9052180757608,-74.97720682156826,274.5972100981621,7.1890068903567546,-234.92376157412298,-39.62276949570034,-209.1650286866949,1.0
3501,16.681417753518033,-143.22169467192415,155.05597300368694,93.01133922225179,2.2074309297888774,-252.10088169489924,-32.82961363331583,-188.84689759652449,1.0
3502,-169.97321187095088,-540.7802365239944,304.53007184013796,351.65455732358356,2.0773014469302096,-243.1280708615486,-30.042750705664655,-184.87221357615937,1.0
3503,-188.85412179137168,319.27782331689235,31.389656938941535,274.4577647119455,8.6505240897643,-249.7376216196544,-32.36669662284751,-199.02813021644263,1.0
3504,19.17855546654632,-623.4126344804091,309.5731545358203,-63.1004597415707,6.556073332231764,-245.13103719323442,-39.99876577183123,-189.77960856848583,1.0
3505,-41.78255640261843,-214.39848501414795,10.060909075280499,379.2600567896274,-3.725570700358789,-239.7405515698076,-26.674721253980447,-183.59098419571004,1.0
3506,214.19899846077172,-237.37750070378095,-230.16086963350483,345.6446695706881,8.719743367879751,-240.92340927798472,-38.070301415328345,-199.10535397069614,1.0
3507,-234.51077744554775,183.36227198390276,-607.1680804894363,228.76159359176006,-9.540656768863629,-244.12906171774034,-24.702665971614326,-166.32704469001305,1.0
3508,-509.918644118377,-23.677199118452652,-361.40817221609996,110.35536815882736,-0.5743024663304339,-241.07949342924107,-28.043113891455697,-186.7841831885557,1.0
3509,-91.1945324250399,-13.547208275729862,0.0648999457281807,-129.8200176644779,10.296039172447614,-241.2008094985247,-38.594763138145964,-208.04230591137434,1.0
3510,-130.66261453187806,-558.8699571526005,356.4208750553656,220.68310125915502,6.530227858442327,-240.59267965640637,-37.5014821493517,-192.71523527165152,1.0
3511,-600.5222673498625,21.09274696739871,165.91004675871864,-238.50845569705746,-12.947232884196694,-238.5941093260558,-24.76120323734126,-177.224800873858,1.0
3512,-65.19783396262618,-217.1228752237615,-130.46090851534848,374.0948240077368,1.9327951338032279,-248.09263177419723,-32.53913608838231,-188.38312848670546,1.0
3513,-112.34719059221254,-620.913240481777,319.29311583541505,108.01415809568465,-17.37958035645341,-233.15102383794974,-24.248481322344155,-161.40770911194664,1.0
3514,-309.287565166277,-78.24942786347246,111.826372787834,137.92403412954422,-1.9614584520737175,-241.0017593548296,-30.58936227889284,-178.74084441827895,1.0
3515,-133.1678693812313,217.71126550011894,-123.38679436264881,302.4346762533419,-13.91548589594538,-228.27319474558496,-27.459596553116704,-181.48087708799346,1.0
3516,-241.8467615601095,297.0024782982773,-532.7302470272032,-21.339976869547982,2.09499568352442,-252.2272423414275,-26.538073328448167,-185.26664657033993,1.0
3517,-3.6311476961210065,-156.5185949101574,115.37654123011912,105.05736529953002,-13.922596948817887,-242.42376146281703,-22.420022012631183,-160.22676226928084,1.0
3518,-46.32053547295705,156.20121764131073,-232.22100341621575,-72.90670558551491,6.325404630072711,-245.3600632056747,-35.69526606652291,-211.58299347678218,1.0
3519,-59.4598635885049,-223.00819292386942,186.82141681805032,190.9473092812679,-2.961095511113159,-242.94402903188288,-32.96773991121219,-189.0768793802423,1.0
3520,117.72677643570768,-472.332101511911,-33.8677834038696,461.9750803839036,15.176140030944662,-248.96720983782478,-40.61424178734116,-210.59070664100426,1.0
3521,-224.42596471467243,-275.9870209093438,296.9052797826081,354.83558655579594,5.480131301217288,-239.04756101278883,-36.75606712108608,-201.2916177649931,1.0
3522,-266.79316958717,38.88780660609261,-81.76963073687017,115.3893024531029,9.93438275225234,-239.71355307407754,-36.50943354189951,-211.886191390743,1.0
3523,140.3618271447593,-754.1290198359626,-75.2906020046294,369.4403507877894,6.785935629676075,-245.4890137282815,-33.68015288825568,-206.1431204865071,1.0
3524,216.20332228135214,-253.64163159988604,-30.74358710548195,402.474780099753,1.0463483321200941,-243.55658566834208,-31.950717768169138,-192.797122024204,1.0
3525,-171.34855877746296,480.18638592006226,-233.41752501330134,-71.3571119358281,-19.94587931741428,-234.17768598532217,-20.453612840062803,-156.67840211711533,1.0
3526,-385.9756851942943,-417.050824809438,-32.27709253043196,272.0747172864877,0.9789968213851785,-241.73388915227997,-29.95035021306957,-191.60067821590562,1.0
3527,-196.9851659585526,-575.5355293600198,391.01207290506716,279.2529817327555,10.389716798700535,-247.28765120829053,-40.607548428318594,-209.86009488029134,1.0
3528,-381.2206982297941,-205.14435863964263,-238.6975327458287,340.4842059900155,3.979038225202588,-250.92523982433966,-30.884841324052346,-176.8780347204276,1.0
3529,-376.9172137656978,-279.3805855181445,258.4491469303682,285.27370372725227,5.303426991104942,-250.5046147405261,-36.64598508179053,-189.93143641603217,1.0
3530,452.4731819225126,-118.82898246028932,-320.27722510856313,330.4063156809628,3.4240932760636786,-245.14767612370738,-32.28764623365454,-185.8705195869938,1.0
3531,-329.81989014168295,219.37252851045105,-594.8918382138773,49.62797001467669,-9.898751882342784,-243.26835435196887,-25.024641577485028,-168.0649508062899,1.0
3532,-101.80957398877251,-380.8624273735686,331.63998901419507,267.9886257881068,8.61119671312188,-247.15924068019513,-40.118826054318156,-205.34806849208,1.0
3533,-209.58906709452467,315.4465367624268,-398.2134712078016,312.2071341284106,-6.336164768445374,-243.1335398296977,-27.29095172201177,-179.44486588248165,1.0
3534,-271.3355649566106,-146.80127885712767,-257.53396088228794,407.0291742658403,5.823952980834237,-245.14453975938656,-33.89428215265331,-204.0425445354825,1.0
3535,-358.03180903366956,-63.82845241252746,188.44573227734057,257.8187890512749,8.405191420803853,-249.72676395422954,-38.99844863599213,-197.90726206411958,1.0
3536,-214.4823756620517,-347.38466918780244,28.938684094113,205.0051163242966,8.487019793176813,-252.31332332294,-29.67537682452171,-185.62965791289562,1.0
3537,211.12631729409128,-345.1488754469106,50.3195073283798,-286.3873434732744,-4.378586914869284,-243.5530082043015,-30.82925318482356,-173.35571777906088,1.0
3538,-383.3026900948776,-254.8138466102074,240.0882416552058,328.32249875456574,-15.96539393092166,-231.9136282674565,-19.83729606418904,-161.56962191455054,1.0
3539,-148.07530996226515,-302.3991947684133,-14.264270741744989,-96.0806307795472,14.81311074969977,-257.3463556319049,-34.778897324888035,-202.19142113778068,1.0
3540,-395.4339230869653,-189.87035197106837,-125.24403889537436,254.4541348028524,18.301199472884406,-243.53802708824554,-39.80331479431466,-212.54605269465569,1.0
3541,-86.62939358667332,-204.08161906803235,168.27723801878133,169.3156253389636,2.22374797883662,-239.375935939025,-35.80551793798834,-202.38744635505526,1.0
3542,-142.89613371675452,-270.18042537154173,-390.00276001271385,328.97471097987994,-6.101635017009369,-250.37802040425566,-22.251527083132615,-173.08691293235333,1.0
3543,-94.39205084444279,-538.2389164855658,297.1392429961017,287.8552001980922,1.4470324310836626,-250.37335039192718,-31.59848265495158,-188.3558069285175,1.0
3544,-534.9565454841959,-18.91230016138028,-349.46526389971746,561.2132406958928,-0.18908990312413754,-244.09831510843955,-34.594221056924766,-175.70268024499816,1.0
3545,-17.668449381388605,-289.84578401291446,56.3657217590801,141.68927878597205,10.433470362710215,-238.25819336561744,-48.402805762652534,-213.84515999207207,1.0
3546,-383.0594546963193,186.71240630408903,-171.66936611076846,51.70095916152127,-9.666222124189048,-233.75183187104284,-31.294305354802933,-176.93550249762814,1.0
3547,263.9723772657671,-681.2823855955587,313.9573236541577,-87.15129428459987,-8.937619033434308,-241.42757304136182,-27.550429246910916,-176.20832840494245,1.0
3548,85.36172983106299,-339.1382345818423,122.15123414979922,-36.68007351091334,-5.256208075628667,-248.14496047803982,-24.707736093916076,-183.26426595717533,1.0
3549,-230.3213471781226,290.65514310345304,-554.9960847517671,-125.79472337083834,9.40212452724276,-238.66546935679133,-39.09032960474326,-206.01534639936486,1.0
3550,-140.17637618395722,-478.8072490157158,208.1478031589609,34.020936140098044,-1.1474647919154872,-246.89208363479636,-27.03337427778026,-193.05107691020552,1.0
3551,-197.8626864514386,-89.83284754227,27.48005982202699,-337.9262115883586,-8.457239600479411,-249.3830638256039,-19.065688500073378,-175.8024291260474,1.0
3552,-305.7160317109337,-234.28613864870522,233.1952152300514,227.88841607944548,-1.887723288676355,-233.8404005863879,-29.244178429906174,-189.85008841361065,1.0
3553,-44.63883367440273,-167.45795495878596,-44.36991150751697,185.9246841020846,3.6133882652125577,-244.9239333994091,-36.558596038144664,-200.0605178434723,1.0
3554,9.873450727234845,-368.6575129126186,44.25479204435141,167.92054352437847,3.184745322080402,-245.78851992212878,-30.67523164384017,-199.2201659290617,1.0
3555,-246.60284092342542,-31.1240627401109,179.90104684123008,357.8293611275061,-5.801271390253031,-236.87190773848462,-35.670275703855886,-189.31483173991487,1.0
3556,-159.71542965830233,-454.34301655276937,288.61336353571295,209.9087556765161,12.263068648633622,-247.11438950023316,-35.37622062586715,-215.04332665821238,1.0
3557,35.46334236376525,-489.7953911119236,330.03591768243473,112.1008161284653,7.047813120740222,-248.069028048308,-30.333229694171465,-199.62151818504168,1.0
3558,-358.714875653713,-0.983282426423493,221.70740638176517,422.2167101143716,-2.0463177131496484,-240.1372058430951,-29.858622840590556,-187.31378395972914,1.0
3559,-221.65758738812232,-192.25369202434425,150.6238826327671,-2.9586246996181176,1.5408116867105095,-241.18655789130528,-36.86672843130942,-203.7532994722814,1.0
3560,-167.19154251398857,-144.92976273269204,151.58385818073427,182.383617041158,7.628696105133121,-255.7489042044673,-30.535054180975138,-208.19785997584353,1.0
3561,-89.75444151113872,-328.5846632270783,-196.64235929072368,303.4294385127315,3.0165023313457486,-249.69763600542376,-28.605514071131637,-189.38146431304526,1.0
3562,191.82548324894844,-276.9254259877413,45.03137347537778,-270.45541986396455,-0.6653844792729162,-238.71830445072732,-28.488155960289443,-182.09030395905657,1.0
3563,76.15167555241081,-539.6717986997695,295.4946578901217,60.835662233121,-11.19070414692092,-229.86154785674165,-25.35730169876828,-172.10595082893522,1.0
3564,-95.36828611618053,-481.8773708882505,-0.4569194057796544,-96.80958392177597,2.1156275895654906,-239.5519166402009,-33.155134622719316,-186.83413066219734,1.0
3565,15.17636250200114,-408.9292079411294,152.09623824369663,-171.92839881638656,-11.604778133104887,-232.6440663945833,-30.277223619824998,-181.70943410939054,1.0
3566,-97.17791916183212,20.151391316849665,-531.5656704984718,277.7100840097208,-2.3105630904589014,-244.0041467849224,-26.25228418446082,-184.029965017128,1.0
3567,304.3362057611106,-628.0041577071328,100.63903205176547,313.1048385279952,6.843000129196063,-238.12418492979225,-38.85116431487757,-209.9938618327913,1.0
3568,-241.16332021259308,-411.74663919528143,-11.580012395656848,173.61939974910513,-5.262250758188883,-237.564268171981,-34.46234901079163,-186.96033735451684,1.0
3569,-105.4394391329319,-331.66927486880047,194.4324227204845,37.557262427138305,-8.301126422949446,-243.79997024470055,-19.846398006529817,-175.55243963368474,1.0
3570,-332.0229506835414,63.17032377657057,-210.85664631718265,136.24077425464674,-4.695445163480615,-241.87562957021808,-33.21003307040378,-184.44397095677772,1.0
3571,-260.99790261261325,-277.2496299198357,-218.77606896011326,174.51776290381446,-4.487265218461394,-240.87579117680406,-29.36763424976015,-185.05659592780728,1.0
3572,-426.52171470993056,178.1022415549559,-526.2236741676254,101.14712468693952,4.711515751091333,-246.98886590393906,-27.286837159706856,-191.950787409817,1.0
3573,-264.3943611073275,-452.1234493564611,58.45940808772858,263.0920197568476,2.7377688311803627,-249.53560923050156,-32.38669150431733,-195.18780663141177,1.0
3574,-152.85216516365273,-335.6917755936272,286.3831590502813,196.4398621726749,-7.645656853725539,-236.83008614122036,-27.877314054005726,-180.7498406056525,1.0
3575,-154.69378578969565,-568.893887708497,275.43095602628125,-17.916311732155865,6.763590504752323,-246.6016090234256,-37.67407057901007,-203.2843861993787,1.0
3576,-89.60338115114929,-529.7177228788422,310.3586313580755,75.96624640627077,9.184232603839481,-240.46036558431166,-41.1791231249959,-203.49418844976307,1.0
3577,-149.51656816320244,-514.8944734995844,335.86263487285794,180.78929480704724,13.22933238399481,-260.55984595534267,-33.089963238552826,-199.46592132192524,1.0
3578,54.299185565871696,-221.58967002185963,127.86785274678225,203.44633612548253,-0.3163419571103536,-236.0331581207779,-32.26014526065745,-187.79447536554792,1.0
3579,-424.4982059155243,235.46601306208984,-630.5523912669955,150.26634610350013,3.5845087302935648,-240.77571283073846,-34.087863556166766,-201.42112882953998,1.0
3580,-335.8660223806988,-25.202438643024006,-165.27463873087802,80.51870142854627,8.963800391831262,-250.0828345163065,-36.53899123940807,-189.34518690775607,1.0
3581,-127.66143414840533,-196.62976386727416,111.22054917071434,-7.334051044206147,9.385110097069465,-244.33930699248847,-38.5082814555723,-205.38725090472408,1.0
3582,-58.442651516314385,80.29897790772137,16.6643251398356,19.483821545034896,6.002679268200345,-242.85534720012907,-35.06291936718458,-199.37623203383086,1.0
3583,-22.759223885987833,138.84018450293647,-365.7908354944692,259.23797352286647,6.424231075583305,-245.03322950596214,-36.84297496436368,-203.95203355408168,1.0
3584,60.08432011363318,-500.630891878842,-108.92837627042427,205.5887990690029,3.039321766214491,-247.33561489333246,-30.484338634308475,-202.30554279226016,1.0
3585,-931.9558504513008,614.6378367014646,-773.2203305764364,-59.72549949660069,-11.878362924100209,-227.34583057894065,-24.692216239190373,-170.2219138906026,1.0
3586,-102.98075847995759,-63.63622727780894,125.07427772614,296.2564851372047,-3.74236270179913,-247.4288547566521,-25.87988933778304,-178.78984744919435,1.0
3587,-353.6490987636646,-4.909606147034662,157.20770198349805,325.47535496176397,4.081232944903553,-249.79040779362737,-31.80649091763227,-192.48256430200263,1.0
3588,-81.69763919374198,-470.2647639820834,225.38054061079796,227.54189413730498,5.476594610135867,-240.93133397350698,-39.57029519480812,-201.1173905655087,1.0
3589,160.45572099400064,-632.1795505428313,-360.0073955617451,349.206678472314,-6.915170039405398,-237.86087749073417,-31.97100197688569,-177.81202794658864,1.0
3590,-30.78407278740336,-87.62390343003537,71.18761146261436,43.81977825132013,2.0654312355771163,-244.2608551168357,-31.83866400477103,-198.20685740762406,1.0
3591,-287.3125004659728,174.53981498293487,-31.805362276723216,3.7199098570708244,3.9583563791415712,-242.96112290047486,-35.65975450668077,-205.27742582312905,1.0
3592,-189.89732430976446,139.11991779452632,50.83121167644489,312.8806212192873,14.143470141551889,-252.3312544010738,-38.247716682971536,-222.99987118095703,1.0
3593,-389.91139301729856,-82.38553377170395,117.36689953982302,-59.658836138771676,0.5382618659696047,-245.40306962043235,-30.977683759336628,-194.29260707868042,1.0
3594,-270.27039672641183,-2.674656890517646,-193.76640328934803,-137.02221888789148,-11.228522845623147,-240.0287104179235,-20.149614109476737,-170.39007888531722,1.0
3595,-397.16235782909035,277.91276085661144,128.24856617727073,571.5121685483588,-1.6949349054183709,-234.95453016659815,-35.08708882197355,-200.02349930247763,1.0
3596,-354.0105774199364,-76.46119471512306,104.54939706208157,150.72084748565265,-3.595028492008222,-235.56639675332627,-23.00658743101524,-187.24495499312013,1.0
3597,-68.75767864197738,38.3299740748972,-91.86021169656087,-246.1411167628738,5.269599328823036,-252.07586791622157,-32.48334093639359,-191.21368824825296,1.0
3598,45.65652970565268,-537.0564041851608,349.44952596347855,271.884843416232,3.439662277665387,-252.9380125808732,-31.930913037173962,-191.5743576527703,1.0
3599,136.99179828691453,-175.29896690788792,15.6505912203462,-213.00630305994991,-7.904727057270112,-242.9291218215986,-29.179974164570623,-178.171334460084,1.0
3600,66.39129335810172,-602.0665364302001,8.729795680042262,100.91731359684057,5.360741241439961,-254.17969010600322,-33.28639036656108,-191.61607813030537,1.0
3601,-22.920332962252044,73.40044914144576,-75.3355223145249,-119.57678401785378,2.2563923162988493,-247.67901884776035,-34.87797810228991,-195.0012011938196,1.0
3602,-24.073601788397813,-283.97146598597317,-47.4023018638158,-43.94456474571364,1.515724349843477,-244.3503097783793,-38.35896714708183,-197.60899165387096,1.0
3603,55.34978466209344,-73.31285507830209,-381.9035788178496,294.8662742090751,3.409943712592755,-239.26680613286305,-33.747786241685475,-190.21818319695697,1.0
3604,-122.37765257886942,18.58904275076847,153.61295958147846,371.6835509655732,-0.5655814725732959,-242.658284823505,-28.63582525732934,-189.18664484047446,1.0
3605,-167.82824045724794,-461.7023761764159,-252.2734385209862,615.9756041175077,1.0655856370559635,-239.25596796426487,-38.3419734632015,-193.72587940185062,1.0
3606,16.745311511775363,-141.09043729307075,66.63066480947985,8.157509334996194,-9.630910462024506,-243.07138278687606,-26.495200101764848,-185.3152481647473,1.0
3607,117.23852904260954,223.40463677761454,-327.3441216959836,141.98642389164053,13.297804478316563,-242.03985085999076,-35.333411695605854,-202.15224753760072,1.0
3608,127.07825787065067,-431.6130956949937,-25.80758392085678,234.38266323171462,1.0165083328396445,-232.622952942611,-34.87080039723987,-202.02178073132,1.0
3609,-325.6982597939678,-243.81996260497476,-6.878243129225492,-27.147898344642172,-2.7973857614174977,-238.70748067322273,-33.98817244476008,-174.4154383150288,1.0
3610,-224.64405843957516,-138.5304107896872,-0.7229210147007947,202.66519789307628,-7.7700487330304,-241.30452142593745,-24.926446750117933,-168.29036416614437,1.0
3611,-220.6729417018181,-115.20515394296748,-493.43096864309217,425.4395961010068,-1.5748080103189865,-241.29929524912114,-30.201497797224846,-185.30165859285506,1.0
3612,-223.59877142374847,-75.96635166000169,179.25662360716765,220.83712122416063,-7.73185152047262,-238.98175200921997,-28.686219542505448,-169.76973456323648,1.0
3613,151.86639019055144,-77.10562154787326,72.59701738791016,22.76829666813982,-1.2682670120225614,-240.3356376047922,-30.077404939916327,-190.6536000429603,1.0
3614,-43.574772212098914,8.301057366909625,-518.2621244375545,174.14725186394853,2.0698925461640485,-238.290107533664,-31.231925064386882,-195.77880563181043,1.0
3615,-274.85288275682814,-343.0455668929839,262.8908301870823,234.29876072541012,-4.284765961850763,-254.23478453475573,-25.57560760436434,-167.26593694275795,1.0
3616,-314.5890705735599,14.200785360807245,-649.7502798915566,311.6837971207225,-3.811886351130939,-239.17365654486304,-28.212226728043312,-179.72841608032877,1.0
3617,-157.88974367555946,-197.9549773282158,141.28839759674773,177.55806523214423,-10.393571029871902,-238.97416311453492,-25.478421531240755,-173.70203113399083,1.0
3618,21.39604094566785,12.257280682731242,-7.571190150952312,-127.68705019366848,2.709122979409717,-242.04265005413052,-37.429458763060595,-188.58293360247959,1.0
3619,-154.2965921820228,80.81022784310612,-536.2305884491485,232.75605620046025,18.011886013460526,-248.3789057678904,-41.76750946775723,-219.36296452881695,1.0
3620,-286.4754568774141,-171.50834586535674,203.799228712655,174.71732157204926,-1.8810903390404667,-238.9512387669831,-31.593600593457154,-182.98174118752206,1.0
3621,-437.8737278489571,-258.7698752888774,41.66711092648274,158.8831729005434,3.9133972626466282,-256.3895182929005,-27.225445474157084,-174.04652176252011,1.0
3622,0.8794594807908673,-640.0240326472943,160.90231903132195,377.0942986788269,14.19417477172938,-253.0371168882815,-37.645666866929574,-206.20068799459378,1.0
3623,-177.78149832513398,232.7362192779896,22.89554384729695,236.18498574075463,-1.020223501915853,-248.04129235601687,-29.718521990012515,-189.76280997023247,1.0
3624,-482.50020261497014,170.9631602812264,-698.3664922739587,-47.01251993285997,-3.6931248444926927,-246.31462309789296,-28.647822275275253,-173.53581306063109,1.0
3625,-265.2202506496682,96.85497968251676,182.05887982716675,440.5652833846675,10.174857911544139,-246.69854541768487,-42.28153736819785,-204.94773059569016,1.0
3626,333.55862066557626,-258.0476187303993,307.5168092749723,87.09699751582484,8.393501030375448,-251.34992345142365,-27.220201552719896,-188.50449729086003,1.0
3627,-40.56511989611899,-448.07462333606037,29.87440533718062,17.174022304530933,-4.951431161100582,-237.08254225872187,-26.95877875329169,-190.00109798783603,1.0
3628,70.50169344802191,-159.50708431330554,35.47125727305536,-196.42842012699492,1.1198469184534694,-245.49322269519737,-32.580871639412784,-197.9945727731309,1.0
3629,-264.335766064225,51.76139880860031,-69.3679764579902,-18.071628675866847,6.775599765488288,-248.4841930701886,-30.8340042758758,-203.28276143094828,1.0
3630,7.8960248602717,-284.3961125703173,124.94811670223424,-123.41501337913598,9.310460790524361,-252.54027217539493,-31.190831104764563,-195.73287357840266,1.0
3631,-6.448546313724468,-399.49759753886036,90.77743139558127,-210.4634343488112,-6.1739646485294095,-244.6484627641783,-33.438277480582165,-177.60581925647986,1.0
3632,-379.1697245770338,-190.95251382538973,308.76502983852487,394.264203020799,4.067512328852514,-247.2519114590996,-37.26823328523784,-201.23721450068211,1.0
3633,3.9845605629940772,-695.5622391540741,306.03984994659925,-65.10830082751502,6.457966621973882,-251.02572465369556,-30.817280434660216,-199.8577939904994,1.0
3634,-262.40933643503325,307.6814912279786,-22.787656746213415,256.78312084886016,-2.9942455828646626,-240.27117813242555,-32.08391956405028,-185.03775951371816,1.0
3635,-302.8286601866512,83.0079384524069,132.79657973041438,352.6409463834094,-3.519883794824116,-238.1339110735504,-31.912162536652176,-178.6477846870139,1.0
3636,-200.4826951003387,-414.7548761947639,63.90652910186865,163.76604035639636,-6.793720752729977,-233.45552039567534,-28.098883569987905,-180.82780134311545,1.0
3637,-27.975312959476284,-505.8457302040087,267.53819803526955,94.37691693128896,-8.324335854136462,-234.9096414847159,-33.02021601548905,-182.27693479578417,1.0
3638,-472.66000295307106,45.94004845776731,154.82208446318418,283.7323912378854,-8.46430870154945,-246.6007546007169,-23.508260243267003,-174.76487466231475,1.0
3639,-371.6520868246736,15.825983974026435,203.7642574916068,473.2166095381702,0.5085663780078512,-246.2530639735781,-28.898972564151418,-195.78000714844055,1.0
3640,-114.17924846636767,-489.33038772350307,-111.91515999718553,186.10718736535796,17.579845790674295,-258.0098811492109,-37.66445287926265,-215.54273017725416,1.0
3641,67.58865622854411,-588.8475755399102,-202.9404427143028,408.7788941581083,0.10986108297093122,-255.2616897958701,-26.27802891619377,-179.0964675310384,1.0
3642,-287.9156463290204,318.8288874399478,-248.76698162601792,-168.15990566403642,-5.750969512163708,-238.5868929243422,-31.02879349640114,-188.33521227953352,1.0
3643,-256.97292158190174,11.130304433385962,-47.91565567369218,-87.7619307075991,-11.894751675757398,-238.28249018662606,-25.10787075353193,-170.35511234548073,1.0
3644,-427.6639993111793,-0.7346309878317081,-65.03823165003405,336.4060819815129,1.0026000002373583,-240.8227554985331,-31.719946037848167,-193.3091293597957,1.0
3645,-442.5905406320573,235.6684404390162,-304.3960726421,-30.555386946858178,-0.5985352315708794,-243.46748486342207,-27.656419234521138,-184.3734268549583,1.0
3646,24.73313849299137,-719.7223095478879,-25.07484213977311,141.40074281927693,0.9277717365745489,-244.81239476886313,-28.204299448670614,-184.26908079100457,1.0
3647,-40.94339636992306,-656.9549558072671,320.3390536871696,-8.329142135263368,-9.66761254882066,-244.2921208462321,-31.058929293749646,-172.7851394665369,1.0
3648,-28.40720689527152,-335.8207092508811,-103.40269958168591,229.84612771790555,5.074744511219663,-244.70551553302977,-39.776289823913814,-201.86209503182752,1.0
3649,-218.97953883834037,231.94887886033467,-275.7616501569934,-33.142771118174544,-1.4322697464866065,-244.90623194934875,-32.624684169820085,-189.3472614944915,1.0
3650,-380.77294635218243,22.821540692689624,168.74436438002337,378.10132466083155,-4.320710789716892,-239.90038657528098,-30.876204605543357,-164.9334703651154,1.0
3651,383.07846755384367,-454.7950775855262,-61.981592703889,54.76583207534718,17.24871672132247,-251.3507150596323,-43.84175342353792,-213.68545820099982,1.0
3652,56.49757369665522,3.705178608102133,-222.03824464732196,32.60999555904183,-7.352948194723158,-236.32627101111476,-28.510172523383922,-181.98748698932891,1.0
3653,-102.23938523603013,-105.35997448793583,243.4366395703226,357.7525242523917,-1.9723798437142026,-245.12458814910107,-30.14807747488491,-186.90822872653854,1.0
3654,-220.33309836545803,25.544748217186996,-129.48157163798103,119.46425497760835,7.496411124762034,-246.7572990693342,-38.765629816042704,-205.68729332668588,1.0
3655,-317.8664913469359,-38.66639735254624,234.4067434128513,452.25093273151026,6.209377093391675,-251.71484166803427,-36.36196552935873,-204.51166128807662,1.0
3656,-197.93039371209414,-259.1584173147453,187.51451923186664,145.28552053454248,-1.8724078254894319,-241.7406244024798,-29.121831781294695,-184.3146595305384,1.0
3657,-186.1225805485091,-450.6595709780435,340.5601147983802,295.62602765683334,-2.9439568944655936,-233.68342529628924,-36.38832959656425,-197.32009728106118,1.0
3658,-76.82202786081015,-224.88378740611745,1.7293036943422768,194.2628239972424,9.835473061598528,-250.28827350614898,-40.67368406717888,-201.67467091751,1.0
3659,-184.1351726684657,-24.135903861205165,80.7051891689487,181.2878550884627,7.9548734096078535,-244.16911494358118,-36.42282183919705,-201.20194033651572,1.0
3660,38.12075341289616,172.56459406158098,-543.2812305903575,6.5273192995426665,-3.227547528957613,-233.51533325485804,-33.46139121933997,-189.04879992792777,1.0
3661,-200.2744298021252,-655.8752150373674,571.8942698071519,549.4498343422239,-6.454277063597716,-243.86269089546985,-28.88011433629916,-171.997058139378,1.0
3662,-126.63965452904635,-592.4211949328227,-403.19840693997895,126.86234208145197,-0.817369270813884,-246.41626987430357,-23.70128258921659,-176.826585956806,1.0
3663,-555.533105735227,-39.13583444358213,285.3934025863426,593.7069029772962,-11.023030884131028,-243.4877270513934,-27.71656697215968,-167.2716461036878,1.0
3664,-454.05633878300637,311.8148370753903,29.17936175995399,304.5276766512556,2.6781192020605293,-244.95186641643218,-41.06318342384431,-195.51278864776987,1.0
3665,-242.28848185458958,71.307490033863,-173.38612360932586,238.74185192268195,3.857440164850089,-239.11640152875802,-32.036891983967145,-201.7160158519727,1.0
3666,-326.26192265870264,-58.77950587480798,146.59254725701834,258.5056937919435,18.90110148557188,-255.53082353988577,-43.93439366909096,-215.64844914476197,1.0
3667,-89.59322252023995,59.89445153843156,-9.966955846332715,-17.08622658099155,-5.72044708448107,-246.24862754054993,-31.124983395852315,-180.6459752780744,1.0
3668,-256.0408084028484,-159.70648990089188,262.8031023444491,463.6962134879717,-6.5002649181386545,-235.01131502859153,-36.43071195027516,-192.30950835023881,1.0
3669,-148.85764762048038,89.40721671227507,90.38720715998821,219.2663587770137,0.48915891809788914,-247.84476952659043,-27.05273753055024,-192.38185480436294,1.0
3670,-452.2912069174553,200.49843973385194,37.43871565749395,159.78571185907435,-8.024238856217654,-234.64603840324227,-28.381078624342752,-179.1618167037077,1.0
3671,-473.64221034893416,-20.834939328892066,359.7971139689249,733.4033190205414,7.2722317540602095,-246.0330950360344,-36.97624239874831,-207.49724037364777,1.0
3672,51.631766679775026,-524.2039397932589,302.77929865563686,204.32697579130905,-7.497638989128971,-245.90557205726637,-24.80459085287607,-171.99562497746584,1.0
3673,-261.982984045335,108.48516954584699,-53.36827068676855,16.13981806402527,6.62024625132442,-249.72230581773348,-32.966470871262494,-197.58119388651775,1.0
3674,-48.461289463714216,-403.10614799320587,325.81952173196953,301.0078813402398,-13.054814890389988,-246.73059153987992,-19.23002538626324,-174.8087522668938,1.0
3675,-455.24924160129297,-98.05216948586813,205.4006561681123,339.0246296600721,-4.837181067774269,-232.38024156251112,-34.51139731963358,-189.59202554112375,1.0
3676,49.626566196699564,-395.9793957424506,295.2147250760491,170.110870566103,-5.238037138185682,-241.78661842257347,-26.867001078413782,-184.63609216902194,1.0
3677,-63.6776513470608,42.14053759483525,-303.04821725961483,173.9593661298465,18.993469763250975,-245.2859340344091,-42.487633945378086,-220.98400831617744,1.0
3678,88.47387466778333,-362.3411938304434,-416.98333587228376,139.9898781685956,-3.0716271876885193,-255.12812620378244,-21.4172518765902,-175.50496415134344,1.0
3679,-37.19276358846288,-706.5219469088084,147.06413419089253,48.91133096526688,8.423220210310348,-248.54730845292104,-38.756129220665976,-198.61346508138953,1.0
3680,-53.29000973245854,6.0070940098380765,102.79371832147608,122.74001216747249,-5.377025454640362,-248.64384218426846,-32.180144247578646,-181.88491522173956,1.0
3681,-19.56633049718628,155.02654500504192,-168.75949596357523,294.16828407320196,-1.472034446032302,-241.2375017803858,-29.069503306995585,-177.43173102604322,1.0
3682,-64.03934289562731,-345.4500682595138,268.87026699966265,218.19364634773436,-11.020622484544289,-235.70122366304307,-21.975477587470404,-162.91769334151022,1.0
3683,-92.43920514417674,-115.68649690765828,60.39489087557659,92.14143711804171,1.6766285664714151,-248.13928647169558,-36.15191425832096,-198.31289012528464,1.0
3684,398.80302778480643,-862.7032787909317,272.9608077777332,-212.53330599765826,0.8423545492641695,-245.72744795316058,-31.397211903876684,-187.99647935199107,1.0
3685,-221.27477361586813,241.42453840913328,-295.4010455370701,196.72324658479937,0.2838712278862162,-242.45975224931897,-28.53149751878283,-183.73518263241715,1.0
3686,-156.82038397126848,-312.0472965451854,440.2413886750643,692.8368062723637,-3.064367493386558,-241.01087593977908,-30.505588090372186,-184.46905154795525,1.0
3687,-269.6683941352088,-290.09079401267604,-75.58394105484652,91.91144276023829,12.95485237593987,-246.61247768083555,-36.61310473420575,-210.34526135214705,1.0
3688,-121.82799619980145,202.00817518862615,-92.03455494728736,-28.95692022288965,22.20799734753092,-261.72409177628646,-41.62721007578209,-220.18305565348967,1.0
3689,-75.01931029952425,-135.82624946432864,-39.19470149218958,247.3234126171039,-1.409756758240213,-247.55393263438927,-30.52461296277143,-186.7219654533214,1.0
3690,-208.14149697242712,-198.0224044421024,228.02538681027903,260.2638691512207,13.564010429433607,-242.06750014175552,-43.58973070574466,-217.61542043784232,1.0
3691,37.56212041625948,-145.80728213121938,35.89929467489439,-74.6381611855703,-5.666252175327788,-240.47064328402152,-29.995559541403328,-173.09261705574755,1.0
3692,-505.1274787926486,-1.5240486958968402,-314.08807771776344,107.44869666193723,4.170739075888382,-244.03421117622509,-35.38255825789012,-198.40570315968603,1.0
3693,-336.2654711987015,-110.6523870862072,-231.0983091461991,-212.50921344541726,4.236005922445951,-240.7327469750291,-37.643924302472136,-207.5298414395388,1.0
3694,98.93172373865617,-446.27544655798295,98.6477509210446,218.21253380263053,19.36373666819715,-260.73243976044404,-34.74917935029004,-212.5373488112235,1.0
3695,-456.0331570227243,-618.6633629262328,60.98692949575022,141.10345306960647,-13.37457766930705,-230.9012856839288,-25.84406490577491,-166.8967079858896,1.0
3696,-329.5851525131542,108.47389008564572,-210.19077254686542,67.05191964540427,0.810763046969109,-248.73072757775978,-25.665333665694288,-187.2539921767725,1.0
3697,-41.98928011733805,-413.01659622895437,406.8856479803193,465.9531733188029,-5.647877364650326,-233.15404703639294,-33.58675886107874,-186.44998133561785,1.0
3698,-15.84585856645402,-312.4824429680454,231.4742933305083,109.96589220974462,11.574375343831285,-241.80488938335802,-39.245504544306044,-199.7676558356836,1.0
3699,-222.72537555512085,-329.3954076563586,341.2871867711706,451.30384778868324,-0.24466542525816126,-240.60420639866695,-36.00098886608687,-193.03945371579084,1.0
3700,-170.9338129562711,-240.98132981741153,-252.60895257401867,147.8082928798166,-7.943061534602522,-236.9926823571281,-26.289481528416434,-185.8257858849764,1.0
3701,-429.8034547759215,142.83856143388078,-392.30504482489124,206.86276860036412,-0.06289099834473566,-244.4737144444134,-29.863212532816288,-183.092112715408,1.0
3702,-362.83150690277967,581.0906446914641,-131.80352987283163,158.1849825839782,-1.6954008890647003,-243.67108504614419,-27.099058925676793,-183.87601081294525,1.0
3703,-221.0864585447213,-93.00728992423882,52.10009452984572,-12.804008041383241,5.048002923517806,-250.10557622199448,-30.689627351381127,-204.35513972164284,1.0
3704,-207.56125679497063,18.306833850156544,191.18190314874363,463.1383332230146,-1.4720606424526905,-241.52504096972282,-32.00425854122508,-181.61077766904216,1.0
3705,-141.74998527980895,-263.2509935780195,195.49167148012617,17.242538496014692,-0.2309557256288659,-247.35812067426548,-28.749038434177002,-183.45569868187218,1.0
3706,-413.2237942320115,-401.0338771290578,-174.4889626285699,293.7496165185277,4.285995293381258,-242.8746774365671,-38.63160792818052,-198.70207457528548,1.0
3707,-60.034236611825456,-527.8017125831722,340.59429578254355,258.96116583679475,-3.6571321658676474,-239.53936440348153,-29.766385847843083,-178.33747739944977,1.0
3708,-153.85170780205445,-121.31577979675075,58.232522599869306,-91.0810234322744,9.031675888693865,-254.49701942527298,-32.97763560398908,-205.74529954068473,1.0
3709,22.811279062200995,-250.67555859200948,9.848574064111592,533.6882792440722,-1.5630541972034186,-244.14516535697024,-30.228913389928305,-181.79969839868295,1.0
3710,81.03815155605383,-549.6874911306827,398.0491353292266,185.48238098621013,6.57055611895376,-240.62770086627742,-34.864768988334845,-202.0980105379634,1.0
3711,-227.64917041541088,-496.340249653418,430.1170295669686,395.48764259022124,-2.0727465452811993,-249.11844197470714,-27.253940565616478,-176.42882556415435,1.0
3712,-185.37217569278403,-508.34334468419195,68.75165284624813,451.6389595804471,12.811601648122965,-241.782856989544,-43.670460620777256,-211.55860565793904,1.0
3713,248.5172798096817,-622.7857145962307,114.39447533780964,-374.7643565977592,15.023889450908044,-248.94868317836074,-43.33737361999376,-201.62146621694535,1.0
3714,-236.3651064531633,-457.88620711208614,304.0884573479639,62.79140725908354,-5.5066020325480975,-234.2166699486876,-28.8582271565173,-178.2647003392576,1.0
3715,5.30195192544598,-321.9281067262828,91.87038412791225,-100.2607667600369,-4.62222930353288,-243.60655426157126,-30.027547769736717,-189.2785085892372,1.0
3716,-161.94726614539817,15.390979278386752,-40.41741375733241,-86.84364214325169,0.1564778213874014,-239.13074105107157,-34.29567273940552,-204.39049995181648,1.0
3717,-149.07261390705497,216.043034674429,-108.26365479628328,-66.63862188668163,-9.416353490477997,-241.18021517669325,-22.2078204681372,-176.72307104774663,1.0
3718,-55.09029880377398,-479.06122309479156,355.25241760404873,235.98534379035573,15.784053576161948,-250.86754787484816,-34.86615050832036,-206.67602471312696,1.0
3719,-145.21637487109703,-483.21931159396104,285.1899935962792,227.56985627705055,-1.8403927069163588,-240.68155133419634,-39.71387224850106,-189.47303486075973,1.0
3720,-406.84584973905874,-7.8981459382865715,44.896190284498076,-194.55414427457538,4.201527629108181,-244.5071867299704,-33.848095758652605,-197.4072903602121,1.0
3721,-56.21575278532709,-416.22740248398776,-476.9424883258354,550.2305505211259,13.462185059091688,-248.74131653101892,-39.87119011656993,-210.45913163584396,1.0
3722,121.24496809977173,-313.044221387966,24.978792905499937,148.9211721686993,1.9677454030032333,-238.0607718225623,-35.96621457102343,-196.84231937471657,1.0
3723,-193.97697056118778,-218.33467306941392,120.59368508089159,41.81131499651827,5.275118628094003,-245.53607797452008,-32.575054985365995,-203.81237976343786,1.0
3724,-553.267895337466,542.7562523491282,-74.34315275951877,257.111546667816,0.29324698334342736,-234.7552968590704,-35.66181816475024,-202.47909995604786,1.0
3725,-564.3684470189078,-499.1256454222352,188.30077136264114,107.2997944641275,3.5717748604398163,-239.32214197875723,-35.54282149321483,-198.00832207159792,1.0
3726,-441.5378383773524,-50.114602083392754,-721.847449768379,211.72632554781728,-2.6337157642780817,-244.48003058483238,-25.83785102165949,-179.31582471327437,1.0
3727,-179.3438218113007,-128.86822095913416,5.042533251405068,418.14156938782895,8.767801740132182,-244.20235296967283,-37.97115151929796,-211.37981821656535,1.0
3728,-209.13034548811856,-390.4462361439681,293.55189587184674,209.3673645265872,2.4405029720568785,-235.29183728884803,-40.211588494031346,-199.86136932556516,1.0
3729,-474.59334187173374,121.46600001862433,88.61171607113803,364.6100453501439,-0.11141963150357737,-243.8060842195934,-34.50421382916353,-184.3667788295639,1.0
3730,-125.52293909580992,77.70562265380102,-83.55919403553183,-191.31516291677445,-3.978808508268113,-248.12629708709198,-24.508397561991394,-173.32292672968558,1.0
3731,33.56785439636241,69.76765397728903,-131.46481633299817,217.92172566682294,11.62800216736282,-250.8675466480596,-37.5095135426641,-212.61790397541242,1.0
3732,-400.27365718841173,170.2518676048189,-536.5052498504405,179.8083567319005,-5.793039751672497,-238.93798645376702,-32.32332245220954,-178.4895974356848,1.0
3733,4.47114923616263,-624.2552880479295,302.40592846537,-81.26510128545719,-6.029633109076984,-244.8717819088536,-25.04766095304167,-171.65699160043607,1.0
3734,289.78324991516786,-403.0282442787113,55.80389168276558,121.75970543843934,-4.472869085717744,-244.75352457831247,-24.57649300332977,-188.05298116288145,1.0
3735,-149.8871494379527,-444.3982274876886,-66.28601208111817,261.22490347731355,1.8995383628781353,-250.29548927809165,-27.110637158448213,-179.27671616340018,1.0
3736,-175.83047404843325,3.8072672018932163,63.384333047561405,-9.413628645363726,16.330696773186645,-250.60103107734054,-39.619698951724075,-208.02681495984916,1.0
3737,-121.77304140854552,-191.7969918598657,-9.55042896815701,72.58585826943248,7.474856948847105,-246.47549562735287,-35.32210382889065,-209.1845560986833,1.0
3738,-247.6159772231929,-61.41844998621772,-378.76493883955095,108.31674091752141,5.94216106025108,-251.38452874066175,-36.14849239032488,-187.32344084921303,1.0
3739,-81.71736291413727,-264.8718785679488,-301.1443644811037,29.49947645334714,-16.983274273049215,-225.75063558643026,-28.43208882687092,-180.01887816584227,1.0
3740,-327.7501495566496,-56.88009165021659,-389.53087350376694,109.5118222235671,9.302332244723187,-245.70643412519647,-41.948683470591945,-200.32911938865297,1.0
3741,-247.69572736136044,-176.2371725093735,-405.9166450228572,138.5776007108614,1.9741450229302084,-244.10005081251668,-30.808749537765053,-198.87760776514153,1.0
3742,-188.9232842450334,-142.83276717153504,181.8854997924722,324.29770111882925,0.712163777378559,-235.51235435506533,-37.217008280508736,-192.2463244337257,1.0
3743,-63.31567992634969,91.86021785089085,-52.98839542437821,-19.196833969647997,3.4808446212045667,-238.55191259858006,-39.741479381448,-196.61894283443965,1.0
3744,-131.99071884495305,-179.00697683826138,-52.62789231867426,-129.05350196023718,7.363088150005104,-252.1757806110346,-31.867491247057288,-196.71036406465925,1.0
3745,26.021366365052167,-553.9511308044625,508.3278507287057,-216.17492380430764,3.462640584833859,-239.94713739638237,-37.980872322455426,-190.83899425492754,1.0
3746,-108.46025121936644,-68.1653679269374,-185.46179749836767,370.3756023665579,-1.8700375390160189,-243.274638991962,-23.624043230741897,-186.86133102295216,1.0
3747,-254.7432232629624,-339.1192402702575,312.5679592634629,277.9651123292144,12.285287087923544,-246.63240097831545,-36.80580903093766,-202.24149131935349,1.0
3748,-327.38051500437825,-24.33986207099359,-104.8098510170581,185.08197249801088,-13.691278342687848,-241.6723324949751,-22.434106650041542,-171.39220656481385,1.0
3749,-9.092356253112666,-360.10201470351586,188.71318938108323,44.88649229947259,8.569880740077132,-253.8038654359352,-29.567200250287307,-195.7357965141473,1.0
3750,95.95514042962874,-806.8597614692499,560.4006158461212,293.63929664317436,6.51594951339935,-244.51342781090682,-42.32907712909439,-198.57700592193288,1.0
3751,-62.935107251547784,-326.166316520952,-190.9878280735366,520.2716545681975,0.16661222629761108,-245.1819489375573,-34.151515984465746,-202.6314937730351,1.0
3752,-253.13323265488688,-257.7722548077888,-38.28742222120345,233.51000236325018,13.073546645246562,-247.56644879188715,-36.724158151727764,-213.53778709210295,1.0
3753,-237.96877181901093,-83.16254010243932,225.5341826205854,425.73690748704,0.19986449288102504,-249.4702732390238,-28.269368725825224,-192.6935227743649,1.0
3754,-42.86061519162394,-234.82744261124412,118.99022825314948,9.446288775132384,9.006424224392134,-255.4254568431645,-30.76491065118326,-201.70581683917035,1.0
3755,-328.1490045333343,167.1569675712735,18.1138824465793,229.90990422031615,-0.40081909284962625,-248.52678324749726,-34.70406461268244,-174.8815128914886,1.0
3756,-7.71591369434792,-29.16925203216769,71.16608259566021,38.967761401324054,6.522235992521113,-241.41044802631677,-37.605282122734586,-203.6427947304185,1.0
3757,-250.05623724454983,454.43682589366114,-68.7142060968501,325.96538435072006,7.8810854911572195,-254.95365421885148,-30.752422470686824,-193.23529188936226,1.0
3758,-228.5797129534688,396.54340621236275,-147.22555452914338,40.96877542453896,6.878571038102606,-252.85938992329568,-34.321617769391466,-197.9052237960448,1.0
3759,-423.6909467582441,639.5074951491409,-81.10260585576299,389.3772178558565,-14.28732872631268,-231.50177395819452,-27.437768072489064,-169.652227385811,1.0
3760,-66.32076179821095,-209.01928452365067,52.815123453259915,-121.51823968167919,-3.1367084248152315,-241.70684269776538,-36.00311896738234,-188.4034172662439,1.0
3761,-207.91585182926391,-64.20064280301067,-104.99087944222238,-36.18730022218055,16.27335071621885,-257.51939457937885,-35.5298476817086,-200.87002672434932,1.0
3762,155.33631312690068,-256.7408451196551,101.73050409796022,-92.59541441819574,8.633004976796698,-250.4550292371422,-32.42484544474596,-189.24989556816874,1.0
3763,-200.82149143808516,17.766209787102703,78.05131602421407,-33.32170814741786,-5.591502269311204,-247.52777876095263,-27.97601992392281,-177.66833013760726,1.0
3764,413.43245424377227,-732.8939702065533,405.83090113854644,207.44681669424781,3.7344879645508455,-244.4188789792372,-32.36996080569002,-191.760444329878,1.0
3765,165.66007055332656,-95.89687735369893,-321.53960248843356,283.63916331678513,13.497546417251488,-253.89803960836772,-34.666946859691016,-199.31048296924348,1.0
3766,-319.86011024979155,4.349758585661334,-327.84273594314044,19.995785628596074,1.4400823156150004,-250.09886233650866,-31.774820083381766,-192.07976787398078,1.0
3767,67.99898600038591,-343.3572834801251,97.02827698219659,-177.8988319466535,-5.315878099493379,-245.43873140374575,-28.865678030890216,-188.9701259149414,1.0
3768,-406.9227730962794,33.717093533011756,-214.21342203504713,267.9293869045053,-5.126327453185416,-251.43603068305794,-19.417234936022275,-165.22484660432693,1.0
3769,-187.73478883256635,-441.0447301610023,272.8209827670789,-22.812010627555356,-2.561454582601435,-242.22326091906382,-26.798490867510377,-186.55560790201116,1.0
3770,-200.63733383159925,-539.0784305391536,-91.18802186895813,-65.11635757526304,2.5357296555353837,-242.63984801738985,-32.30055209627618,-182.73567477417828,1.0
3771,-243.75555947670983,117.8732525135325,36.09142016416384,103.69377251092273,-3.4883555474598635,-228.4233914865533,-35.38526592454131,-193.49219664684102,1.0
3772,-479.4400806165184,512.2784722563571,-541.3115140788702,-121.7894014355119,1.246412296254055,-249.5833219963354,-29.333406937210796,-188.9834323167109,1.0
3773,5.377435824426069,-242.170076795288,36.16155719933403,-245.76143765296172,-1.6050064642790427,-236.6785450637177,-37.36612306651052,-204.987623490686,1.0
3774,-407.78565876366787,-74.45784517984426,-273.20242070801146,40.891315618204274,-5.5323218887863135,-233.5799994952188,-27.07750894295634,-182.92400672550644,1.0
3775,-462.34366138990566,82.33099978608207,-499.6923060881042,147.52337186237864,-1.6125810769802404,-243.51857198040722,-27.778379516066636,-195.7039933867668,1.0
3776,-285.7940210243331,-253.10247925726947,-354.8537365189745,149.26074637420012,4.012561336492654,-248.12103736151286,-33.18596259180881,-188.85716216406874,1.0
3777,-357.1834309368551,-175.39844389874136,299.7557389542161,402.4782255421163,0.5201147216178318,-238.12800303921003,-34.050556565286364,-198.5012472741069,1.0
3778,-135.6989117049213,-476.4345566615278,287.95187540655587,193.17460008720238,5.407019847952617,-239.11883959618336,-33.50067238174059,-188.8918998661595,1.0
3779,-339.3361344483115,267.0457210324018,-77.77709719204692,94.0722373642698,4.713515260754689,-245.6442066469119,-30.708207950220658,-190.71167741586422,1.0
3780,-198.42657399440617,150.45067912911398,-32.15586289370811,95.88673513549388,-3.144371356922961,-245.69745445293088,-29.544202753412353,-181.8985017494955,1.0
3781,-254.11072496238071,-131.68251540167972,-240.71060751975386,112.72228223555108,10.78996392332832,-255.76857154043137,-36.09799048744579,-201.75314196942028,1.0
3782,-115.39483615094694,53.32403880152121,47.99911263474732,44.20818895618699,-17.0145992376114,-231.01286520511485,-21.34177451610217,-163.04278171456127,1.0
3783,-123.21266589545428,-149.3829617118513,159.00845358157136,172.1055356817294,-7.453674863841874,-238.06201757049502,-21.642893638637233,-178.46950571178803,1.0
3784,-163.18432731203166,-175.11190480260393,-91.84618444940426,218.39430332571322,7.537561018616613,-248.20872724272755,-34.00842762823939,-200.3346567666424,1.0
3785,-323.2385493600357,-217.25009577075554,-142.91717841819576,-38.23390197359598,-7.982051796919453,-244.65649093804348,-21.59138397141742,-177.55262317165716,1.0
3786,-290.92413233607857,-178.0236832074637,125.15265287719095,179.94574585705365,-4.92756216348332,-237.95063084557626,-30.789258458205428,-182.84509693523046,1.0
3787,-255.55655765255528,-186.3548662472501,142.10131987899584,34.11743438152974,16.38221043505533,-252.88116560766048,-39.05904929986486,-221.82533288530166,1.0
3788,-512.8465808761275,195.5931324714245,80.96759150047691,-54.89959709974133,20.276339046889344,-261.9631615620231,-41.685789305861896,-209.50009706539808,1.0
3789,16.183020251346726,-664.4203995272287,-76.70717092794219,367.06543375166905,-6.900888359434648,-236.95878974367392,-29.18830788456625,-176.74169615057116,1.0
3790,242.16053109264854,-833.3052573305896,378.0955532598596,29.419986474898565,2.6885265172982074,-237.8353424825449,-37.96506459944129,-201.99029571906877,1.0
3791,124.01034093021828,-73.58985739033714,-96.16141504365865,57.678278068503786,4.547040600655949,-249.20554943411173,-30.28404682932857,-193.46846748719415,1.0
3792,-253.07095708314532,-14.043870893125643,147.47876021447405,307.48248590556403,-9.791386747372767,-234.89042299364874,-29.159729944124564,-165.20206455378246,1.0
3793,-72.3368309521813,-163.7125811670669,167.08057953245483,195.80437557411184,10.347600628249346,-248.03122923093684,-37.871280108357865,-195.5314282340863,1.0
3794,-264.9035041450309,29.16188733096061,179.19614692094774,383.59520829096516,6.15723039635981,-245.88369819229436,-29.333894611056447,-194.73686513581768,1.0
3795,-157.9761772840788,-325.7334117804527,129.05939648814902,-207.81682152969978,-5.772819759240115,-234.94661801047758,-30.171273088987338,-182.28311273213134,1.0
3796,-70.80203836015166,-79.13725234298046,111.39095900745195,22.80833188304865,14.40971924884786,-246.98691985663768,-44.603971935422024,-221.1437006117471,1.0
3797,-321.5625360007718,166.0394624483103,-280.2031204830435,165.43615790912654,6.025796786272591,-242.96872383831555,-35.56843649784365,-197.06888345936738,1.0
3798,-124.95985209323001,-200.7264759404333,-152.92565926056497,358.0462021178165,11.050943015731994,-249.5087591307116,-32.761512702914104,-200.66506860839087,1.0
3799,-110.01962721172545,-481.82427145183533,234.21133309921228,-117.10617500906078,-3.5423818208415145,-234.2738975348315,-30.910606881350304,-173.30345368570616,1.0
3800,-244.6912917775565,-26.213333274764715,74.64055908402887,195.87363279593822,2.1544351950077045,-241.56515787771852,-33.01475940415672,-189.49082957808784,1.0
3801,-253.25925546164706,74.98449138604082,78.8803378642176,305.16828111549046,-5.919598699204922,-235.4448712280536,-28.898733828383207,-179.34192595072454,1.0
3802,-280.4009441315511,-33.14547293516152,-39.54820120929885,130.79485784786263,0.48798218163673124,-245.04991577168587,-29.13239905448738,-190.28050947135822,1.0
3803,-513.6168011801075,236.28217656583453,-643.4372053979997,313.1990317577708,6.854418192868923,-242.9301288838866,-40.11932546779876,-204.4336263948146,1.0
3804,-149.30238962617764,-235.91666027254786,-409.9821407198757,588.0251971053584,9.901399792759397,-245.70349968500753,-36.10712243227884,-203.9458541323935,1.0
3805,-74.34938391794708,-420.91397109412395,340.6589302414619,267.1530484238287,5.222496148559486,-251.2386984025017,-30.851102018466236,-191.12209453149842,1.0
3806,-117.55200599392622,315.2387424491112,-113.18740904009879,48.17529624803545,-3.4434227280954657,-235.23734407459435,-31.65724600137458,-185.7164633806577,1.0
3807,-274.27701790097944,-52.50481841120895,181.48807884648744,453.92080159982504,12.418677409466907,-246.57596044665942,-43.16152708365844,-207.95367804906164,1.0
3808,-112.259847647354,319.95605788996016,-118.3217059718404,15.598974362820739,3.1499820111350814,-255.06669439206306,-29.90381277232266,-192.03045046202507,1.0
3809,-411.6688831086017,325.0080748619044,-353.20186026323023,256.15579556641853,3.000741233189597,-250.26297609895101,-30.36296711744099,-196.87927030252288,1.0
3810,-54.464334983927245,-351.50781750964467,-92.9604063804108,242.48977177795942,-1.2945857808599008,-237.26290517209856,-32.34674769069341,-192.9954988968144,1.0
3811,256.19312971759274,-757.165175764033,364.92669407092404,50.621739552615,-1.0034593177100914,-244.47416628296978,-21.495250562368298,-184.4252266578226,1.0
3812,-41.05445608186831,-317.4009103379291,207.95498536356902,145.8139293153969,-1.721188887938641,-240.73602689482385,-24.955079431550963,-191.98110758519277,1.0
3813,-207.78173981133503,-225.22708072233036,-120.35479665260715,162.7691676561193,1.603082400731859,-241.72973796247663,-31.39872912595792,-185.67021666831172,1.0
3814,-708.9176129573655,527.9231925168356,-485.7430268934154,-106.66961844804375,2.363362540838878,-235.30799213866413,-31.850732579297016,-201.42689870621209,1.0
3815,-513.56203711962,246.0065922848552,102.32696154169858,324.70749400026875,4.89901572007016,-235.4564480256571,-38.18015017144189,-211.27684598629736,1.0
3816,-146.80902868753617,-8.213124851697406,3.7094534311419736,-203.4714137473055,5.184927877098108,-246.0744468447063,-34.5650951170902,-189.12027084161167,1.0
3817,-68.47995469145542,-425.95916382200744,300.17609109038824,201.65402858106796,11.761519416504118,-251.32492114872375,-34.68793162196632,-208.93292315984513,1.0
3818,-38.5518482249551,-70.30974152423744,24.835133207136995,-72.03106649669748,12.804149836028564,-245.2663002088042,-47.93922331225884,-213.82500980161217,1.0
3819,-142.67531173279323,-153.02631977731323,81.9620744411939,-29.67922725314196,15.52815592877687,-255.49613001979628,-39.995281796350035,-211.51207588609125,1.0
3820,-376.17552583001543,-319.26108554242035,-161.2469440173664,111.15504050151846,-1.9499152110452171,-251.4657789497231,-28.96467883168887,-180.9973898320368,1.0
3821,-207.01369042824368,-45.2146610341261,-165.1226622692344,-61.378246754335876,14.626169978262274,-242.75916716673268,-40.186119748314795,-208.518866706801,1.0
3822,44.15928930039077,-687.1693825839881,387.94055014423066,145.1715468622566,5.513611896478355,-245.9504444558245,-35.55180255832106,-200.23538719752395,1.0
3823,-69.62476740627046,-581.1413401760616,418.9022939736626,271.5527425130101,-2.4125798763945396,-242.45735442184497,-31.768820428780053,-183.6763612820677,1.0
3824,-73.59597892374815,-191.7957761874645,176.9171571717752,230.77197852219885,14.809350539346134,-251.2250546328151,-42.60379897936108,-210.50293521095722,1.0
3825,-117.74059145006042,-269.67703389267876,188.94899844207504,230.67750583108096,11.288059619182022,-248.01459459571754,-34.77636107015096,-208.7912070566289,1.0
3826,-464.4781208627867,163.42244451299726,160.86040389261606,499.00252612199,9.146419144558523,-243.20962951305077,-39.28151574858538,-199.5543647599194,1.0
3827,-335.7562521104781,-163.03364227292266,85.9429573711775,28.68002491665027,-8.543074719572754,-239.18916676139014,-27.503802390096826,-177.9011378617617,1.0
3828,-97.20430627839353,-92.20110335069003,140.44062053525178,257.96787676687717,-9.348538712977959,-229.1598201581331,-29.41430318387704,-173.01267829138447,1.0
3829,-233.69523495459697,-42.27417319968192,42.79154151264009,-86.50611427740222,5.552817481595738,-244.37061475216166,-31.032953176877104,-197.46177056137813,1.0
3830,-205.03959010978042,324.707537665152,-30.381921071031414,219.32349339600722,-6.04035528145192,-239.24072988251154,-26.96787246664123,-177.70696694361422,1.0
3831,-166.60672929017016,-40.882790051545335,1.515172192952896,-62.91654101742141,5.5737306742207995,-251.69956695715805,-32.44150007087807,-188.13955001534427,1.0
3832,-274.6389821153359,-146.52414576302405,-418.7176568237611,277.01609353556114,-7.338313835016136,-226.29389640031155,-30.4353345687559,-181.69352946646077,1.0
3833,-302.70306717072214,-325.34229054718594,47.43149606654362,53.947903779032266,-0.48048820839883866,-241.78998084217224,-31.72530519715964,-189.44901568040547,1.0
3834,-252.01652426655255,232.93573708906382,-5.654892891656571,146.58112771951275,13.118733734326954,-254.7292305704284,-46.20878545796909,-206.3506669657174,1.0
3835,-322.04346468707865,-204.03636934472905,-141.21870066379003,245.80996329553685,-6.349653022751174,-240.17643815899447,-27.805472422868206,-177.76038249911662,1.0
3836,-135.61337081847043,-276.3323354606227,-310.24144397453404,346.9515324562378,6.987193774457668,-252.88801530675025,-32.761717295282786,-202.97804242931576,1.0
3837,-88.00716969954672,-152.59590884467593,-27.761067389095274,199.26397911169934,-3.2648503265167257,-242.31279431478535,-26.341020470921393,-180.51001928477362,1.0
3838,169.9276214780864,-671.4906253472943,282.98073483614576,-150.54676144375262,4.418222440543094,-247.09433499202177,-41.938935758991775,-205.45456737341308,1.0
3839,-139.82931204910923,-327.9545112033309,202.58686422137586,32.035377884445616,-1.9390333689096986,-241.4619369935868,-29.419256130842275,-185.75350342332862,1.0
3840,-301.7663504584762,44.62760032310471,221.82349741189662,480.9143912642477,12.440576271596488,-243.7309107659986,-41.351642050295666,-205.48048288697487,1.0
3841,-320.78559055073754,71.55106070210233,-521.5698625433137,176.40248735066774,5.763828973262353,-250.79266168734455,-32.95963536636346,-196.19941283622828,1.0
3842,-74.21233967662731,17.414760162474007,-31.23931774962867,242.60047750456732,-16.735134127817336,-228.94973342770194,-26.219190126761603,-170.86638187432686,1.0
3843,-212.1955128012016,55.444706189664615,3.630932288552269,-101.00946374070557,-1.46646479123527,-246.96427285704877,-25.98058120746109,-178.90057970043077,1.0
3844,-280.26256220361375,-327.9317000903845,35.77300836226205,222.39333823550967,-1.4893037200464407,-231.96323246901164,-33.59127614347778,-197.9667793424472,1.0
3845,-373.2135266988586,-180.6219431990149,249.69934669660293,357.9722065483333,12.287056013857475,-255.1219492549346,-35.8799983610979,-197.15459780473893,1.0
3846,-34.684434291848845,-292.5773286019306,-37.151459451859736,-46.796137605287846,-3.433853135398768,-245.7916954190547,-25.699021466917486,-185.57668571733507,1.0
3847,-102.06055639722817,-321.2504049624867,323.23104297169635,-167.38158391816847,7.610459951422489,-246.37362583636636,-39.805857663648965,-206.87729430924688,1.0
3848,117.91199381078417,-198.982261610813,203.03109687138328,-0.29964959154824555,-6.817368571379329,-237.20672608399084,-25.52848006961067,-175.33254798681642,1.0
3849,34.956336403803334,-190.10826846295058,-512.012497820478,156.63916885158048,19.280744282718697,-251.17545510443227,-41.406103068133135,-214.28005844163891,1.0
3850,-18.99711006530156,-10.394917555181515,-0.5251061769976584,-10.62288626491219,-0.7306455459087069,-242.0702850138647,-33.6007867918545,-189.0888533417488,1.0
3851,-560.2980696489042,276.60104360305417,79.19233116301031,343.02058726589263,-6.138416815957463,-250.7540450736678,-23.3461594842212,-174.80451494521972,1.0
3852,-181.77435769819206,176.4229030135183,14.091200364015677,131.8920436419576,5.541113298342394,-242.87155279502574,-34.289051435223776,-192.15951041407942,1.0
3853,-233.05668278061256,-83.44189669995077,-422.1131475503225,154.86490654688086,-1.8614461595266008,-245.43836420327895,-30.559991165971173,-185.66168465795332,1.0
3854,12.464392615059694,-413.055212384662,173.37577758797562,140.92390012446714,3.754829712058265,-244.2111150997641,-36.34306562523878,-184.6275922079239,1.0
3855,43.74047886650985,154.3352420227262,-377.4798722483029,322.524675979189,11.970415488747026,-248.01239809012947,-37.270520940601884,-196.9543242221952,1.0
3856,-300.42175059637754,-296.7942366512877,74.8357411051177,-20.153848105437323,-9.102463822252808,-234.50670318712903,-28.069879139064152,-176.8580689960076,1.0
3857,-281.05949041484183,210.34362404926176,102.65506426856166,293.2205124512439,6.972006267895029,-244.54254553741592,-39.92384594513672,-200.8685714109335,1.0
3858,-91.40567073172421,-782.2462391418558,48.23696387151646,50.86718242082156,5.559601890734989,-248.87346629716507,-34.071149308316464,-196.08119687465415,1.0
3859,-91.74698032640582,-375.36154764078435,297.54155747118267,239.90058281293204,4.883714802518677,-240.71560210824893,-41.05554066024067,-198.24870634217962,1.0
3860,-284.5041539906882,-151.731681681752,186.68170050644065,197.5751792456431,-8.479363245355882,-243.3644553703188,-24.749155151161823,-172.82940463306417,1.0
3861,-83.87375534186799,-300.8923826534308,269.2847663063951,181.645403943125,13.141587810695901,-252.6689846372272,-41.64497887420559,-220.07134742641114,1.0
3862,150.75483493593276,-912.0449896906111,431.0389526631184,-64.1128180664507,-6.730565758549447,-241.38070024308456,-28.403938753807903,-184.46003556662177,1.0
3863,-351.237665288297,-238.8324620433827,-161.55262426643677,60.7240933537895,-11.649077741907709,-242.57248381490194,-22.737719278264567,-168.44149702328244,1.0
3864,-175.3558075325528,-156.91421731416847,-40.30712323470198,-38.249380585992895,12.345555519704586,-251.11402912360757,-38.23723379806619,-213.60385872878703,1.0
3865,-56.51698367284297,-113.26520041242752,-408.5944086731929,339.55333145971406,0.08454807401702091,-251.25693374564622,-27.651134723553476,-187.8535933924341,1.0
3866,-5.925271434349022,-213.8143770022476,-98.2877800343787,276.9526513694948,-4.892746038149571,-235.2956787060045,-30.68066600201453,-181.33494345726794,1.0
3867,-300.56588438199367,-149.6195152207493,-34.49846504481686,29.403386191515146,-9.891129610283853,-241.61298479142235,-22.95991332400331,-166.92978987333123,1.0
3868,-405.70795010128154,316.56260745094687,119.9443922353379,520.6259463153949,7.499914224207531,-240.09601877948776,-37.333480152140496,-211.77545757115803,1.0
3869,-131.85491751513516,-100.12632817998232,-110.6214899868811,59.74371225482757,5.396439445566968,-236.14555140512098,-35.3099213639344,-200.36107156975237,1.0
3870,-390.3066162961507,-62.73019517400401,-61.252979001458954,86.87314231823201,-0.06008193652379856,-238.47625016472836,-34.5815100148231,-188.38493496358197,1.0
3871,-2.0465626949834004,-400.8573702863516,-175.04149074774656,232.34291551163437,-6.900952845724964,-243.63910337748243,-26.295561171946062,-183.46723855801318,1.0
3872,-436.08051884983735,25.658851566637296,-625.3986687716286,253.58694554390678,-4.508063061191419,-234.0022745969707,-31.672980149634558,-189.8758928949453,1.0
3873,-265.1211033666857,328.9759233503396,-37.86209706704915,125.23340415905182,1.1994825672905252,-247.9610653489208,-28.59813324977841,-190.2868943643293,1.0
3874,-31.606389103225574,-349.2113131333424,-266.8712104388706,321.07385179402763,6.067828745585428,-239.69217553397803,-38.66872806087935,-198.53052406782163,1.0
3875,160.85327682141317,-193.39604094325918,4.191664784896587,-139.43635146002785,-6.851219112198453,-243.92985467259138,-23.180751308595134,-169.26532488557598,1.0
3876,-179.3163280261978,10.470522789441938,-140.35253829240423,59.79416069214136,-9.097204906465706,-242.728800422774,-26.624431424444655,-181.93841352524757,1.0
3877,70.77986345327116,-532.4435965493045,266.7757204675534,-11.394327395442527,10.814613752156026,-245.9021976475495,-38.07201218660439,-212.37195412383286,1.0
3878,-88.45609170678831,40.638218693907824,-446.86374642719835,240.5143588317939,-4.525243064259542,-240.91331124031746,-34.44480610972854,-193.12499973597622,1.0
3879,-249.17634337433933,9.445915448807462,-311.2210134256879,293.9786247540508,-3.493900978079977,-248.9224310365902,-27.880472377896847,-193.543635731365,1.0
3880,184.89330859432638,34.93016776374746,-129.27549385365413,171.05410004716396,2.8034356644890726,-242.71749883786907,-34.772232977815676,-194.82531631337548,1.0
3881,56.19385976205491,-357.71680212461223,292.95940732909907,190.32823961971718,-5.938169096194792,-238.23002637912253,-32.32492798121803,-184.91248766833374,1.0
3882,-107.28943662338037,-630.6499531959468,420.07094699432486,261.79988651000485,-7.414695542770019,-252.54872918165933,-18.332777953607625,-169.12106362874016,1.0
3883,-192.84976924915372,-32.85979666320502,-553.7614257603565,510.0639837692542,0.9357811634922074,-240.09204961612477,-35.62053968963432,-201.53281054256982,1.0
3884,-64.16387154148721,-417.5075574928975,549.2675251082503,-83.30896147000368,-2.794712064448623,-234.6918162626143,-34.402117999236324,-204.83963677012895,1.0
3885,-233.8530852413503,-31.178484280714436,-210.43772832629517,-77.86461552037376,3.984146355500269,-254.41351086265703,-33.743713014196196,-192.63123716883302,1.0
3886,-369.9693429884743,174.68829730547125,-6.333475817681089,168.82664377334564,-5.806185443321562,-239.29308429581403,-28.044075143524804,-179.40405550776904,1.0
3887,-260.5847876120924,-60.282249374652864,-584.1952980206319,-89.29816066442959,11.194219989847628,-250.67841761234746,-33.19268599555376,-206.80336453746966,1.0
3888,-250.17738204041314,-60.38022306561286,154.66301810937387,83.80201996712927,-12.332430453169101,-243.82912046939205,-25.936244474029383,-168.6338056357063,1.0
3889,-451.36719887160905,44.33450605641913,128.4074813441789,440.2960429915192,10.80224015316744,-252.78577499503803,-35.340375610102065,-208.03303116046956,1.0
3890,10.384932351406807,-382.2483726060263,-212.70890098869515,346.4185831386629,-16.051571069878644,-234.48254931801358,-26.544887541476676,-168.07382676219322,1.0
3891,-329.0815728721184,-375.37406565957315,-93.72245206940242,173.35457169518384,13.268311799525332,-257.9577050756006,-32.6993332643433,-208.84183397741154,1.0
3892,-129.19467495610024,-61.89322098451743,-250.3877513827119,161.46658702117597,5.842738747945486,-246.21011570706304,-29.920138561603444,-202.14088291272262,1.0
3893,-206.03267816823632,-38.448229945525526,-450.62331460962514,281.26784327486973,-10.954254199220477,-235.0163017811478,-28.14042035604771,-171.57572126491925,1.0
3894,-240.16621255149593,-169.96473452229097,-341.8160101975442,34.1743374738338,-15.063782459659436,-234.27993485496495,-22.31158884007658,-168.52946067202996,1.0
3895,-352.3638343204741,-196.62608429446578,256.424329396989,368.3143221462352,-4.994371077393281,-245.02216031669056,-25.579876948401743,-201.89148127953783,1.0
3896,69.85765565859077,-753.589303722707,289.86455803636045,-116.04843936921525,-4.604411621852956,-245.99105647222927,-25.933002560073994,-184.07150600322464,1.0
3897,-36.76311464317814,-449.0541402633143,264.9341406746326,80.35556578808796,-12.689942386539256,-241.5941965578237,-23.852789541809564,-167.84879672901178,1.0
3898,-352.6352824840845,-89.42491723621785,229.84827616404235,551.9564157466707,15.377381968816406,-244.52705259586477,-43.07117482812011,-204.87300320851278,1.0
3899,44.425137929612916,-673.4446172021842,349.76257953174627,40.65522349938562,0.4685264518663883,-238.65077319241394,-36.4945593084245,-202.1476197307493,1.0
3900,2.0150793084250607,-248.2975625333625,242.6182182034093,333.5493937996023,6.5851294534575375,-246.33291111529152,-37.77225030359479,-204.52889381000307,1.0
3901,-211.87387039413125,-162.39143153923638,190.6049224226105,212.87568783995664,-7.728862518417992,-253.17524584499665,-19.692195746359012,-169.09946634255454,1.0
3902,-56.99109657438475,53.99246922387646,-505.93488108432734,325.9511046778683,5.117627282401422,-240.28294184569242,-38.872495261071386,-200.8995574149498,1.0
3903,-225.5126509144214,26.466256521067045,105.80865612162249,264.4122971110958,-5.927251249391283,-230.4244394584168,-31.9499135527891,-184.14008858305522,1.0
3904,94.86369090570888,40.76358672150957,-31.0071756094342,9.306699354840852,-7.863154864900576,-244.35584354883053,-23.717103103535774,-176.45281921593127,1.0
3905,-99.83097971573642,-332.8380893580941,239.34174032630705,192.574130418978,11.208313049587632,-248.33201944007916,-38.881671981040036,-208.48048307840213,1.0
3906,143.29278278221702,-673.0288118656173,294.32361269464565,-168.715304302471,20.811760127553526,-252.02609212171888,-36.57658781485779,-221.80995465687846,1.0
3907,-106.33926137627637,138.2405996618521,-469.2086353804738,144.67438666766353,7.2700166747404324,-249.6957888479426,-30.61343618921065,-197.75249124066076,1.0
3908,-291.91749414219606,-203.10327930997946,197.73587998194068,172.5676583382176,-2.371528541672602,-241.14238204299406,-27.78424044380019,-176.944818905964,1.0
3909,-12.02783366395348,-20.530066190533013,-4.449712845670506,-51.903443185392774,5.002413681490639,-250.8401368004609,-30.56925456814484,-198.47451055580305,1.0
3910,-244.8937055317931,-89.32384424622774,199.69157630927953,345.94980867858385,0.5332719618013835,-246.30621351232637,-30.863915331762357,-198.44045905874137,1.0
3911,-247.553277979039,196.05757800771138,-470.2297780670203,171.28252022338103,-1.8743951150851932,-236.15883285248282,-32.496667459309045,-186.0403072905597,1.0
3912,542.5185484368101,-856.8054712114853,64.93472370777428,355.0120649188759,-0.9555596777972695,-258.0400045361201,-30.884193310018706,-185.60344145354543,1.0
3913,-59.9374845806659,-107.30306121828414,55.03173455135955,-10.280073340378483,-0.9137511834607612,-238.91592612141864,-31.34099361640413,-193.16222137565617,1.0
3914,-414.48197411469545,68.05411760640156,-257.6840666421861,-40.17492960749864,-1.3572713355731039,-245.99976185880516,-25.406373137304755,-179.91615058835637,1.0
3915,-197.19676568981416,263.2910667917731,-111.43120727924992,-79.77443953628196,-2.4284766694285658,-245.98175590053808,-25.251367815778817,-177.9295434948426,1.0
3916,-385.16820169254237,266.77862735870906,-747.0404253618508,422.8911440924918,10.669946294454197,-237.22673190169309,-41.44867063615215,-212.3610985211875,1.0
3917,-509.93708901737784,-138.5640318358513,275.2102150084474,338.68611708444865,-5.712962016491755,-240.68066593892368,-33.03284211686428,-185.2452516915873,1.0
3918,-54.80642588333839,-847.9575773120189,556.3306269431421,372.78723508165194,6.636298568300727,-240.2854896502465,-35.33431907035012,-206.6064391485376,1.0
3919,-74.88916649019409,-253.44421901597963,210.11043946481647,153.93183636727014,-1.8073094968333399,-248.26289269632693,-28.03310146448721,-185.94621294866158,1.0
3920,117.10099268505445,-890.0984614872707,413.4964045612458,84.2434469074764,5.340628213130512,-250.19508833801802,-34.03587375692291,-198.49489499089734,1.0
3921,-427.1073669719003,-34.652900045606394,-214.07626534057496,72.63872034666677,-1.998991488133239,-239.22743840913233,-28.572663718435116,-175.9900875576319,1.0
3922,-226.70963436463148,138.76300992729838,-205.52505847531242,69.92676539966986,-1.655186476486227,-253.5881148902496,-25.796386654659493,-179.55868682565085,1.0
3923,-343.07816098581173,-9.025371958240292,-248.7253327052663,362.01484489304266,5.5072510105276,-252.59215587283347,-30.542064314137267,-192.68986937842104,1.0
3924,-159.34135845252098,28.17099740187985,-664.5013593368377,197.7323930738438,13.00272931055314,-252.2635783435814,-36.63065772784955,-217.53510419419896,1.0
3925,-63.22304827976881,-410.0155482708077,400.48300420048355,0.8079189551603472,3.5803529337437388,-244.48948225814652,-35.06593085672791,-207.27428915673204,1.0
3926,-331.12076679738885,204.66683847124506,-460.37237257457997,129.34396498630343,7.896471494988516,-235.91609943330397,-35.35628096111817,-201.67075263239252,1.0
3927,-356.42821577830813,-305.2023570722767,-238.62612942935164,381.97366700713127,15.078093620215258,-246.43409281478625,-42.91886810783173,-214.20465519165649,1.0
3928,-170.8731539771875,-72.8072142711558,132.90444553518023,297.9623417965126,2.33876223316266,-249.26462365025947,-32.72717139534349,-194.64748857351367,1.0
3929,-121.27645795988148,-42.66937304717828,54.116750915974364,-82.89162987400216,3.058845456329455,-250.9920116147234,-30.709662824036904,-195.62717389160142,1.0
3930,-437.985113853962,199.89764058208118,63.44062225872402,141.95760688997922,-7.070299346525518,-238.42468255296973,-26.947584244176472,-176.08341127589077,1.0
3931,-139.15653758680003,-431.93058632391325,289.42387275643625,65.8795627841798,5.7495725275814005,-242.8286937039982,-30.539978208419242,-187.54988764088037,1.0
3932,102.81254940758315,-493.4494535729273,54.48000046207477,430.3876099509421,-6.704580421484662,-243.56541053100756,-24.223935592979917,-170.97265285359052,1.0
3933,-245.1112991614036,-154.96345203184484,-338.8250412661757,458.7840660458653,-15.630980490558663,-236.95931627676504,-23.55569613826645,-164.82549039952482,1.0
3934,-71.3893209798165,-183.56334223593842,147.81014453899996,136.41710539959814,-2.633384539278916,-244.51581751294543,-25.40560663558206,-183.33840951080637,1.0
3935,-161.70879648669558,-450.5671150961637,379.10779044791923,323.24423808280267,8.315136217362468,-248.73260440652552,-37.23561502311039,-196.9298607381615,1.0
3936,-449.8179391793997,-56.99574999778747,-376.68510458429887,309.2141031329995,1.4397791341133253,-252.91152068334526,-29.828525685110435,-181.29248149592246,1.0
3937,-141.42688191743295,-11.851560558321395,149.9761094742836,348.6015860499325,11.820695577263283,-254.73402261729535,-35.98580030254851,-205.30966919967875,1.0
3938,-286.2002223248192,-414.6662337805553,402.7745277897019,436.58568379028384,-0.7945665179581642,-236.70378390154667,-33.48354281124206,-198.5376268127448,1.0
3939,-87.70616386540901,-330.44140923254974,38.7658079322333,-19.635823250856866,-4.425856043367078,-238.87726973490302,-28.557861097234998,-186.27104813063397,1.0
3940,-110.12478914095114,-438.8610254514818,220.10756776516095,-123.51596274352916,-13.901120561539335,-247.74177729278145,-24.18964123407959,-172.94662446423456,1.0
3941,-394.17177414573376,53.46945806539591,-156.88418635360162,41.710555625778476,15.00197301592802,-245.95171819067815,-45.99018457998768,-220.11583648641823,1.0
3942,116.25576440931869,-779.5706926342232,-86.8840120496057,649.5968585848393,-5.922755829722707,-243.6575281685787,-26.343398632516923,-182.26126739856264,1.0
3943,-459.43429848212156,-29.542762508833388,-156.85875512962096,221.7744547280407,3.98385703472366,-251.26165191261123,-32.10602619905545,-189.16950416134065,1.0
3944,-108.51894463673241,-53.84818538805196,-172.2979100638129,155.52887298653837,2.302453619092614,-244.26049854473328,-31.73540881720738,-188.80874559848274,1.0
3945,-385.827498233209,68.00403127538944,-220.20564055425672,117.57089681577978,-5.513282936457294,-244.25402659907377,-23.28500898393777,-172.6766386093056,1.0
3946,-280.75362406710906,-389.4383838906864,401.3722561478408,500.02003536720173,1.6286416577952618,-243.07016593857284,-34.38992998769445,-195.56911977816387,1.0
3947,-399.2143070112682,42.26445637068412,157.95724914008787,353.37589245063026,-7.749101953762928,-243.0396451001748,-25.424491293663834,-176.63076076594376,1.0
3948,-214.5634188822556,-33.47903368497154,-338.08031344268426,225.7263136342842,1.2144472474220995,-244.9419686115907,-31.755068710339287,-186.93599767019987,1.0
3949,-19.192959326676284,-279.33866793953086,-87.51358063224211,288.79314782337354,6.708750808596543,-247.74405364294688,-41.42941579207686,-202.105677483346,1.0
3950,-418.7002486579596,-96.75875352210251,-57.0343736726838,-16.189096125815404,-8.251966787275492,-239.80179754837985,-31.331969523169143,-179.5969700003027,1.0
3951,-309.09634796364065,-694.7122642846934,486.05606238264886,399.0854339388131,-10.314403818573831,-240.27986207945708,-28.030606949637086,-186.71254115996052,1.0
3952,-163.327836630784,-280.2267566094077,-120.92577910910045,142.64453351030568,-7.110417134128131,-242.70691140691085,-22.836435755826322,-183.18760505551114,1.0
3953,-140.0817138379046,71.88236479654782,-521.1064071548774,263.92935337839845,-8.349586866244778,-242.02598843004736,-23.798582352771362,-181.6506075482387,1.0
3954,-18.87777923773235,-12.481747089836492,-542.7137692049475,299.55232649997754,-11.668106444610283,-242.24637546754332,-26.252011219720725,-159.96664266055106,1.0
3955,192.4681489178413,-254.8930029465808,-54.154180278124066,-271.6813955544741,-1.7532946029733871,-240.64747888882383,-26.510396162698466,-181.35817915236711,1.0
3956,-113.86127059381938,-285.29551735768547,251.3523980923284,381.14224814427524,-4.970123438063969,-249.00762782698803,-25.80187075760024,-181.16681428625338,1.0
3957,-195.26147054238933,-321.0832606623698,-173.46098639111364,348.76046268531877,-0.7072326789156014,-233.288387566058,-30.668729802699875,-188.30878455644992,1.0
3958,-153.3777891739976,-149.47807077923258,-110.29994670879995,290.4786063456075,4.716064895167587,-236.9273330974797,-32.90301579289948,-204.87353737639782,1.0
3959,-203.73847220745094,-256.44275749674745,278.4778719846974,247.22567616679206,-6.381500441022026,-240.56384609370645,-27.1967794024494,-185.24373800260412,1.0
3960,256.9618191215141,-554.7019199665436,-15.20950645838315,97.7573322296427,12.166510832188393,-246.80685643551215,-43.014410034432586,-209.2389863076917,1.0
3961,-56.93127484668237,68.29106730376182,-405.7634110679073,260.5919735781624,-12.007579925188198,-232.84216655465133,-27.355834986055207,-177.69357006022,1.0
3962,-223.33401933505718,-326.6137143566591,141.93895277064505,151.02805416821846,-6.698042543017019,-241.67027995655658,-28.105419884222727,-187.5666025837732,1.0
3963,-166.4303364006137,12.968927066418656,-112.74328187258531,340.189671555257,-5.373715505914136,-236.0792464986681,-29.17818063624754,-183.27290499142757,1.0
3964,-51.86374718074796,-667.1845843995513,581.4366398852526,129.34680085409295,-18.694759663084426,-239.98941144110637,-21.202166047688102,-158.42874749528855,1.0
3965,-278.47355472572343,136.92108321802846,35.958257216704446,205.93886249714245,-0.15907295011390654,-240.54379581033166,-34.290544126877684,-193.28892134382718,1.0
3966,-179.05852985747939,-251.93513175513385,-397.52021811897276,517.9669001851677,8.758777170353387,-241.8282056150835,-36.77123763507204,-210.171292353257,1.0
3967,-159.92455244208753,-549.7585659517902,169.43268855643137,271.7358825890172,-7.548344883830023,-234.3845007174873,-32.30040982025927,-185.61359602571721,1.0
3968,49.754534634468726,-683.4642378636198,89.59942032496598,173.78690668357606,2.7742859306653846,-243.2253684283723,-35.08222561544925,-194.97917120208493,1.0
3969,-173.02470616845756,-75.95700491018718,50.19880167334711,-6.015389510014457,17.17185840014347,-258.119578527129,-40.53562140026631,-211.68026540136893,1.0
3970,-246.20496086973893,-203.24376838013046,278.847863140526,483.77628587150525,3.8283475524325326,-239.3825310627871,-36.00456337675131,-203.06065362392974,1.0
3971,-55.40003917343037,-293.7024806686784,213.92416947891016,99.67314009672252,6.890249509492165,-250.88157521939922,-38.4173724266229,-198.1390665505957,1.0
3972,-66.19925139565991,-118.13280044403666,15.217644848002765,-157.80753859817165,-13.434963978523347,-228.97364506155472,-25.335698525597614,-173.7714184939448,1.0
3973,-427.84702032774,-104.96028794558508,189.57257637310403,324.5028436411514,-9.168166815670602,-236.92162229172504,-31.743089562930574,-176.178623008692,1.0
3974,-135.16068650286164,-641.6052449119059,486.1721735910161,545.0694446871172,-0.09000331942239637,-252.23875969706614,-29.077645851504755,-193.56921135296267,1.0
3975,-99.31184357918723,-40.176250460724525,143.89042970136938,218.62431289643038,5.910668840661419,-246.3832950884278,-31.7118502564419,-189.69008953372685,1.0
3976,-191.57543933168526,35.33329245754358,122.54827682909422,358.2682366387104,3.93632552817072,-244.46785400230974,-32.90453065798221,-198.53876248928643,1.0
3977,-377.89616889424906,312.7178959017232,19.79107293451674,390.31581742772545,7.839963681093305,-246.01156359110294,-34.75456987274032,-207.86647351055137,1.0
3978,-266.2983963873979,-286.1968085557313,-127.86123117705188,260.285956720924,-0.4605939367972294,-242.71645583401855,-34.21656230722763,-189.2239251208999,1.0
3979,-85.14288039193228,-111.47389239675074,109.95764854176487,-57.296946729892625,1.5037912130802376,-246.6484807397138,-29.01038089673716,-186.712558973704,1.0
3980,-420.4282544782222,-253.0839651530803,-56.45114647859055,225.16630046488757,12.122872550962514,-242.70486806843962,-39.83107983255474,-215.3772727902273,1.0
3981,-134.12523414165918,-149.8264643365463,8.363973916658773,-172.97761185752364,-10.085974450803931,-245.00376945841467,-24.142943237526133,-181.47698902302173,1.0
3982,-320.37410351850076,-5.485905117282863,-143.46850094625944,-28.448520663831147,-7.068389792975964,-247.98117566614835,-30.490625071065438,-174.79667667324696,1.0
3983,-517.889830711964,-24.360702717086767,270.4056254877397,509.70766605933073,-1.3369309682878168,-242.72064072718288,-33.580732994912076,-185.7889807812026,1.0
3984,-111.08218775183794,-96.54482620197312,162.2702028974727,190.11860564498434,-12.572819349989643,-241.9408829232325,-27.623472302940147,-165.70945132005448,1.0
3985,34.179187134068776,-643.9163601016251,316.4901640589779,113.74165452963882,-2.3976086325752366,-243.62781338905177,-31.131761074906535,-183.40707940005552,1.0
3986,-201.00345657270705,-539.5982374139694,271.82636110323364,-113.79267256257224,1.2443072815646723,-245.68508667092664,-31.18492902330723,-187.2707996687277,1.0
3987,-227.37693061466337,-424.3989999133401,521.4214791331244,-224.26964509614936,9.357939286630435,-246.5811751139744,-34.42977607398643,-196.97296298262376,1.0
3988,-710.1761152859975,685.3044338400632,-567.9630064213084,-251.8659548154202,4.88365491488752,-245.5741457968644,-36.70901605432154,-192.85980165536353,1.0
3989,-375.8865278391169,-270.60478522001495,232.69435470308287,297.128161527722,-14.684303152522403,-240.98068525027085,-25.839835844740485,-154.55307067153143,1.0
3990,58.674651147778164,-123.98843628454168,-397.8956042886341,94.75137374787862,4.749833373680392,-237.6107129381908,-31.437098200901534,-201.63948854732047,1.0
3991,-443.1091048942161,-369.63169956290926,-305.2640391762319,152.7784145385107,7.394899113769765,-245.91921935614153,-38.151002811261456,-197.74558373956592,1.0
3992,-276.6416024609503,602.2334728675346,-221.52145443680342,77.4395609240845,20.46320142763689,-250.03423094501798,-42.83292689090661,-220.58035400652832,1.0
3993,-211.5115109295656,25.36341553033372,-165.43610847718523,-95.98099152094694,3.2184989276662344,-235.39459393068933,-36.41301565720347,-202.9892325628242,1.0
3994,-155.87185648424602,-199.32454525253723,232.78483097917402,221.90487961548237,10.274835140407207,-247.64777212109482,-35.259246810639866,-209.34936773426588,1.0
3995,-167.84403806978133,-216.37040521939727,127.51123724306214,47.88445624938862,14.168787406668649,-250.7022733300316,-33.013748033689936,-207.65928127240315,1.0
3996,-686.5903150480777,-50.52704202724676,-268.4675487558053,111.54342165238806,-11.866002252337,-230.31896457089152,-25.838205807021197,-169.12898814218508,1.0
3997,-375.4413007872054,279.23850235163957,-129.99241800288908,-131.64083478686877,0.14820368144827367,-249.23609659681156,-31.932971016544926,-181.75167536013598,1.0
3998,-304.2654972537981,-132.97111263592933,-372.15894014494626,360.1330475234171,0.21441608016936597,-253.00197415589997,-26.574385781922437,-179.847749880848,1.0
3999,62.031861757780945,-319.5072275907786,-164.87252834431015,22.40940525691617,-4.681082719696467,-245.4281792583311,-23.399246695620583,-176.36100013587387,1.0
4000,-5.59428129843349,-531.0263653819028,288.3837074992822,25.739118394026605,-4.500761528827063,-249.6894394551275,-25.607232846659997,-168.86843938866937,1.0
4001,-42.08190985142206,-371.5397387193222,238.25858468688216,42.1628616718869,2.6731816937792123,-240.4990386793711,-31.045877170096936,-199.4040510517613,1.0
4002,-93.996966651435,-382.9021428259724,188.5109934539515,62.7072885102714,0.9408464251095808,-239.4690180753063,-35.06161035672199,-198.0802693996229,1.0
4003,189.64732960653149,-759.492077922828,199.50252648430543,-445.02938162555364,-8.36136262389926,-242.962071349722,-24.131191701587216,-171.47736683760922,1.0
4004,-218.89803092326784,-434.6774541494396,381.40346417207274,550.5109848020318,-8.321616247186942,-239.13807666724796,-22.784155355008906,-170.42793633248493,1.0
4005,-172.00007696135677,-242.77630266015512,-29.801747457955052,-38.372327236461466,-3.8458104991052897,-237.87366984843328,-25.295243328639163,-186.3531303617022,1.0
4006,3.1441014397973754,106.64650742837524,-90.05797371829804,-223.3802568206018,-10.475225846405795,-246.5476279088908,-20.609503776560658,-165.6928401620931,1.0
4007,-155.5426862286676,19.39049162832378,-498.0570126493923,349.88392582918897,5.298635714762089,-254.44605318881787,-30.98268267842352,-190.8548746952393,1.0
4008,-312.50307915848214,183.72674095695723,-95.23152647256853,-96.02385530107847,-4.545915708516564,-240.3746758676103,-29.451490745855605,-185.57240189705755,1.0
4009,-241.67351138292528,-449.48358141144416,448.9507522431154,418.6009571456531,-4.115190725474357,-243.3844936536678,-26.323682471456294,-180.96901156900054,1.0
4010,2.358473886558854,-13.341268577627563,-237.31570180787455,363.46809902548955,-5.800695711229822,-246.35535438303734,-24.799778037450885,-175.3516592934788,1.0
4011,-299.15539960112613,-112.70330758007626,-469.9401447091951,304.0201498946608,0.8545825904058146,-236.77836658561708,-42.35336103970814,-206.77338888723594,1.0
4012,-3.4021769533170154,-172.48710193539583,162.27453789963636,145.7614432006306,2.1149304362868158,-250.6933045472037,-27.09619536513194,-186.12406203997926,1.0
4013,-163.67330855381127,-973.805619946741,217.185716619848,52.648427442019226,-3.0208385793564894,-238.5670222704056,-35.049371928384275,-194.93624865834025,1.0
4014,-87.66819206526952,-282.8703928067204,200.5758984194312,221.2815858048867,-14.064769878128276,-226.7714527914672,-27.728015000792205,-165.77836657325773,1.0
4015,-6.266182234150097,-498.617176720569,319.98126225144034,295.02730314829864,-6.552120699230972,-243.99269472672418,-30.33413021504323,-178.2300501253649,1.0
4016,-217.9338337050699,-76.87502727563694,88.12473388726674,110.5516537220287,15.5010662549813,-257.48382095984465,-40.552813691843184,-203.31827558916504,1.0
4017,-234.86490153266354,-65.7224510513425,149.47253519566294,297.7457114786822,2.350020907903375,-245.6839435636511,-29.37298576702076,-188.75482841839224,1.0
4018,-221.2400496427228,-132.4418950897207,-266.5281065020125,427.74234974065644,-5.238310125287639,-239.02437053903603,-31.030991524768872,-184.2983618962361,1.0
4019,-292.6245262507406,-215.71402931894664,-28.867404343852108,331.3542416404317,5.938821104379929,-243.30144744063827,-34.044439753884205,-209.42397268190717,1.0
4020,-11.455056678997488,-316.21637596896386,-54.830349872320404,132.93009137510649,-14.529732478714845,-235.0487584172522,-23.4327852558248,-163.61390798232478,1.0
4021,-91.51276350115819,-99.29078384549287,22.414684638864067,-64.07668584300774,-7.6264711637686595,-239.12579169026802,-29.619207852614156,-184.7504744911579,1.0
4022,-472.0550656539996,590.6967118355014,-486.11758116908084,-136.14522508190726,-2.412465410973327,-231.8940377188352,-32.682688207887246,-198.59880604273843,1.0
4023,-214.45655882893547,-295.3043450018418,-192.8064403185159,513.5178114220013,-2.9170648168300253,-244.85685631207923,-26.35250282087427,-183.20683056489824,1.0
4024,-197.7216362603266,52.078496174990185,-26.748826950938586,-103.3546391608545,5.306714831719215,-250.66485829777528,-32.84330693788308,-197.74730842974807,1.0
4025,75.69715468885043,-538.5978906769044,34.18319200655111,161.0376138951009,4.807472895273785,-250.11058753552686,-36.25862576141539,-191.79089635591066,1.0
4026,-418.00105588217866,58.49352958748981,271.5609476872204,631.5262470612367,8.313830279134685,-240.96272468480953,-40.36860151457334,-201.5199092376326,1.0
4027,-53.560096624431594,-264.32340308487863,-236.86087539739148,352.3659439468299,6.35975076526263,-254.64506163143335,-33.15643970607293,-198.8024287101394,1.0
4028,-92.7484284641737,-115.83401271280222,61.494099820458004,-49.46313736837635,0.2708555268237113,-252.3012164218923,-30.269261789282904,-186.63401624786687,1.0
4029,-127.55866169456509,-97.50361575462841,48.459057588290634,1.6594427927071775,6.941002415876001,-250.31809268647746,-32.60082695224466,-199.5496933886682,1.0
4030,-340.3224642359286,264.9861232955229,57.03488049765968,369.45926662837314,2.9800276956493663,-242.84024955447123,-33.69294371202483,-200.6965107396803,1.0
4031,52.427443601832024,-394.1517648055608,154.54652017015746,-150.38640668733115,13.803690375869227,-254.8464015434298,-32.09778919673279,-200.63217868352027,1.0
4032,-305.9447740356894,140.82658339576244,51.64875979235968,234.7604249104287,-0.1672373071086648,-252.6760872854346,-30.678565587071283,-182.1477848546006,1.0
4033,78.45881457508548,-777.6395616485063,269.50752270389097,-130.48664824063425,3.898480897108518,-235.744693795403,-40.49756268958568,-205.69175135414744,1.0
4034,98.8579562791975,-269.7497984517987,191.76047808122115,144.07680618288,2.7655246686212736,-247.22034996517635,-31.83370780159862,-194.44893546930297,1.0
4035,15.144636868031093,54.0902434356989,-209.02111275894387,70.61526437729897,8.843913844736567,-242.46910736500476,-43.90553452658183,-204.12109498435822,1.0
4036,-367.12625536597034,103.62574940071742,146.9275264039882,396.78656354224717,-10.295391097711548,-235.9595122629571,-23.95717129450176,-167.13132770855617,1.0
4037,-97.78763842731063,-275.13346817571744,-68.3562530817352,439.69102985334484,-0.9248611943041571,-236.6697095278755,-29.225217734744263,-196.23946452607447,1.0
4038,-96.24572130304222,-249.2650585017034,-282.20623632325606,201.06803728636385,6.848870203524119,-249.4117235528222,-33.05092015424031,-202.9856717682501,1.0
4039,-74.11907119185136,-186.55822369782024,-196.44715142130386,111.49291983557312,10.726226646904214,-251.12194615660596,-39.457662150179594,-206.34188203688004,1.0
4040,-43.054708143337365,51.976039564232046,-11.50028801829972,2.2346160352610944,1.6223242105328133,-256.23567672394535,-32.21685392672643,-183.92967064140862,1.0
4041,-234.5994066003847,-434.86457026629654,273.64066804964193,100.98951179049087,-24.00768930677903,-230.4147068524744,-20.254027082322168,-165.4863080973981,1.0
4042,-53.45410229187164,40.798747423806645,-143.84720457934966,157.33893354127164,3.441696696840834,-247.39165808281413,-35.60871256665513,-196.00744159424087,1.0
4043,-85.26331880183785,-50.513170181937554,99.55469842882059,122.56074206066887,0.9612596296172241,-240.59325643418688,-36.36014628974874,-200.5041808272816,1.0
4044,-243.48920328059003,232.01386214607905,-16.53106050468136,152.14375133008542,-9.695427639925734,-241.48089912607827,-23.751630553708058,-179.91343625242263,1.0
4045,242.26906386356427,-117.0308678800453,73.35621645699746,-163.77409093704026,1.096160179836548,-242.56803284797397,-30.51653863061102,-186.9567054175641,1.0
4046,64.6674105056102,83.39455222842945,-122.55879182606482,211.2564017478261,1.3888647379101726,-252.7558779727979,-30.19030623672905,-192.56301090856596,1.0
4047,71.1902490722974,-43.77344708505386,-448.27703546851757,396.3094261358385,17.8562795101483,-250.66805998279818,-42.135427567079134,-218.57812947202828,1.0
4048,-201.23531645476768,-100.66226169804841,118.54808657857761,101.82315214200337,-8.931416658148294,-240.84909535440272,-25.47512303804733,-177.78833777124643,1.0
4049,185.3831955403872,-32.0143593614483,-204.00471253362142,41.556702451528295,-2.2333399937861667,-232.28632359760246,-34.97952034461295,-193.5165485938555,1.0
4050,-79.06572540088032,-189.4822879330824,166.51256496568814,118.67533032550259,0.5606344591172486,-238.6539104720067,-32.25286858501751,-199.26859045477417,1.0
4051,-220.63262266446907,-265.7437290586751,138.60381603860188,56.05430244510605,-11.6939414924228,-245.32361837310884,-27.047232615198016,-167.64946277970017,1.0
4052,228.02727869715608,-552.343836130814,124.82745947096636,446.9368435319517,-1.261941390151324,-244.52667258288238,-32.09969357606693,-184.68375876150807,1.0
4053,-278.49103984992524,-185.52685606677068,188.3974262266224,61.113276965615086,4.945107405490845,-243.82155028350027,-36.61678035429935,-203.06982420619943,1.0
4054,-256.783112984105,-498.04843548186335,405.75472405942793,351.5033599793324,-0.251124758125834,-247.6680271737451,-31.51439021926376,-180.30729138568358,1.0
4055,-225.78952220941062,-348.8775649300959,291.0240497288999,233.1225460744612,0.8376831635726594,-233.89894012700213,-30.11989187668802,-194.24795065315192,1.0
4056,-326.63330439565095,-210.6391457450938,348.8347914634281,-99.82652530551128,12.730850356011404,-260.3235492969641,-32.07349242507475,-199.8718571142676,1.0
4057,-317.7550267617017,250.8095421047265,-23.557213172269286,114.25192630407585,4.160528638699856,-238.16863376999157,-34.57377975226897,-202.31761480016635,1.0
4058,89.11208673243429,-489.06523954586714,156.0043618338378,-181.97402025506636,-1.575744505065015,-242.31835182550225,-36.457587759384,-183.05982630878987,1.0
4059,453.16517938619523,-391.0465294848169,-324.0005894662611,-88.09285089999318,2.6677275242593987,-249.4346719772543,-28.033402482827274,-186.86905802434725,1.0
4060,-126.8272357417514,-247.43950231169345,239.4374073650569,254.20760616801869,-4.346936481432299,-240.5516438661429,-29.250982483024238,-179.4962240371471,1.0
4061,-282.25466149748337,223.06698902351246,8.86278177275015,272.20403502980275,-8.76436090622529,-244.33774916437662,-26.97126704712658,-157.02207092225916,1.0
4062,-285.9386464303778,29.035669714949574,-278.03789121618496,32.372844882744985,-1.416458779061903,-240.7611917416528,-32.01283323903576,-181.56451833652645,1.0
4063,317.39059868341275,-133.36144173735147,-185.61053155103474,137.3421315545766,-4.043695455034125,-241.98720434999166,-31.882082328633157,-175.64483352076542,1.0
4064,-23.89539066064914,-477.5540316738555,-258.0462571402471,399.3117684205015,-4.348496572271035,-230.6899544079976,-25.24790906264879,-189.79222246555435,1.0
4065,-217.91085684056694,-684.0677753010469,-5.075622140909686,282.5110412038141,2.486859513102157,-243.84841714630048,-32.71231556835304,-204.76268790958804,1.0
4066,-116.67451105754157,57.083229199970646,54.21075282394623,117.30894544026486,-3.3857105100693374,-235.12623592815333,-35.3043541693942,-184.91221069550696,1.0
4067,-337.4865853200931,-133.013605259363,-469.61000796667463,262.7559446848148,5.9962281916431746,-250.1515582685048,-32.66292696841733,-188.76903627675378,1.0
4068,-260.31700702364134,65.19828633843323,-562.8968141078127,281.2434215159414,7.90837645713972,-246.03818187852343,-42.86644382598699,-207.88930900597447,1.0
4069,34.96136201111722,-320.2468292267607,150.42636951124175,9.295775313474541,-1.6166355178464622,-232.91359353442655,-30.558521897611648,-186.30770251473072,1.0
4070,-296.2868956530875,-267.5684829202799,278.06957107966286,298.6387366214134,-9.872448049121013,-233.4831761138595,-33.63592748233655,-185.40586769617028,1.0
4071,-100.34577571493033,-261.7269233826766,211.1503368694558,-152.01528731032084,8.998429009812376,-251.01190191365225,-37.971365685513454,-204.2561483997396,1.0
4072,175.4282768987104,-755.3385485203604,291.5582063257099,-66.51456971837564,1.636378194883767,-249.81039145941014,-29.830922696368937,-185.74172385566257,1.0
4073,-10.559271706983363,-53.40640480101542,112.03214895805243,187.0008822464072,-5.654249586057618,-228.74706129961032,-30.57471132928943,-186.10615531619754,1.0
4074,-165.16957374400124,-387.3256441417972,345.0946649239495,314.9842986098551,-6.122806101987889,-245.03597804629888,-23.61398264743142,-185.7170201631255,1.0
4075,-241.25056744813276,-296.3820286979984,18.46753281196691,98.07151745900599,-2.2642814930904964,-237.08109327953736,-29.28318492644441,-197.18832322992574,1.0
4076,100.5423063689086,-344.5137454684518,257.884166782943,85.78342175916626,0.6015522815924383,-247.79551676357875,-30.44423805178665,-178.73563073031474,1.0
4077,-123.89396757238997,-225.1754283604544,5.701850077386972,-168.28169794247194,-7.106855294660219,-237.72505508440676,-32.299877929838715,-178.77052824287517,1.0
4078,-331.4661333411877,81.98279772967072,-287.14107541904406,44.44751817504049,6.582820154022324,-243.14618025369015,-32.652893484177575,-208.81792881075324,1.0
4079,-162.1641722550068,-269.7865847716153,-264.15540754116245,412.7758794252151,8.719106094315237,-246.88106110287424,-34.01110521430435,-199.37690423996344,1.0
4080,-267.9910526326125,-66.7938850708096,138.56968497252097,180.97884433483483,4.094265061719399,-240.42326245206976,-35.268393801343045,-199.95907008305238,1.0
4081,92.9265619492631,-636.4814320636453,-15.912118966532729,-8.026509961497874,23.386588036460857,-256.1616176526592,-43.01476378205555,-217.49962420438194,1.0
4082,435.5211027393814,-486.4962272608956,78.6575732331062,165.7493774877431,5.947577094026547,-252.00804933350489,-37.16036866452937,-188.99910168618143,1.0
4083,-134.86145224434787,72.44205101975285,-544.8609065078363,266.69672474117954,-7.314853691751118,-241.03594258383674,-25.701968133053278,-180.0486509009269,1.0
4084,-389.8361650670466,89.1026837021077,-559.8490654507647,65.83067594672107,20.041075420880293,-250.31219803754115,-43.098024124723366,-215.59951338581385,1.0
4085,-148.2709605240462,-79.5843437797509,127.70160055094917,199.7530927805828,-5.051943669435495,-243.25788977760368,-25.07992910098711,-172.72400108706483,1.0
4086,-272.0040752752464,238.5193500117845,32.91913964483149,360.59882536365575,-0.7801030689354758,-243.77279031217302,-26.867917440302882,-180.44248153505578,1.0
4087,-525.4967259483559,177.3522012291977,225.59752777985986,621.3873800887942,-6.852098051605564,-230.18718998985636,-32.041995479396654,-190.02175031089266,1.0
4088,1.868562740647528,-233.05408032205702,106.65805559540686,188.11138552973114,7.745791706991353,-245.0925589717946,-37.69500760056316,-195.8709351570887,1.0
4089,-17.05517140757673,-55.297984355258414,-122.81202945006686,75.61450690407875,15.794843527527098,-252.70181400133347,-39.04454755464606,-208.8553161134568,1.0
4090,-137.77810831202498,-31.567603282913304,-262.80630168845835,-86.88480392188325,-4.837777034532124,-248.21769514680548,-26.02441607738068,-172.3246192045288,1.0
4091,162.64759756810912,-809.1255146124913,162.91828770806399,372.83566693961234,-7.373560500775341,-240.3355715482581,-31.49555040984427,-193.464331693821,1.0
4092,-145.07647205535037,-246.7093622171781,146.27113412971931,-33.09074684285853,12.811334885627815,-250.93708091519827,-33.84421845962817,-208.53885647385218,1.0
4093,2.9450741862229624,-154.3233432783821,-346.1706184064901,287.2315452105339,17.03804930590921,-257.555810777085,-38.475748697586354,-220.30478451825465,1.0
4094,-327.72566898815023,-1.3118586498943818,-377.32488075831816,405.67026468741113,4.302366246268491,-245.04839927111996,-34.327694057175115,-197.22663520222628,1.0
4095,-246.24840314860984,150.0072794086682,170.37556704727137,594.9847333266881,-4.612601990586525,-237.51100554149087,-29.031499140808485,-186.846258971031,1.0
4096,-569.6274121763361,635.6906747757635,-418.36519138059884,-264.8555657559062,-18.312041210580997,-223.75590833282686,-26.58591410307945,-176.04730993754225,1.0
4097,174.2121579890648,-198.94802790698682,47.19678474917968,-32.14283602316574,-3.1644645827061293,-244.55992267196814,-28.851732911474457,-188.13198009554648,1.0
4098,105.22608490937198,50.292875319585576,-134.88637489390553,-399.6301631523402,9.425145878763503,-243.62248431595208,-38.87186144319116,-208.05447349393913,1.0
4099,-67.76076960558945,196.72328153109385,-142.31507826556697,-167.92907564194545,7.229628020784027,-250.39441382194505,-32.90203025022167,-197.6276604182214,1.0
4100,-270.55341749274174,255.0807270218676,121.69286176031547,61.227749096380215,13.546773364537884,-244.09354586593986,-43.028240275837355,-210.8332974523416,1.0
4101,-102.46606375762511,-94.45737496587314,31.495841930893853,-30.025931754217083,-2.8584051129535615,-245.7892500519738,-29.72060988156753,-187.17460500076245,1.0
4102,-171.5554651843534,115.9536848143678,27.21237901488569,130.5982653650088,0.9323473324054838,-247.2789629191647,-29.100461075933588,-191.67013104763757,1.0
4103,-174.11583892584045,-217.10885837589754,-621.7749733613775,243.19089760212646,5.590464915496968,-247.27504958167683,-32.47190342071028,-195.55338119849478,1.0
4104,-302.95169113457825,-35.52771146986675,141.9234843922772,273.95713124397844,3.1901935454279293,-249.05497705543473,-34.3598352582061,-193.9071678448019,1.0
4105,-174.09243393450126,63.45345111708149,100.90344732497343,284.6419015216147,-4.164524092997019,-238.57983352632795,-30.12350640836356,-178.38799649970005,1.0
4106,282.9667445515086,2.8298303866987062,-251.94475893397774,249.23757325506745,1.53209485945141,-248.35443873848985,-30.541156302855175,-200.4973098187275,1.0
4107,-73.81390295401854,-442.8373339766386,162.39274971694195,274.3889900785112,9.814646428337756,-245.84121875365764,-31.51479207300157,-202.76207945517092,1.0
4108,107.10293457668563,49.68762630068384,-344.9165322323186,62.320672325575345,2.7287001418483996,-255.02782468528034,-33.69617506789512,-190.89710723869925,1.0
4109,-15.033005694123602,-563.0317441923046,292.680052630448,-28.421053027759633,9.290444442117836,-243.97987017225012,-38.35954115214766,-206.19003735833417,1.0
4110,30.92521820561771,-244.41122237003333,-154.2208032590922,317.1633647171131,7.837293988288378,-249.91656808093722,-31.489652322248965,-194.4149862831817,1.0
4111,-154.67746849398597,216.2189947529033,1.2934840253037594,194.87950972037774,3.6881098579813365,-250.07636597488477,-27.69561678256314,-195.91821836170132,1.0
4112,-132.98510089431343,109.47100282622073,5.9724925084223335,124.24132141819317,4.117537602164672,-248.5769078971086,-31.46343661879471,-194.50506476086323,1.0
4113,-228.44739294137577,-463.01850142037875,425.1069950826489,400.3819100375301,3.298067118754639,-235.89595801631734,-36.04828403427979,-206.77859742603576,1.0
4114,-527.4122739271551,77.22825732899653,-268.47476487837804,246.13925560892415,1.1287661648609135,-245.15608055424195,-34.81331546416486,-196.30316760588457,1.0
4115,-187.64632573637033,145.82117407476457,27.068722717684103,79.9685724135721,-4.456249604485254,-236.91540651255823,-33.27280599482424,-189.7267170802053,1.0
4116,-250.21037115421305,-70.96410489214772,-297.1820125725747,102.49423066426245,7.031096350146657,-236.11253083918865,-37.9432162316683,-210.79702355789718,1.0
4117,-281.74073047176165,-150.26494823876538,186.5064900917307,224.25530118134213,3.1578051068161064,-243.85323564589274,-27.10388480438295,-196.83755987238774,1.0
4118,-6.896503319902525,-167.3546986257278,75.70562623178623,-58.86044290142189,20.053586305206224,-254.48895640412567,-42.175433004750104,-222.20383022746222,1.0
4119,-215.42440871274366,-620.0636253583709,512.6209008359389,478.5799200486322,-2.2740029566917017,-239.07069296552885,-29.937915248147792,-186.778925857008,1.0
4120,-311.31910117523,296.96240812616304,-388.4746619791562,103.56755273088594,-1.9482305505686277,-243.91544304083104,-28.21288176289687,-179.53469445943,1.0
4121,-75.96538991147295,239.84615874080527,-158.0050240538311,-120.22837837578942,3.900509414664838,-253.50164223196288,-28.474943037028524,-189.76136098570743,1.0
4122,-54.00200546227687,-849.851062629644,423.24261755755333,217.88374422052863,-7.18243390816054,-233.82656700375617,-30.701460071523034,-179.31290918127957,1.0
4123,-261.28078346818916,-336.6012012594403,278.98137677240067,236.3685045586502,6.07886174801675,-250.19655141930537,-34.10920676951744,-202.26069898976638,1.0
4124,-135.9933036370441,-377.41271253913806,-275.13530927233035,392.8131626071763,8.455270678566077,-250.19892849177722,-35.30161051115664,-196.42473984793946,1.0
4125,-191.5333882054251,-145.47462942962332,61.88685288222209,-33.02163715116435,1.0311304411906654,-237.8558919206097,-32.413934217358246,-210.8902508195199,1.0
4126,-8.787480140532477,105.98022021867273,-26.14056913687306,-73.3411550916872,11.343496012555057,-246.00969248850774,-41.350979259041985,-208.86558618101932,1.0
4127,48.28619869200943,-116.97843003065094,251.1340487326558,110.55510584843029,0.017553927113871826,-234.14261233919368,-33.83304486550761,-196.64941041067104,1.0
4128,27.931677509818307,-288.7544907205124,-80.79808350462164,134.49946872636792,16.041353538350045,-249.89906191024414,-41.76094396929807,-210.55167424221855,1.0
4129,-374.0514873975068,-57.10011389427052,-381.2646714522386,321.81916336061647,3.2198698237236627,-241.22886126005426,-41.82249004953145,-200.7380190046197,1.0
4130,-181.75817010890935,-181.1127527242719,105.64941086393122,4.297120657265108,-6.763896189337415,-240.9065114196043,-26.244666590584835,-180.23700060475917,1.0
4131,-516.4224619399882,104.44711070843624,165.7156841606987,344.45035990224324,1.3331906464234973,-247.6757036864572,-22.571681297384306,-186.42011944478986,1.0
4132,-237.51072137348137,-308.0946322577783,364.5491322983562,367.3505516041423,8.420047414256665,-247.54195953093063,-35.65020367907503,-198.8871908662011,1.0
4133,-128.81508757284854,71.84373258901053,-182.94835618753876,320.5969677477089,-8.144257436504889,-236.04295922566328,-21.52018095072488,-188.9062022809324,1.0
4134,-223.0943704350918,137.2827402467986,82.70476969529525,315.0702694250629,16.055145653373103,-249.517304487771,-38.71742553296652,-211.38303290951043,1.0
4135,18.17508304758966,110.88839831400081,-8.588441936291558,134.94248455676123,1.4136753648405092,-239.99113715236214,-32.24124129285647,-188.18844043910025,1.0
4136,-207.03933338517425,-51.95037206693458,-311.78566693048833,-13.080867324865375,-1.7459771052436648,-253.01673690384246,-26.106132893563966,-188.95436564723846,1.0
4137,-108.86813064299878,-326.265662871386,233.41471546528453,79.10912224121455,0.5650375286266662,-239.16247233587123,-34.936057910084614,-192.306819654133,1.0
4138,-288.4298330007443,-474.5411762622369,-156.47757953186908,315.2233932697708,0.18377454732680498,-242.53026281940305,-32.33015883648939,-194.00734382858803,1.0
4139,16.84169166884073,-373.5469294292684,170.38803227727556,-95.96989691488243,-0.6443670599250391,-246.7186293310388,-25.574250756871056,-197.016787265915,1.0
4140,-207.77826888744707,-58.901188923391466,-334.9477434108438,371.42041242345726,-1.981755245503484,-243.1985860536313,-28.39193122806858,-180.61363490027256,1.0
4141,-276.4915443315002,518.4773422980002,-197.30966405117152,49.355640652318435,-2.040352035561763,-243.95361797291145,-31.73109858071129,-182.02933233231187,1.0
4142,-3.346299992023982,-356.79726671047933,216.11863248849775,104.403940724385,11.114843249982554,-255.38421350394006,-33.88163093901454,-197.4488038025381,1.0
4143,187.68399778342763,-505.3115512008276,195.9516938849356,-9.219730929331504,0.8194287037911869,-248.71752886163415,-32.16494792019828,-192.5054838984434,1.0
4144,-79.56190596682943,-207.60290474381847,167.30732248066244,100.48362595889127,-4.773722064272159,-237.092948544612,-37.35251294005037,-187.34678237749597,1.0
4145,-205.71368639915454,-150.37744463664282,214.1043260099328,228.02515646016954,-6.586368809334455,-238.02799287754235,-25.662021978216128,-183.51032518253427,1.0
4146,-299.34739378339464,187.56301139237596,-215.35137889969712,-72.7206977896187,-14.792469389233492,-230.86559692047675,-25.67355771015691,-179.42444830060188,1.0
4147,-413.56330516297123,-132.18390926979276,-485.2484592696956,695.6392926287888,14.273766422052406,-270.30350583309024,-34.80250007163631,-196.7340356258216,1.0
4148,184.77022140932823,-587.6777717036377,339.3467786415426,321.5737374873004,0.8934364299451075,-243.0721840691052,-34.17377032368542,-189.42163206190176,1.0
4149,-154.8856916748935,-65.87014974774497,-227.6213695393686,9.345487552117415,-10.762616746062262,-240.1150705427088,-24.75718178664548,-168.90848358707566,1.0
4150,116.25174818948886,-311.9451920047824,5.11038006573985,356.7858123831114,-10.02363078163968,-239.82316745813046,-27.836614433411764,-174.69544509397934,1.0
4151,-298.9455790638852,-106.32691499294515,161.37593884308535,236.55490499764943,-1.1913477954557323,-245.38724323993728,-25.410574628011076,-184.46764266100053,1.0
4152,-190.19482328782112,-239.12646979877997,193.28548224251352,196.95233580705408,3.207111261524843,-245.91274841061815,-31.500066885492263,-195.4394494564394,1.0
4153,-18.807116572376792,-177.59464458958848,85.56080766994447,-31.89670344504063,-6.0306165425391995,-232.57699814168132,-34.39603806898165,-184.45669252926842,1.0
4154,36.79362680462732,-453.95718426878193,232.0073393720388,64.02468411215646,2.3974599234244964,-243.45984974646095,-32.09968957790903,-206.62216113689365,1.0
4155,27.923153070530017,-91.0791805988032,-61.821584552594786,-80.02277517575163,-4.750651972173112,-244.78249212417234,-22.968989658086528,-177.49204395199973,1.0
4156,-60.912627151938366,-11.658892924893172,-42.44037016315643,-217.90382398765914,1.0501796660476526,-245.54079420161523,-35.371248442601676,-185.23693765301013,1.0
4157,-410.0211926667754,52.46421550062328,-154.16807184929493,-2.011958694438798,-3.567139380569026,-232.8250822552786,-29.441891190176257,-185.40050701739884,1.0
4158,-370.57407263794704,-360.52663333271727,-85.11740075457038,100.93796788676708,3.812128946269966,-250.335868237358,-33.33102699892779,-200.69221091967455,1.0
4159,-273.0146588183745,-124.80838605661786,201.32629621075412,337.34640223575576,2.1766810259171683,-240.91162898734626,-36.65249694240262,-200.11573286906025,1.0
4160,-292.16877017775965,63.77010778545391,-481.09503950869123,316.31564681382906,-5.431494642311653,-236.21427608227603,-29.222627162479114,-171.8847151371374,1.0
4161,-289.32864433616663,205.4393119249008,-506.1096596168803,-14.580154657548139,-3.99140711030922,-240.54547841419352,-26.40057355231568,-177.1273238724252,1.0
4162,-97.82396014885468,-192.12223479084793,147.322595259811,6.634653246217592,-5.291356225409866,-237.0014444739991,-33.343519238968355,-186.07183284709717,1.0
4163,9.587392361838475,62.80137708256612,-363.126818758281,171.7757517106252,6.975573821807365,-246.61068919094595,-35.83035680928386,-209.3566711764072,1.0
4164,211.73223718134736,-20.005535844027488,-180.6638099924664,194.17155778060587,-4.543033988176373,-241.7959358029636,-29.349617579362732,-179.22750502661333,1.0
4165,126.58924088091639,-465.52069864208414,181.02575148218057,-28.12957183259579,9.171391284834128,-244.8719700388134,-40.843338181609425,-204.7727507982977,1.0
4166,-22.453176950797804,-95.72345224934006,-5.83068392163506,-174.84549977066868,-4.427462661552311,-244.74049509041902,-29.81182268375851,-192.66250988981145,1.0
4167,18.95717041267162,-72.89071985724547,90.95882891170479,159.89953602410728,1.137186096347138,-247.0149357027984,-27.51743030771008,-185.15419540659445,1.0
4168,-126.4355773851621,17.490409366246553,30.91303542834183,78.88182820660879,2.1360592974235324,-237.9861010816954,-31.002186591033063,-192.50913826261655,1.0
4169,-107.37229946945561,-61.38468747975395,63.81621085030855,-7.8856990706536845,6.0431124439621255,-251.05336216553823,-34.384716686357066,-198.82625540087656,1.0
4170,-262.16500107068,170.9080985072235,-39.06454038343568,14.013394962489457,4.846283002991094,-243.36262679851083,-32.77810966902062,-203.03512948708524,1.0
4171,-137.00789158555466,-43.92293581280931,115.7931909581768,250.12020633557074,7.40562400388022,-242.10708328996077,-32.186046284049105,-205.5967051767866,1.0
4172,-53.7315558907544,48.09784708310576,-19.281712534769824,-8.646168163666568,17.82886090240335,-263.72461951053,-36.55988873002277,-210.1959138951027,1.0
4173,-325.47638561334844,-63.53379359608247,240.3470179795938,403.47667507688027,-0.01693969813688434,-247.8833693214027,-31.355979489153874,-195.1658570758441,1.0
4174,-172.3605675238118,-19.968757938319182,32.52671791539407,17.884028319700796,4.072120960890758,-245.3968357546999,-25.36979521445591,-194.5306217144458,1.0
4175,-5.145397761686632,-737.7204757573184,381.7612482340514,135.98181773400248,3.7645218534150415,-247.30805706544496,-36.68566287710061,-192.73062323061862,1.0
4176,-272.95451006466374,381.76763462929694,-27.07053924461327,222.50145642363472,9.896368171762049,-251.52432327300474,-31.579748380437596,-192.21168584639045,1.0
4177,-63.33199457056655,-305.93873356001944,186.96091397154737,109.72075742370579,-5.935650268087982,-238.66676782668446,-30.037260381082536,-173.95164974589304,1.0
4178,15.091299623422504,-434.8536736972436,-321.40800560706583,424.73265688703566,-4.7656977221738845,-234.39013176622137,-31.26093508799398,-188.6066618272743,1.0
4179,-258.4009613631014,341.0315176343468,-78.96832550316742,106.62795801057283,-14.068321605060287,-236.22508102709187,-28.920785818330344,-169.73276728707276,1.0
4180,-196.78979722044977,-436.5831056583385,-278.3436026354255,374.2505539393519,4.934269165810371,-252.57617361857044,-33.56054579016686,-194.97121251293925,1.0
4181,-308.75942615813176,-19.372254298584824,-263.88865376502173,169.67492055665682,1.8092315815580136,-242.36515975009814,-31.467706195721853,-190.85103161181334,1.0
4182,224.87250187150022,-499.614870175763,399.864221183567,-247.1856009594926,-0.17726117654090912,-251.06250407230252,-28.236981285958883,-180.17188416597872,1.0
4183,-28.92922805524347,-166.55376376947748,34.3494080848692,-64.63151331716688,-6.482040457642336,-239.99390786939358,-22.725460299430317,-168.99560793866672,1.0
4184,-51.040386634191194,-75.58125272348755,-17.35734406348868,-281.95955258655033,-16.903936236827423,-233.8348193233279,-18.43198647958731,-164.9880400829097,1.0
4185,-134.8516068008525,-65.08388469744723,184.20827374966166,342.6022117848821,-0.5446893541083422,-242.3970619823755,-36.749952383459814,-188.80679067654228,1.0
4186,41.55067697335228,-612.3148801570223,2.599788766159694,137.55264958427304,-7.3136458624826854,-234.4105835095026,-30.86693038465934,-196.6844167829159,1.0
4187,-189.63062921634054,-2.858811573535336,104.61423777571086,260.9888075187783,-4.1959018620682995,-240.158143891514,-27.07538126206834,-177.65874013567924,1.0
4188,-110.85686391760568,119.73218778726769,-398.9186459093299,108.06305246174959,-6.507133065661359,-234.9812734901551,-27.347113153564486,-183.18841971418183,1.0
4189,-539.619565441628,734.8883651499509,-120.93986452675773,433.84296991179934,3.041858219769278,-251.01883201430473,-28.42532432845667,-191.31041479530228,1.0
4190,-220.15992741538543,257.81507290182645,-131.71465560280495,-78.54472089042117,7.458124105546862,-243.65859422827245,-38.65101591752162,-200.90853576512882,1.0
4191,-39.988228490228074,-377.06416171835144,153.90886635080827,-61.08380857044868,17.698900487618044,-256.79804297928104,-37.2701303950756,-208.6901703535068,1.0
4192,279.6200459433405,-295.06590088441703,-259.97733963057874,510.5399041411109,-0.34258523197976487,-236.71881665578266,-34.21137898731773,-187.7818358349077,1.0
4193,-149.95045956334897,-57.769372238574256,230.35841361235833,436.06778106187767,7.891998779680678,-244.10345606315383,-33.738773884246356,-194.3520991956818,1.0
4194,104.8283998413618,-258.9849883514589,65.19469554479923,-184.31010235426456,-12.613959531734437,-241.21643850762626,-22.704678234013294,-162.6580330792917,1.0
4195,-475.9291969935398,-68.7751161308704,-214.66408999667232,125.35211441914713,1.7045719895543754,-229.19399597095878,-35.54823648212868,-207.7901221596806,1.0
4196,-242.323494578475,-243.10099723250192,-62.35827394889492,-61.52011894398135,2.941298632400056,-246.35211489239498,-28.314772435575858,-196.8596739914154,1.0
4197,-131.0468391349997,205.28630170619078,-25.293008173540322,94.20003554677072,-1.6174487914784934,-237.31157766560375,-32.08309453994412,-195.55218774733595,1.0
4198,-325.18702447784887,-238.9529067729396,-201.9330741271213,305.57532172417433,-7.3631903573301685,-231.06036781453724,-30.641164942332658,-182.23053637957966,1.0
4199,-303.61705906804775,-68.55926285579109,-89.29963866229862,145.6827829718151,4.178823685332329,-245.34031728827213,-31.976097770066147,-190.11488439588805,1.0
4200,-145.91958795897497,228.0625335813432,-240.64964249035972,183.20662003840638,-4.866113151509556,-240.4130389528123,-29.610144632797553,-185.7239959878751,1.0
4201,-144.8083867659524,77.27291763046802,-282.12582209214804,224.9622773629935,4.516799372807589,-256.6406399878695,-29.777218413309924,-191.6983844009748,1.0
4202,-423.89990911896734,-592.6083464701886,80.89546813523269,52.09107478831956,3.4842192158454055,-244.82962896585346,-36.59081881300338,-182.68643253257835,1.0
4203,18.05888923086392,-859.025260659822,500.3586473745873,184.69150442083293,4.680228398577383,-250.81401417434128,-32.253385768942245,-192.8986708335,1.0
4204,-256.76430790839316,149.49853086829438,-77.24490288938041,-17.93749918198411,-9.750311678049,-235.7496550191865,-30.052118312944195,-170.99197349499963,1.0
4205,-111.26835280421288,-970.8897453555797,540.0896694453143,256.05223468153827,5.941117292637078,-244.6500292101035,-34.39317610451097,-202.9230439110772,1.0
4206,-412.568895889747,59.935408908996514,-331.3196506147084,142.59516308933692,2.079704079973737,-243.38177832108198,-33.22749610486813,-198.59875744164685,1.0
4207,-211.37390347929426,224.78017131081947,-549.7287464046508,120.55724217717527,9.574549766392034,-256.2339159330869,-32.968446316439284,-193.3304587895906,1.0
4208,-224.24311307514685,45.38855315742345,75.51790646108073,160.65363210089043,6.825130784453614,-243.2511862887207,-34.51411132535255,-195.41465252347786,1.0
4209,-341.0594271676146,-164.20940770664748,60.75619746515968,322.1424443108547,-10.14444775606377,-241.16868388465272,-30.715735055728143,-173.33855596770502,1.0
4210,-280.0038497789088,216.59249212639028,-49.36580462299665,133.41777182687647,5.904578019329068,-250.37687471523176,-36.754355248384314,-191.56376495838492,1.0
4211,-170.34782503593334,36.88810117965098,-18.259777911304866,-18.12911150080656,0.4522279607611206,-243.55768941829444,-33.72317674489937,-189.51184418078873,1.0
4212,-148.05304908895693,-201.93406875975145,41.9485557802201,-155.49299427921844,3.3780479171201594,-244.26254681057998,-29.354782283964674,-185.91498202328657,1.0
4213,-458.846119126785,-751.914756481357,160.7490450598556,46.62507347054614,5.496770238442972,-249.87571194963206,-35.59024559383484,-196.75803648574256,1.0
4214,-179.97783116732012,-127.187587186173,76.72131905712153,34.84132984930333,-10.345779582946133,-235.6646270419748,-23.04438061749734,-169.40503495719756,1.0
4215,240.29640392522782,-481.15573623770035,93.35833952217816,276.15284246567774,7.2874101719403965,-243.1359738893858,-45.38354474808639,-208.263866069269,1.0
4216,-163.2401526203911,144.64458314302732,15.912473626473611,244.33137391690144,4.140129673161449,-247.0646118552892,-36.90223507932478,-179.84136275289808,1.0
4217,-213.71222602167813,-99.95779265459339,264.1358684412376,501.52307793632184,11.431146164409062,-253.57996309652165,-38.094750154093994,-205.5777693191902,1.0
4218,-292.3618833250167,12.216677057593461,250.3217911226335,480.3936236643098,8.932473035057443,-245.19637219734753,-37.46349955401833,-204.3352802000367,1.0
4219,74.13440446652287,235.78347037035775,-197.7137777010864,-289.0787620211541,-3.875170898029218,-244.90390773541333,-26.60466910147033,-171.64722159661196,1.0
4220,95.04331907327756,-480.0927672653433,193.98397248878135,155.39383757956108,-2.0167342463613633,-244.54869735685753,-33.40476296301586,-182.543791973695,1.0
4221,123.30321382632098,-488.34000285689126,-120.47922753035229,-53.23780951958281,-7.34686628919675,-237.01816312171036,-31.115183090242773,-182.0010974612119,1.0
4222,-59.05746416726711,-242.48341104499536,152.1887849046004,52.40442368174774,-1.2379888913132056,-242.3723041870541,-27.976045260804778,-186.29496405381883,1.0
4223,-354.89184044342153,-615.8795518253987,-4.258083255067779,278.4280664727381,-3.7242532431383824,-230.89896272419588,-34.14464127851848,-187.9289858433492,1.0
4224,-356.2843063539746,30.41946342575368,155.68224803375043,260.27133776310853,1.576573757346646,-246.40848326085913,-25.424672544975195,-178.1319502162525,1.0
4225,-488.9907282710231,521.5955879535105,-118.0298385707598,186.71023196555953,-4.97292419309136,-241.65785022683065,-30.831133503225754,-191.4938713558643,1.0
4226,-169.7618445872927,102.29938202590851,-92.09036048271749,99.74788657901088,-1.959083426026687,-240.8727271920364,-27.000412138786146,-191.35395312621003,1.0
4227,-110.92630005576795,-461.20372351779383,-14.322585692761546,85.64817148363755,7.907198039212021,-257.40227786382974,-34.50496334081529,-200.90852181033483,1.0
4228,-99.32718364399315,-210.15344883310297,36.5930218878115,-139.56881243905448,-6.0780443459819145,-238.6985339577422,-31.326896293061697,-182.04680198997377,1.0
4229,74.92210631635925,-451.28031739829186,-80.80865173327571,42.17811762056145,-7.173851544850583,-235.38258730346536,-28.21700773083974,-175.44135096025758,1.0
4230,7.5362850608953424,63.43392657352571,-57.53723984944901,-54.55169839476417,-0.0385716659004105,-238.87651514219485,-36.648817813010815,-192.37139340396328,1.0
4231,-342.9728547265888,-216.87578141466864,268.74214237494033,350.88785043758975,12.961113142305967,-249.91824278362657,-43.85170711655827,-212.7768769298268,1.0
4232,-265.3758702279048,-169.7165999364773,187.18239105264337,272.1690708744576,-1.0747183082000107,-244.45681881682805,-27.284649553089857,-183.56527318700424,1.0
4233,208.9087526997238,-685.1114478477554,169.5156782422406,-226.594619405599,-6.08918117463939,-232.68591949483488,-29.93985109437383,-172.46277262029128,1.0
4234,74.35115347264447,-270.9666260573745,33.525304505010546,-194.54400672687348,-1.9820168653553516,-241.660409630505,-29.486067524293947,-176.6341175298102,1.0
4235,-230.69533711846563,-209.5349813889407,-539.4651622705488,502.9861465577299,0.7427371860476623,-250.00645416311792,-30.553532072968903,-181.32397285084505,1.0
4236,-190.75935331575815,-250.12896053828024,-153.82150527934493,254.50777565381824,-9.181357248696795,-234.58088041317677,-29.283982940330787,-185.78051854144155,1.0
4237,3.4873633723349284,0.9290372688680604,-10.713558363079855,-11.503745562841171,1.9021294833188191,-242.39220453650975,-31.498849198788438,-180.85582145057126,1.0
4238,-151.03811195289978,127.58959142320592,-287.53475772328,-19.391405717661026,-9.683664187721842,-237.9300182385166,-26.008247698913728,-173.62639670426643,1.0
4239,-292.5273268445623,-120.18851599281935,-170.8660510395182,140.6627640479065,2.225548003422581,-239.4814833683297,-35.73044797504828,-187.49745355721907,1.0
4240,260.0782765278627,-256.5794857208448,-141.86441117332362,459.39400402039394,1.1237467493991349,-248.108731110089,-23.764615087248195,-180.90663061190838,1.0
4241,-187.78121156043363,-821.4622718659582,476.86167939352623,293.9075435539707,-7.71935278220111,-242.5957898460902,-23.282634170719206,-178.9764169055443,1.0
4242,-213.08873493337802,-45.09169742171242,-193.10926460890948,79.1383326165457,1.8563957177574248,-246.88475295772614,-30.652071156112584,-195.01352643185467,1.0
4243,39.21889068344413,-243.17732414840677,-292.5216958591232,310.26711379219904,11.60846096140922,-237.31986243122634,-48.626649980882576,-217.12059326753962,1.0
4244,-188.0260794200331,-271.364646246938,119.10646030300462,-77.99750158855115,0.9672200967155712,-241.02604474542701,-29.80209906093972,-184.57411874840375,1.0
4245,-182.60589050778256,-231.40856486536416,197.18302442338097,86.02383806536383,-0.9777693572785475,-236.08996363099502,-40.269255674265025,-192.61669668626075,1.0
4246,260.89286244059423,-1073.5944939782096,365.6390771198855,-310.60398901863783,-3.4661608573343097,-241.709332328329,-28.541298514328098,-189.43609739312595,1.0
4247,266.6354951462478,-529.0976874484728,-17.606404496260808,580.8622493808637,5.88353182903634,-241.5807531613521,-37.06183997955305,-193.69638734357568,1.0
4248,-203.2678320991729,-195.6634970379715,269.67568355395997,393.77335208197695,10.97415443057602,-237.45271395024113,-43.71171704420546,-208.34399435084816,1.0
4249,-124.0077637010605,-260.42598345210274,257.73235225540867,265.1553952730903,-0.6452236009223673,-238.3309466346651,-38.575963083303556,-193.61682645547987,1.0
4250,237.60314247980645,-590.1742282389105,115.79391220304005,-424.27831872892006,-6.145459930433671,-242.02918104620412,-29.122859654470545,-169.54569911997723,1.0
4251,-95.63663797610003,-157.8036606507674,65.26475114913673,-74.62397320640362,-1.7502543634345056,-245.00437598287175,-27.965860329744643,-181.66983220784,1.0
4252,-380.2607825157657,-361.890695442531,-18.395546932103034,221.10377655082604,6.272651792744165,-246.2115203970393,-32.954158343384194,-201.1354764670712,1.0
4253,-517.9224886012857,-119.20249433838765,243.35957585193904,-12.888467854685647,-1.9057309592229243,-237.13044785909042,-29.855928741501465,-179.83186775617366,1.0
4254,-296.67796812834604,-532.9527755399046,73.06059765471748,214.48268238031497,-1.8771192824291183,-255.3054617776381,-35.068295434288984,-177.51767230377735,1.0
4255,-545.9952431279465,173.07873461190812,-510.0803224173161,388.57557707352026,7.046621855941197,-246.35194575526884,-32.39702063224313,-192.20292083587702,1.0
4256,-243.9013755680003,-366.9619995005382,340.1675365790131,407.7624159989151,1.5157072347748042,-241.89869939727032,-32.237467675333136,-197.39657048059058,1.0
4257,-99.67821402382178,-418.2432773361926,292.36982740694674,265.7487795850779,8.767252459054426,-254.55916551040764,-29.412255008196016,-195.49424810476052,1.0
4258,-286.06063123406636,-170.5498958282795,9.068300561552878,-107.51867337724757,-11.23273110594927,-241.99401487168578,-24.020446477854556,-163.9297767801247,1.0
4259,-383.4889886987179,-286.3869935689109,-155.35510692920062,120.9795927694504,10.631232238581863,-254.2838758946767,-32.514800669033754,-206.54488038696633,1.0
4260,251.13365950287601,-471.7143196437119,98.4506184377524,-341.1859148359644,0.2004370869692671,-241.42505381324835,-33.64400863180659,-191.83973382426566,1.0
4261,-122.72666258054123,-426.50914062864257,305.7247056539021,231.191257582281,-0.9063677012625468,-242.71041281190372,-33.006904976315155,-188.80926101242576,1.0
4262,28.210569622163707,-938.6225915266964,367.27159703963054,-269.8139607388623,1.9410554119342316,-243.58817134381493,-36.25846425879475,-196.20848777216167,1.0
4263,-141.04761821957445,170.58563448163588,103.28532798601012,397.27608861839354,4.085576587837267,-240.14463722162827,-34.549804515166265,-190.5981466295599,1.0
4264,-328.2637661377981,287.76658798213225,50.17099589893055,374.9112238972812,-5.605097326573148,-239.47510118979028,-23.928677770311268,-177.29568842854653,1.0
4265,-184.88040500469873,-238.3574002290521,-460.50285558111943,570.5254817394618,-2.0958598699865565,-242.66323787765882,-31.100132939153323,-184.9125836870076,1.0
4266,-176.29366085225973,-185.33173203093284,-116.22651114318892,335.51713407239544,-0.3394480600785532,-247.8601962218711,-27.443506222837737,-182.42997071556405,1.0
4267,-442.0151949505126,-223.56610344549244,472.9935605674311,806.0882451011165,-5.929434147948528,-239.6450618790847,-27.164799420941186,-181.49201633467283,1.0
4268,23.016427378601144,-40.60298555392663,-18.390838312480096,-54.59004904418947,-5.693404348827559,-240.35802942505185,-29.069327500157804,-181.33630251080535,1.0
4269,-33.662169526197474,34.447446151343875,-31.15420096718371,172.46359313817078,9.541532768259431,-251.1263918038888,-37.96132928629285,-208.7859329857515,1.0
4270,-330.06249794738653,-496.97531197919744,-6.560251038271159,-30.15834076893402,-16.35618761975335,-241.36086225186867,-19.613335735270006,-162.3032320082952,1.0
4271,-367.19128645785395,-255.63198850024781,348.8721539570783,476.62367173798145,-4.689330597738921,-241.29818904270647,-29.199300989742735,-181.33669665624222,1.0
4272,-331.12516776996756,-319.83664600846015,-363.39992565609896,363.34728905572587,-1.4561922218228966,-247.37716476829561,-28.019993874113638,-180.19228684015332,1.0
4273,-276.69908127501554,419.18472112687476,-63.621800594879744,264.217232618934,11.810640365752484,-257.9621837718637,-38.62897646426361,-192.13393161143776,1.0
4274,-371.4008491566052,-25.366868155974885,92.61682872890071,47.17324525611109,14.83119071585203,-253.21257987616707,-39.39082500136659,-207.3243660208942,1.0
4275,-152.1232247153293,-195.67881385094026,138.93286046022766,74.75621795915959,10.303995343360233,-250.8772249869948,-37.70088237985035,-200.15623835797297,1.0
4276,163.23452772393233,-384.26262023969,-24.08344016003785,338.70800640008457,5.446682586159953,-247.7689416983311,-29.842619687781735,-198.45096798540612,1.0
4277,-149.86998365094374,-445.2548927836654,401.7573534473589,179.1268792545273,-1.6871046305380903,-239.0027055499834,-37.47693261160463,-193.67505892946423,1.0
4278,-253.6252192752984,-362.9826879744168,202.37016343601297,-7.8420939002841195,7.063061445633795,-236.0369286043915,-40.580297357193885,-208.00986283645653,1.0
4279,-332.58799957278467,17.852342915175146,-192.83489388900426,186.13940750524333,19.78289418649965,-264.6301221856036,-37.510071714256284,-211.91243386319107,1.0
4280,98.97481499839253,-331.2468963013378,421.18268471670496,-101.3446006075342,-6.209673067005097,-233.94928345706302,-27.464421949655126,-178.25044462750805,1.0
4281,-340.4425899353464,-29.822335107317333,200.9387278824116,301.21131120530185,25.347344283099023,-263.15807696938674,-44.76674893127765,-233.12628417087737,1.0
4282,28.500131863677304,-370.97982818946605,125.3749243645341,-138.68394446190027,11.932593235636126,-248.1008812829386,-38.193279362874705,-200.70971333986745,1.0
4283,-423.4898313429394,546.15388111071,-35.34439311776376,402.926064218326,6.299455200672084,-242.70122077222427,-34.88962164084205,-202.35318967747907,1.0
4284,-151.95357747324834,-598.6314405995197,342.67419325566203,79.58606260445798,3.5571775887267236,-248.25789329088033,-30.607960740228506,-197.96746458693218,1.0
4285,-14.055189329246387,-190.7267270579914,-316.02128056790445,342.3810877459712,2.1068791023669418,-244.7498439354788,-31.808387291523616,-192.66046061410603,1.0
4286,-81.17321364432541,-47.51179219255981,32.2676419288177,-81.92606226902126,3.8431451315434275,-243.13084698568613,-30.540431986922727,-194.90435854650548,1.0
4287,-176.13747320611031,-346.3334131142724,-89.55076929955663,257.76262882667777,-10.145724572524975,-231.88012750590914,-29.167421432645373,-184.36395560733604,1.0
4288,-482.0234703030092,489.2472826656004,-101.68618352024924,233.39567281752412,14.165112210437723,-245.09179169289206,-39.12224804079928,-217.01990660544368,1.0
4289,-244.59617076453384,-28.74398430276606,83.42193645941258,60.15756107522889,4.266245269678554,-247.908393360503,-33.20674248885001,-190.4857822814162,1.0
4290,-514.9234758688539,211.57595744954887,-175.47582131471168,-123.84580563133687,3.944121286316792,-239.96958685445958,-43.316216471036114,-202.2955944419374,1.0
4291,-615.3974794603711,187.95086482948182,-375.3314169189627,137.00320205452118,1.0830267751600722,-239.37411932543517,-32.98410792652106,-191.26870128731076,1.0
4292,-169.499650700469,-211.71413068169196,192.98655365319536,-390.091103309735,0.8623801620797525,-244.5351962940466,-33.830066782169375,-192.95368684875137,1.0
4293,-430.17535119034386,-86.42727190087855,242.76528823469937,401.4469007039109,3.7823072076901254,-246.9288759147062,-34.99944110359323,-198.69657894785752,1.0
4294,-345.59618300629586,-251.71973953275,200.48278478068724,138.87882011159698,6.638029604611658,-254.5723221637687,-31.107807873739095,-200.5706364922422,1.0
4295,-185.84686089295,57.48063725017638,-1.5205649875497995,-59.74448349606894,5.172618083663136,-249.49404464410196,-28.560285807402654,-190.24668872647922,1.0
4296,92.64015486168051,-486.5049993165984,285.543015963632,150.90272849792393,-1.4486185714183333,-238.27658004636382,-36.46090376788762,-198.451722508136,1.0
4297,-214.97203672921378,-864.5731399851359,607.6440718650225,370.1486300890547,8.567240500361837,-236.82364068857228,-36.10696311820717,-209.32472121443539,1.0
4298,137.42382356418682,-116.35009266155616,-29.18592878738253,-218.5348805420675,-1.7633986155094217,-243.58894891322146,-32.88007453044855,-191.89183089040856,1.0
4299,-600.3708266527696,-50.463566015970926,-102.88520796703125,47.22631252101171,9.074343796218262,-245.50763646519007,-37.12971533936346,-211.52258913298797,1.0
4300,106.12687949688704,-9.780845719529975,-284.96407752869885,88.02748942774062,-18.7247938319764,-222.40530464376246,-30.696421295084075,-172.04140053203218,1.0
4301,-246.0762601167399,-129.7342615260025,147.38947867747265,191.17318160030035,0.6479437732662798,-242.7024836673543,-31.48686211994919,-194.39972913098308,1.0
4302,-131.60757043288257,-81.34507604789056,-318.11030532856626,302.33067267228614,-5.085955628100982,-241.05291558248194,-31.2665180372533,-182.71751410331905,1.0
4303,-206.7855254656807,-267.9984191915772,80.6880892311594,82.44463728575501,4.68992429277133,-248.39920495056217,-30.65613041501929,-202.61335957260152,1.0
4304,-308.5139993509334,186.7016005686394,-42.28818363611491,19.935464683473025,2.8149312696735147,-251.00047358054331,-32.49951930195038,-191.29044617493045,1.0
4305,-417.83128977134123,-174.21655462444076,-338.1289351465727,261.82035239102595,9.313245266341626,-244.8365400089707,-39.196192448938056,-207.38263662631135,1.0
4306,-358.4885525153948,106.46149872537842,157.8226158122451,342.2362875653134,17.372031686347576,-245.57774002714618,-39.599744390283064,-208.26687844161154,1.0
4307,-73.2036075741078,-184.76343491889062,-71.32145686713206,17.09022991485538,-2.451525339918118,-242.1017064802189,-33.87666987758458,-198.1835719572446,1.0
4308,-64.1563713848441,-1.6469410057829537,89.53709400166542,172.79014402401884,-1.4488064806904135,-244.23251157510498,-29.069043958649107,-182.52867859694328,1.0
4309,-362.01198709067603,25.806763598519943,103.9573781041224,264.06872466497344,6.787704398392882,-246.53369747905822,-36.73166893314946,-206.42318945789742,1.0
4310,76.99162388135528,-166.24912209556263,13.184772015854396,-184.8007638997847,-5.886065974144192,-239.14075189495776,-31.45591221485025,-187.10858214526604,1.0
4311,-55.34106718681817,-378.9513745475407,319.64535761274476,66.325594062071,6.687994315761352,-248.19311812046692,-30.611982498307565,-199.21020095878808,1.0
4312,-301.8809726860217,-222.1111925145104,-107.25177040606131,291.5469251193034,7.726516381528301,-252.56407102556278,-37.6751001156336,-195.02229652117495,1.0
4313,136.91166739361407,-503.5463470916802,446.0499683650406,176.71597379842737,15.3339065922581,-246.14891671753335,-37.0586841019747,-214.51205242583532,1.0
4314,-475.24013825441693,160.92239855873802,-326.73466253846897,3.8884690602210448,4.271813820145083,-248.61414454558349,-27.785680461333897,-185.29367856043106,1.0
4315,-364.83830036408506,-55.313880693179975,-36.597132624335146,-129.1350220895636,-0.9335374995044021,-232.37145574345908,-32.883011164323165,-198.73265416106827,1.0
4316,-206.5397104017149,-318.0675788106662,176.37594320192972,147.4562602942656,10.055339504439532,-250.17611255793514,-38.728845357522296,-203.51616686131823,1.0
4317,-344.29686208136485,-38.339139042510915,224.51532471690524,376.0613564410141,9.40781186740857,-251.7912420624482,-38.57187219387945,-205.50830197205244,1.0
4318,-5.165129061202167,169.3490273208442,-150.73082596452218,-120.99947628482859,1.0474261520386727,-237.72016500366556,-37.88771599311127,-195.85997391303775,1.0
4319,-40.75639178552064,33.10311366404659,-65.71491674463945,-96.3774857820967,-8.860306514535669,-235.09866661930786,-31.73250993775066,-187.57938039396174,1.0
4320,-155.66541998147346,-246.7370061302437,193.66907599391777,119.94927285822041,1.0493388224026854,-244.72424722210087,-35.20580310367932,-191.4757131671746,1.0
4321,35.017648240546116,-217.7430506725597,-19.65109950251327,117.73812039021993,-6.357051692530386,-241.45721262813376,-30.698580300181213,-185.44779839281162,1.0
4322,-270.45503412137475,-7.140585627048068,-330.21082000916266,50.95811547615363,-8.876659368730506,-234.5685755428344,-27.29202747320341,-173.28271538183,1.0
4323,-76.85408603194227,-6.6129561771051115,-137.97330641163535,50.27898512892739,-1.3460825408375898,-239.07640975945634,-31.413899287521755,-183.62671618253674,1.0
4324,-22.019446343448923,-34.44996606377475,-118.64248436442712,97.48580157752181,-8.99339740899195,-236.14969584947667,-27.167776404928535,-185.50028213103448,1.0
4325,-69.00480021975103,131.7257194441186,18.163241101846506,280.0836841599157,-14.268414660173034,-239.24905720569288,-25.47437697797742,-168.1279300379706,1.0
4326,58.02370292902137,-395.4664887453355,233.22151132777202,98.62647792378098,-14.091595662924869,-234.6795965264988,-30.233681935638927,-175.08998972367274,1.0
4327,118.20678870118395,-461.8482868925797,-24.42495372877367,243.27303201372237,-5.138454010488196,-241.41312054353426,-28.91875956367082,-170.92299750279227,1.0
4328,-21.50054970105799,-256.95265111085837,1.8944309723606834,101.22375589446344,-6.62977724800959,-247.96164620475358,-28.09807214310832,-184.45159709623812,1.0
4329,-134.96493086659441,-663.2530382137481,460.40695812598835,221.99026420063234,-9.344867253603343,-240.41945628183575,-22.21741771143423,-175.04023781423876,1.0
4330,-398.2511529577752,-15.741036990738477,130.1763476346852,229.2316233865611,0.5310223754287894,-241.2713989444427,-32.843482995716414,-194.173499698262,1.0
4331,-183.8130640676265,200.99132531553164,77.6352606239574,203.7201038544998,4.294077483359747,-242.581666082721,-34.81048928369568,-192.56228785360605,1.0
4332,-385.80057372973766,409.742592194185,-375.10669836096884,-118.55956081601198,9.641375265744164,-251.00432616149496,-36.36473385167147,-197.79182290611288,1.0
4333,-183.05475176736562,-93.24885010678821,-172.63341855671857,258.4064038932232,-2.7645864399475064,-238.11999117269886,-33.6680483311036,-178.38660676595245,1.0
4334,-73.43208131035303,10.787452548712917,126.06342209553824,310.28176357247264,-1.6106306960833643,-245.92951042322815,-29.7393780163837,-191.36995437806152,1.0
4335,-112.57500621694956,219.1523507222949,12.775686057346046,239.32745597097176,-1.9591583944288296,-250.603818689092,-23.68762586358448,-188.15827054786538,1.0
4336,166.57914193833884,-731.4199040032719,-135.69347016486464,178.90708782711837,-2.5414697049258987,-238.44647204942896,-31.78385289107613,-195.6007651721858,1.0
4337,-272.92015205494977,80.94797955970682,-198.66471152148875,100.61449830526021,-0.7737812963989794,-253.53333133338955,-31.29494998291313,-187.58663144035808,1.0
4338,-33.80637209042507,177.62961068703635,-29.82674817658111,100.77513862724221,-6.928137728097443,-237.60320549016407,-27.446779191788956,-182.64381095841594,1.0
4339,43.62627188559558,-42.28336333257852,-541.8214730132053,232.39982167702357,-0.4591085382904314,-239.98754410424723,-32.454558421990875,-191.5988446626937,1.0
4340,236.23668194785762,-11.064811563745568,-120.68291475789465,-26.466126780225885,6.411548080196589,-249.644837287716,-35.67043646983179,-196.28320980593588,1.0
4341,5.997694420212385,-355.8441568684015,55.53419146885727,427.07950231713454,-7.262012934425888,-233.72904322602218,-29.794656593936082,-178.67980445349392,1.0
4342,-14.063303919730474,16.05178275334067,5.338213628245647,-102.10568692689934,-0.3524172225640736,-246.49758637914428,-23.575891807769196,-194.2982311069385,1.0
4343,-0.45276200794344135,-302.97470203923893,48.78608724803048,-63.39730278573676,7.769009524074916,-249.85889434153188,-35.417683655308274,-200.32543907399784,1.0
4344,-148.24110738098298,-472.7807514630001,347.2212224326943,282.35458471550237,-0.8325660084964877,-234.77255639100386,-31.798895615889876,-191.57554462878213,1.0
4345,-455.55688702985543,-54.55499010110185,-232.8997613885361,-2.862402789472007,11.118100953292155,-240.90314908022867,-38.589694253440584,-204.76580712508823,1.0
4346,135.17652156505488,-374.8666744784911,69.49942595241163,-235.7387482015802,-5.906113944469524,-238.69347909052087,-26.61886386318944,-188.64580925178714,1.0
4347,-294.2463181031572,964.8923997187177,-430.4620258231973,42.39181399226557,15.4899860753096,-256.38626660091876,-40.07431801509688,-200.90426209079095,1.0
4348,-377.2896363843836,-89.72567888996944,-209.37296725386872,404.9874416959683,12.36091609090051,-239.18787708638484,-38.139518177757246,-206.34572829327334,1.0
4349,-153.66179816858815,-229.64663054051525,110.72418314315229,-100.73920041619635,0.15259402126439348,-249.12958123542646,-28.458683463780563,-204.70772266420158,1.0
4350,-84.50506600297115,-793.1133175707032,424.336667134836,294.18331918189403,-12.252757338572616,-236.3574472231071,-27.1047603537362,-171.40214195263695,1.0
4351,21.546071163713055,-244.29850213226433,143.77859704444808,-137.683679986379,-4.996822965158108,-233.53645490993628,-32.58442033276991,-193.58403921461348,1.0
4352,23.12770074921653,-813.3603761404696,340.2556714714407,-82.65305495207058,-8.818108546039976,-231.36375749217433,-30.241510435519174,-176.65496627155787,1.0
4353,-55.743110323644075,-354.7050137039843,180.6916255314927,-37.757321492531325,-7.395808035561684,-240.71163007698544,-29.210915441551347,-169.6020245116227,1.0
4354,-370.0016258036296,-288.5751156386824,367.5048714252584,470.6466210798702,5.733238775803816,-249.9952349800599,-30.677795290245484,-195.56380543762398,1.0
4355,-369.8183576051967,253.12691347026336,113.73788994728586,473.12835967001837,6.41843656627179,-251.4026043842365,-31.94081249499388,-191.76431995364035,1.0
4356,-408.39971641737566,-279.37869219723757,77.35196514303686,333.3063151301732,7.671735253567583,-248.33522958789408,-37.31103832232852,-193.6150927978659,1.0
4357,47.35464920654624,-147.69151225408652,-92.27854481327608,-395.7293977396685,-3.55799678438704,-231.48029070299896,-31.10003251489036,-196.02966734982263,1.0
4358,-250.71226281288236,-369.15203918752565,45.98975941992043,20.25992785507158,6.047931616101866,-247.79190988313582,-35.16374511980676,-204.9242953523032,1.0
4359,-59.32892727709922,-262.03471637727154,184.1660707800126,154.7445320745105,-1.6929332716327337,-239.802543288533,-35.96474551021611,-182.73713840750497,1.0
4360,-6.557713484619532,-439.2285154924906,-77.1213457880134,-64.37401558394203,-7.755271361911696,-239.04630100005565,-30.607514886813142,-176.50512191895103,1.0
4361,17.918353584880585,-375.1180829558834,240.99924477855149,-257.9261487625994,-2.985715461132055,-246.04730590197144,-26.888602397440433,-183.0015514031139,1.0
4362,-188.15320572235456,-16.59424246211443,-79.57307287122592,94.70505089885779,-6.755730743027005,-237.19745981258328,-30.09000594748761,-183.1874097862453,1.0
4363,-17.67033934778217,-23.040413173235375,-341.39091049048574,50.05063823584197,-8.700252570327514,-242.8478606512046,-28.116026731956516,-183.40498883514942,1.0
4364,-59.54203071580568,-600.8677903148957,312.51150088537213,15.63934744341755,3.0886094734818585,-243.05191796735164,-35.04213258267523,-192.91383149757144,1.0
4365,-323.65434322168704,438.13828510599126,-171.75031408623522,75.43412661745106,-9.035879134415666,-234.56665910710933,-34.93844997828531,-182.67905393242145,1.0
4366,-508.46785999836294,348.9078710916809,-393.9781413741622,57.463163156312056,-5.669023781706753,-249.72043779032091,-22.7935353361207,-177.98411156615748,1.0
4367,211.35576892028888,-331.12724953944274,135.73571053487484,318.9507381745625,-8.305417755694576,-236.39447197383512,-28.657905855534327,-179.6826707418098,1.0
4368,158.48533580740457,-708.1907956819875,324.18073389300736,-142.19548085561527,6.1610758274733675,-244.62721832283162,-39.97688751511146,-191.24969044827236,1.0
4369,-169.25021762425212,85.08569314211853,101.94059860799803,276.81294169655547,11.251337482192563,-243.19090289529282,-41.76207078381242,-209.19782391987744,1.0
4370,-86.507533886729,6.170522621283081,7.6448739170491775,70.52343002428387,-2.3843794848582758,-237.76759205786712,-33.1998875388141,-187.03125628306336,1.0
4371,-61.163118029552386,-419.87752520651014,71.80514198307381,132.51843633726835,-8.653391023113576,-234.91637761836813,-29.762911436187427,-174.61531987240133,1.0
4372,-380.7816863528771,149.22109603546016,-23.567758954547678,-316.20021224986516,-6.4372610884017485,-219.88092114665568,-34.85023523025382,-189.76968165351514,1.0
4373,-382.28863339790877,12.033987397537583,68.0902965090238,56.44434340637816,7.428655387125435,-251.5783078621141,-33.62952099036568,-200.11570246264478,1.0
4374,-302.1494457930939,-163.79277397079477,-392.27971822916004,56.391100969299316,-1.9064156743579619,-244.96302083444752,-30.405812434650795,-183.30992932748356,1.0
4375,-269.88830713203663,180.66739610783884,-371.677520729153,-10.102527399202277,-7.584398075748364,-245.30485266136577,-27.431998627388985,-175.8282680858978,1.0
4376,-243.12647216015532,-388.20022704638376,289.06241167914095,233.69945571090983,-0.02656763962882036,-240.88508283070473,-30.216276654931146,-190.69475502123535,1.0
4377,-346.33201442034675,206.50587215130707,12.303728722534114,122.02911778941595,-18.360628130258643,-229.88674781099283,-20.621367505143013,-172.71607308496814,1.0
4378,128.5527057738988,-420.5060712892466,-215.36021040416878,57.409003981002215,6.214164464125647,-244.61119190747058,-42.18862566127238,-205.3543485425032,1.0
4379,-223.60694742366448,267.76502137711395,-161.39343984969577,-191.44030420675597,1.5285455988815353,-247.13631406721433,-28.547459363285803,-188.92950777595172,1.0
4380,-282.5730009585488,499.83202864807856,-593.0021149222661,200.55506373127562,-5.130076193574161,-243.38389961817487,-32.538521890345635,-180.78463897406078,1.0
4381,-118.58598539273184,-442.80323517047674,263.3303267535744,135.4022216501693,-0.2093321165632418,-236.79504023651532,-34.170031689093804,-203.03516776796286,1.0
4382,-188.16055464606796,-578.4972616630031,332.55416094366655,225.641939684199,7.785152955396464,-244.63242272467207,-34.28514652452463,-199.29977075417509,1.0
4383,241.5788542551898,-771.6158857406349,518.8254624021756,-166.52218216538998,6.895166532979623,-248.05063947608937,-39.30082215866183,-204.82956506856283,1.0
4384,-283.44478430230697,-228.92550792915407,211.08242935634908,196.62297652402833,13.80200291680298,-254.39472881394786,-42.38119103175118,-218.2577143674613,1.0
4385,-219.02831477499737,19.411857459575323,39.91820814259499,186.63148396233575,2.0837977492991855,-251.10408312683865,-29.590882574285814,-184.59602417181196,1.0
4386,-474.130579757961,-306.92189485717523,384.67380165993694,438.9971267698666,0.19082666329987807,-245.12794563750006,-32.619458348631106,-198.40806694629245,1.0
4387,-95.89063869177619,-117.76104870805979,59.59929931888021,8.332263295670428,10.582841232603547,-246.41213703872143,-40.54281343916025,-211.62630695316585,1.0
4388,133.4068565539142,213.49107905770813,-153.01283743543604,-77.62078822379621,-2.8334302630243795,-246.6767205607083,-26.498884673229295,-180.7250156290054,1.0
4389,-356.00141433300684,46.156168925558646,79.7205056644477,228.76381974707644,-3.5621526275581257,-242.47800491938204,-32.06179976258803,-182.68878625411125,1.0
4390,-206.8248498664165,-186.36300222396505,135.1426722967629,-100.14402943869266,3.7646454951200106,-243.9334603092804,-33.5943755576217,-184.38831592451686,1.0
4391,-245.45420993645402,-190.40074452552696,-154.528353944401,137.7578544350599,7.982861600353521,-240.98732686461196,-39.318436102860936,-211.62291990784865,1.0
4392,-270.2764434962072,-67.37634138420752,174.70488524363347,204.49071620735663,3.1770652613160713,-244.65014052026123,-29.53652148865515,-199.38559936871786,1.0
4393,-419.3191062109209,-64.2592563248409,-150.66894743333455,-49.102401352839344,1.9030082180540893,-245.1801097321262,-33.26569429124868,-197.97198921234454,1.0
4394,-415.34610082076523,332.96700055598455,-27.11488112425271,-56.06579571174777,-18.86479286959067,-233.7050161306946,-20.219061089124416,-165.04886918242758,1.0
4395,-380.5592520667297,-1.5835526066475758,135.8735072559255,209.87700367910844,5.872793080758525,-247.63889869404522,-34.55963367774856,-206.55582686403582,1.0
4396,-205.02419960544725,-19.793468800389302,180.12543705887697,362.11988560166503,-5.250318146824937,-243.4101092746652,-28.01292731021951,-180.60957843916543,1.0
4397,-217.52919903120738,-354.78932578059744,227.30920584024338,70.1508081233524,-1.2777921667018353,-246.56300561929078,-29.579335735097082,-181.44144046941798,1.0
4398,129.02497721170226,-659.1149667149801,232.96131675077888,-232.30367968596278,4.902228939465326,-248.12204414126006,-35.832588826771754,-203.36298039162054,1.0
4399,-93.84509318552283,-652.1338930249877,463.5829813271715,369.8513326669084,2.7845754781470715,-246.97869211994657,-39.16058785984465,-200.6726261693912,1.0
4400,-200.89830142020148,-90.2515063996188,-142.0005186374824,-164.18114604844214,7.858948260190681,-244.0192863222032,-37.07962967373977,-197.16459035449185,1.0
4401,-134.26383471214845,221.46813133455274,-335.0541393295834,187.43180589176717,-14.834828936568755,-229.87281357494658,-30.131761503857348,-178.06380961553907,1.0
4402,-268.3562091532394,-212.37387592912293,18.92360016750434,300.9831034935928,3.176331409610975,-239.41346558561054,-35.64950767389006,-197.22780493081217,1.0
4403,69.15009377910724,-675.1668174750563,272.7621792241731,-123.60704252521444,13.681959901604417,-242.72298804087154,-43.398947568211256,-222.08854784511138,1.0
4404,151.01659933327903,-694.3273255778087,405.3310672899228,191.66198031645982,-9.068998621261512,-237.66018407059659,-24.003212125767845,-176.56747688694014,1.0
4405,-105.45324595453516,-456.8461270022734,352.45369536565397,286.65114533742945,-5.170676871442187,-236.7863124882168,-31.17842922239449,-192.7212518419186,1.0
4406,-32.83151911678177,-387.0737440410426,252.44532169027113,237.09322142679906,-4.594611892597879,-237.99085100775852,-29.351801287159937,-186.13637517399016,1.0
4407,-96.87209885021805,-209.40186831332545,-202.0502743547593,215.27376051646021,-1.200587176416184,-247.74938771442487,-28.45259743668944,-181.99492453351672,1.0
4408,-30.986117047418894,-496.06920530901243,125.27650910572983,-213.02997363475944,12.415437182968414,-259.2599974098151,-36.87358878290282,-204.56001592726832,1.0
4409,-223.0558948800372,-457.33234012799863,175.50768581184485,229.7737265266237,6.082209472919948,-239.89583699671957,-40.97546357392893,-207.25137182913392,1.0
4410,-137.83351555792092,-399.84215343350274,-66.9846641240327,526.4195022035299,7.232265662420882,-242.71571499816403,-41.617119536815345,-203.59765936228058,1.0
4411,-415.5103422572825,353.95618294723755,-871.5727767095154,190.3234230590957,5.722359158279897,-243.5850207976458,-29.364319688532806,-192.58750485285574,1.0
4412,-575.8130139702129,-153.11744140893796,335.3352560106371,504.111770430584,-4.051716720608325,-244.98643283695142,-25.98771845114799,-173.6775650990182,1.0
4413,-366.2716251490994,-81.22743169226331,-202.65270620392081,275.30826974922,12.683773577204011,-249.4772712747178,-36.2669577252164,-209.24470806311166,1.0
4414,-348.0790234833909,12.336284220742844,-407.8846698356718,117.13977617365107,0.498819538526609,-258.45244848964853,-31.0212525662676,-186.80675718474058,1.0
4415,-288.52261261009494,-359.2607456740391,-217.3484545564141,381.68286015039274,0.879779931724523,-250.90304356139066,-26.481055701965087,-183.51440095733028,1.0
4416,-6.9927025465866155,-363.42677519431834,242.9581273703112,-31.795666720609496,0.2464644486979347,-242.6621020817267,-37.439836863696165,-193.65471718765534,1.0
4417,-97.73280574794542,-324.2140955185955,251.58380894865164,241.07922495341705,6.6407267025038275,-244.71363617420974,-33.574116050027015,-199.08692526648247,1.0
4418,-441.04127324569066,-3.3690282025572005,-301.46517831315833,129.01877882386978,3.808292134781547,-236.69979407522987,-35.42796085010388,-206.07447240330566,1.0
4419,-360.42728406085973,27.831547307184735,-13.961921471797822,28.302256106384572,-7.658342356368726,-239.55591588679297,-27.180797164394907,-178.48618513383175,1.0
4420,-239.061491213831,-298.41935886054705,-147.9227873492468,209.52702263590348,4.889038868705752,-250.9819095775697,-34.37355362888924,-189.0217326860175,1.0
4421,128.94319923588318,-728.1503590415588,442.66013602018415,184.37417619877297,3.5679531845760577,-254.3492139447141,-23.118097066162072,-182.02036418458738,1.0
4422,70.43217222225886,-255.55509496304003,-82.67224893426865,-151.15327424739428,-9.583967447329282,-232.217911214224,-31.379228462505857,-178.95896911607565,1.0
4423,-303.9084026318829,225.65766780909703,-352.9392648318391,-242.01678984885305,-3.209086487382528,-242.50721025435502,-29.21266713430652,-178.39789034025966,1.0
4424,-373.0167802307947,121.13518822323299,99.1888197415552,203.12967231769275,4.603066007978782,-238.31613515712473,-39.6319217912871,-204.50405584668655,1.0
4425,204.11556800461958,-550.7934219584952,149.32454523898272,-298.65077625621336,3.0746367605829215,-245.905239763366,-28.48290678089058,-192.3193859660384,1.0
4426,22.821202534464646,-24.84230162706038,36.1740128172128,-63.7437179812602,5.514869757459578,-234.8002400470739,-34.958786544788495,-206.96112670360407,1.0
4427,-220.34990162404293,-132.88231126761417,-354.9835885418795,307.8794754782955,1.055815016373692,-243.89271452493253,-40.24364018269295,-188.9546979876562,1.0
4428,-268.7885590298952,-460.1086024761667,346.6111190206919,437.7197338501258,-0.8014688439340945,-243.3301866242099,-27.398201176825843,-180.33046583326797,1.0
4429,-74.05232940494044,-611.4787761457151,368.74728214993166,235.1469703342091,2.4054061431478395,-244.53633166129114,-37.91355868757267,-194.02501059984564,1.0
4430,-201.3460462680444,146.03066552928223,-369.55778064607966,-27.151927890008576,7.428618592225474,-243.69778021949574,-33.17126255570957,-203.4912774659614,1.0
4431,-156.85285523327798,-127.70935520161456,78.95686983166723,-5.15610431411424,18.09424813361918,-246.14916741047833,-45.44608952154491,-210.2569465183763,1.0
4432,-299.42125127033876,-35.815155593163105,-340.8330833990388,-32.5254958161719,0.3891576444157264,-251.34723432426486,-23.002003746319993,-177.43777340129142,1.0
4433,-59.514423314437146,-256.9308264360934,66.44912047342801,92.39278074497605,-1.2529053434774573,-237.10783435167238,-33.24950066278901,-187.41227381240154,1.0
4434,-132.1135219879367,-363.5522127048054,258.8974040367188,244.37824753055907,-9.333194110429677,-246.25119619831545,-28.936228708496845,-174.6246553014276,1.0
4435,42.881363352458955,-32.07379887531416,-37.27150572455011,-173.73787872650453,-2.202349997944299,-238.35198349042824,-33.652644020474554,-201.48565470930663,1.0
4436,-59.682084627462274,-95.46729883189185,-189.0685289858461,95.05017905315111,1.8776700983880843,-250.356823124586,-31.339277243487846,-194.57571007448033,1.0
4437,177.06829121743596,-898.8900996486475,264.8228421214223,-264.79147672208757,9.500292520639283,-249.95999832266642,-32.15980383215879,-208.09019151581558,1.0
4438,54.3625961759918,-38.81194854657435,-94.16978024287901,288.44687783631156,-2.122903771137744,-247.49203346777597,-27.079792442147962,-177.95402605588532,1.0
4439,163.90230659681575,-675.6784469034043,418.1834994010267,125.98679369523667,-5.117264381243034,-237.6789883736844,-31.47738467034006,-187.27664430206386,1.0
4440,89.03223317273965,-496.57757890767516,137.0735638328687,-106.88378060540455,6.843156289000337,-250.78927506180796,-34.34047378643431,-206.86096230109695,1.0
4441,-721.3779429273405,149.34375794510774,-264.59825747353324,-86.92969059038988,6.045267674737429,-246.64070296489535,-37.80434389399412,-212.52765925309637,1.0
4442,71.41615504270385,-184.82579265484162,-199.49797931959233,-79.80121241916684,-11.49374461775531,-238.11615353001045,-25.208027748734,-181.76634636509522,1.0
4443,181.2352541306241,-828.0642656897975,410.37213264954084,136.47591828352148,5.966995313166485,-241.42257754866685,-35.0499240772838,-198.63441535912142,1.0
4444,278.08813702098286,-571.7789905525763,2.1701632414805383,295.87162184205437,8.682481771090899,-244.49591290134092,-33.10207127436856,-200.29282722757605,1.0
4445,-200.772359566352,509.7201148638302,-165.73692062481115,133.79940353675838,0.3270135184753834,-236.8128781314352,-35.90207095081593,-189.98380324854904,1.0
4446,304.293304365172,-538.7621750638524,180.88341238957503,-169.41184552485623,-11.960467655206946,-234.51622628580506,-24.50592250400818,-174.45370313398286,1.0
4447,-313.6973994554303,54.43998396953624,-282.6197646986708,163.96840284491677,12.398930107504231,-244.99021132812706,-39.11855848778589,-209.30686758815426,1.0
4448,-269.7077145012526,-230.71044438729714,222.54668744321484,212.41126809312814,14.978314583394495,-261.5584978650343,-44.43831369833144,-207.28000856676985,1.0
4449,-218.88404386416855,-509.35133774395734,293.8955428853146,331.03602388155576,-5.836422674082997,-241.62269292725264,-29.29001268889277,-171.68721353794675,1.0
4450,54.03233372580236,-859.3596259725075,465.70079024370017,183.26412757073197,-3.64460052239205,-231.44074514558463,-28.137470478076775,-197.77233057368008,1.0
4451,69.6755054847443,-290.9519471559113,100.58378913058289,270.4372898491247,-10.475133335248877,-231.53787475791626,-33.75367034121716,-182.30668086446846,1.0
4452,15.269244615265332,-346.127419868693,-107.08725232125806,115.46529705191713,10.052915499752814,-248.61141333212652,-36.40513252135966,-197.18528620881958,1.0
4453,-260.18377186346,137.5322220322532,59.95824109926946,269.9449856285674,13.173378119769106,-252.38855769773895,-42.43376222632736,-218.18159721317454,1.0
4454,-177.53067076603554,-93.86695871231618,155.75306420979902,294.21035229930686,3.29440854275021,-250.97823616764123,-32.567952086365345,-192.70932087686404,1.0
4455,-64.58517929316837,141.74987594255697,-467.65068720675237,504.147441655965,-6.262568229891161,-234.18171598288993,-30.34086248779185,-181.11634844710832,1.0
4456,-201.76446082040397,-451.5517615823919,322.663869642434,183.92099813497126,-6.168368002601647,-238.23369138841235,-33.37827521861574,-183.8167821087882,1.0
4457,-93.23624958355148,-191.18594175679462,199.22710419301018,233.34719873792505,-1.6592760935045492,-248.7844401311997,-28.60944000439701,-177.9659162356031,1.0
4458,-219.1411951969151,-328.5070380307004,-404.50880791198693,344.6561519368511,-7.774562250710741,-241.23534250364025,-25.734844341832037,-172.73045345157266,1.0
4459,-230.26914917198476,277.368099437123,-107.39139935691475,-8.842254140862526,2.771010972116316,-242.78568064766677,-34.85679722567243,-183.08429816821962,1.0
4460,-34.05309622547623,19.23227997937993,-341.9971507520701,444.41041205485413,7.08533333481532,-244.80255858064842,-34.70580708822841,-208.6343547180737,1.0
4461,198.60658909025636,-454.0025577811248,213.11083436470025,160.25152851260157,8.716415879716386,-255.13275604410057,-29.799247429694354,-189.78839141708482,1.0
4462,93.01653745751825,-337.02418953213646,236.18336663740268,111.30027173575832,13.038362564076127,-252.87924443528456,-38.092602376038016,-205.16747808259234,1.0
4463,-142.600997835716,-91.73864511053632,26.8214481629669,223.4755743610788,22.082969352775915,-251.39770208678343,-44.485997918459105,-235.04926701204036,1.0
4464,-135.74941955705205,49.97496156358858,-63.182362080444186,53.44858135236883,-8.806835152826396,-254.2750411060635,-18.6604219192805,-165.74188786287453,1.0
4465,-342.6462977032746,-165.35757642715618,237.3637218336966,340.11877963045697,-4.214452201181358,-241.1273424454458,-27.63006727392811,-187.3105729444103,1.0
4466,-140.4424833783077,146.1661740619245,-664.0363020642623,228.56718916867834,2.544866152338523,-243.2160647457042,-34.04253578250751,-198.67078412886266,1.0
4467,244.028619101864,-457.18148363807956,174.0993131737102,-215.36342391121218,2.667321482810074,-242.39769068592219,-30.521643784265926,-193.49499785892752,1.0
4468,-23.425954231221404,-18.3251013198819,59.39861729508369,83.37011224386427,1.6316063740997397,-240.35864926530013,-33.308447663653425,-211.3163574570383,1.0
4469,-50.613822960460084,-230.8988441378955,-157.6994234911489,122.08706384404411,-0.4671819439603493,-241.96642839137616,-34.4043391194117,-196.04631445277812,1.0
4470,-456.1986499902735,-49.913952755422656,-643.0332450321903,326.67793788301316,8.818614102623611,-241.99060677592985,-38.50705151344487,-212.88305710538995,1.0
4471,-89.76534473870264,-323.9117137619803,-78.84561642734822,301.92481209469275,3.7080469938470566,-254.02401409159597,-33.71128184114359,-192.0349217740764,1.0
4472,-266.82255270988,-62.16586847272,-22.635662969616057,53.318428660006845,-3.903516164067998,-246.41928311972728,-31.523345696334065,-190.93498950161046,1.0
4473,-5.596699274164263,-94.10509153286125,165.26545586313952,100.44937362608928,2.5192291823143798,-238.32111229671523,-37.617627229725755,-207.16549864873207,1.0
4474,-101.57148499610682,-509.785882598614,449.7078295663188,498.14146083973725,4.949120494511741,-239.92774463910274,-41.08771578877799,-208.67121563352435,1.0
4475,-25.383786405535737,32.15416774778899,74.11200140785627,235.58015725288445,3.397259914099188,-247.3517160564038,-32.645950382073266,-189.5183007906226,1.0
4476,-218.34988484956287,57.79118490914534,-593.8063982919942,372.5064335861916,1.0284475336387946,-248.35320288563668,-30.684869465631547,-190.7360971769851,1.0
4477,203.31152738098086,-663.5194356270571,55.91828147397173,322.0882689031698,1.9939088394485989,-255.43137434622025,-25.91652030294917,-178.53651999771563,1.0
4478,-291.4402506133443,95.57064751144387,-389.94516486969707,342.4631826704038,0.7619315279028323,-238.86259956641774,-29.59069976174623,-186.39500145160707,1.0
4479,36.41224633801712,-355.2696499352439,124.96838201268159,-35.10623538387312,6.200786440296127,-248.62797102578654,-30.224919498458462,-196.93238174084388,1.0
4480,-98.70723701778238,-269.5489212844051,8.506032150912768,45.79860543257048,-1.806927479045425,-247.02853170028786,-29.01859135661433,-179.37169447229996,1.0
4481,41.14434133600216,-360.44547853726834,-236.3589149032493,453.65782190129204,4.894790045049068,-244.81685679875264,-32.55414848970964,-180.31815250650868,1.0
4482,-325.40457187353866,99.36053235530369,83.85259497100887,300.1303651718175,-9.474127951422016,-238.5427764311825,-25.928305809955816,-173.64522148440807,1.0
4483,-466.5646541437157,142.04931000474988,-188.54649282905166,-62.48404923423085,5.422552953965706,-245.5929311918524,-28.825223923577354,-190.767413902437,1.0
4484,271.80056290003847,-689.0026385370957,81.03078675153697,240.78676317515888,3.9557797356179027,-247.6899712921358,-28.648782797847115,-183.67406394454306,1.0
4485,-353.6780978581971,233.34034952364516,104.46176655641483,471.9685753166064,4.264824135237332,-239.55045224468196,-35.42386208768504,-194.09225851374492,1.0
4486,-371.49339464339863,20.957233711558622,69.45693538467762,193.49595009463195,0.6124884281595757,-246.05232351514974,-26.941998248490584,-189.965380446329,1.0
4487,-56.2384408986347,-256.09761429196533,152.02190753707788,71.69582249438294,7.637836459870854,-239.2594486982738,-35.45372287828206,-199.6715809399823,1.0
4488,-397.9494792023069,-569.4517173170091,218.25846190350438,124.93020783429829,-2.5063181938747405,-241.786141598406,-31.96125861375007,-195.37563882781802,1.0
4489,-308.77047977347496,169.1812104717327,-442.4344203853023,152.52865697534665,6.685839337576761,-243.27007374465003,-38.488671325285125,-201.8634613759003,1.0
4490,-245.3835510856269,-46.281808887837016,-280.8130523908064,-14.746940353841609,-8.051390913589058,-233.7234144030375,-33.939055714314954,-183.2471303372492,1.0
4491,21.705239793202825,-910.6459038654193,504.858424699961,249.02887975114137,10.86496201204245,-244.79443797573705,-37.7529351381783,-208.37957764770243,1.0
4492,-465.65905705758087,150.42113979554964,-973.7230813530923,607.4435414013461,0.9327179871404224,-244.3112565085631,-26.73253740213906,-182.4873606736337,1.0
4493,-98.60244477216075,-406.9244220774378,287.48227933553414,72.22098897325891,15.89031077089406,-248.46123155811514,-42.523111835850834,-222.49754196798904,1.0
4494,-347.86053496968026,180.19969381665396,-449.9125644435315,33.10869687755584,2.471027983435061,-250.676671707117,-27.113467897396745,-187.62350924818506,1.0
4495,-140.81671610696432,-405.1001857441614,294.03928996289943,225.43598227054846,13.68977831535085,-251.9006091504571,-37.524287903811114,-204.58634914560707,1.0
4496,55.70791204273422,-563.8307109438049,237.85932902280206,-144.8770439176847,-0.4820257538884736,-240.81562368759018,-26.56180449853572,-192.02336053700606,1.0
4497,93.61397228078157,-429.87524815449393,-154.06294925694485,159.09678718058083,13.867787701364264,-249.67983567142954,-34.88782319218976,-199.2776703132083,1.0
4498,-193.40639777056268,-284.86441989035734,315.9956910451161,393.8616480057307,7.876784205079658,-242.6958075893484,-41.3479798980227,-206.05411744360273,1.0
4499,22.361218008936646,-427.33475977174146,-66.03736281121458,192.79875283430607,-7.599160911765026,-257.2245773752358,-28.969163419242268,-175.06433248949944,1.0
4500,-218.37647988100656,-155.66373937835988,-68.65948963928632,-294.33154221356904,1.6764567476529013,-236.88987951107987,-35.49114954174587,-193.3660262698568,1.0
4501,-191.90580021882795,537.1343554548099,-423.91439715615104,256.36463276323383,-6.930786480689566,-238.28779633062635,-31.478720250949472,-178.61121789584615,1.0
4502,-10.96970798028709,113.09160894404427,-225.16397010559288,-162.0871601575391,-16.333948705009153,-238.25923287519754,-18.94095555111442,-165.53262862549866,1.0
4503,-150.10367610779974,-348.1525443514439,60.929580836534484,144.6605256723202,-11.56679465903639,-239.34813440853253,-18.4419832577588,-166.89267932416448,1.0
4504,-82.72205262149248,-191.10375527117003,157.23901326892516,110.56676739523603,1.9570247859261718,-250.48179760293056,-33.69966394449206,-188.97585867910513,1.0
4505,-336.78493927623435,-98.13676806145057,91.97434431343777,-43.0025692748476,0.8006682654800082,-246.00929480276457,-29.19890520650014,-189.30683274257203,1.0
4506,-248.17487184056245,-785.9792065974087,210.37728072870445,250.0376369788948,0.3637507064570028,-231.89860527596136,-29.13902000607422,-195.3994526640761,1.0
4507,-63.363118451739375,-192.16096245083813,136.48752563293277,100.60670531843867,9.603573348085693,-248.3018798846629,-39.91212647689272,-210.08986807159255,1.0
4508,-137.20374826049658,-388.030117695878,332.7765686491778,5.401172802839027,1.9797518303177073,-242.9279795686449,-32.999069348780985,-190.8650128455322,1.0
4509,-155.90190304499404,226.79452596347303,-119.69929403406535,-247.45001417422253,17.671308286874684,-247.73000135501303,-36.96204863776939,-221.99862802730644,1.0
4510,-47.82418484874149,-590.1316221906129,285.4740658036782,-109.14922230220002,6.2166694269736,-246.78079608540577,-37.581659273347846,-188.44169703554522,1.0
4511,-275.86085307193895,-243.35191663588301,179.73622038138078,276.5841252107004,-1.5938627002201429,-249.99239312253275,-26.047772875941117,-188.43499196996004,1.0
4512,118.66003402543734,-156.56623195388983,-403.67185566033135,261.762918918363,9.866753577545119,-245.47912409960702,-41.261130590349616,-195.78922320290906,1.0
4513,-35.733300119879296,-269.4984789849703,208.3677667174769,217.2812093712686,16.458366594189943,-249.13804218623997,-38.45581172697452,-210.99299957723576,1.0
4514,-150.79341675206965,-313.43277041103886,-325.2592759777403,274.3503142238596,-8.03561731086841,-235.8052172141972,-29.132012982143902,-188.119993837057,1.0
4515,190.01503854406866,-835.4699725332566,380.3849031940658,-16.055850793335292,-0.30276981913603773,-237.33888081655803,-28.397587629972055,-195.4906369753894,1.0
4516,272.1658838614842,-139.20537516929903,-108.40620459568213,-499.5550635131156,1.6157875955391297,-256.2061908209223,-29.149007868561533,-182.6870165703867,1.0
4517,-283.2410928506027,11.712688833640073,207.20807778259166,544.5347477585262,13.511381628203,-244.85665015097516,-42.42291776561428,-210.39522643629837,1.0
4518,294.07561713123624,-63.05650917146001,-356.22346626748725,318.9086951122092,0.7837599649137897,-250.45385009023013,-28.040704871755725,-185.47297384259952,1.0
4519,263.32172129664565,-494.2810299476017,223.54368998736823,-92.4784157542104,-7.461973901602461,-246.4797938002507,-26.35573784300605,-173.95054487928377,1.0
4520,-273.683809659137,249.4226638973195,-35.61333365824393,201.88775612782587,2.173627870676283,-257.284285638974,-25.281440597319666,-186.00499866951213,1.0
4521,-9.254083523823088,-363.8985318526603,239.60693934273175,129.39963603093426,-7.2194054273762,-231.77070333654908,-31.866778054647128,-178.9303079363358,1.0
4522,-121.21650093279308,-131.6121362508272,86.12636952344856,63.83323749383927,9.023065601121262,-250.27198789141738,-36.695906941685195,-201.4196088756442,1.0
4523,-370.99733106816046,-468.48312040655617,399.60034144724517,-149.89483163607028,-8.332880421742262,-238.1724878364249,-26.120266625727922,-162.13928934340288,1.0
4524,-22.498700774105806,-49.297971273688866,41.05344903890406,-3.2701745254611003,-8.641439304675822,-235.56750436374247,-28.944164189760365,-176.16023395689035,1.0
4525,-299.7288129348397,4.662083729719857,153.80713282920365,431.3923749253375,-1.334784713440376,-235.48875704910634,-39.26504367314078,-190.21804341342042,1.0
4526,-216.8898092106362,-279.98723531887447,170.49444715310048,-34.842120762549996,-1.7266916025847756,-246.9275087074858,-29.84301323570486,-193.94989943645223,1.0
4527,-187.18042684821165,290.7750589705907,-93.79061733401551,79.68174822637731,1.6856726567717604,-246.6362449876623,-29.9403171877722,-186.05686245518373,1.0
4528,-161.50140104743608,106.95926011925549,-25.305834570606756,-21.673392582673845,3.759866405614679,-245.08117043868413,-34.904157032982496,-191.49291247458513,1.0
4529,-59.50347856775493,-208.3717479408246,83.22058716669018,-167.62686065610265,-9.767472406408697,-241.016516772081,-32.71336899273061,-180.4617753036519,1.0
4530,-241.79458209366766,75.88062960028283,-122.48072040556328,171.65685518249165,-9.796780355121172,-235.25055662268252,-29.840396833143213,-174.24154862347328,1.0
4531,-347.9608698884173,328.7095966886682,-52.88603714226139,168.24942439883202,11.48169304639726,-249.2021172679014,-38.247106793342894,-190.6389542969191,1.0
4532,-297.33840922292967,46.91134170384195,-181.82506199169458,-229.28712102106138,-4.282835460670886,-239.43527178423312,-32.45613384663654,-174.7392942134269,1.0
4533,-120.8546137632414,-722.9574302838712,375.33744866462257,175.9313490453638,6.777180666391154,-253.9747939645611,-27.823447221992318,-182.12449198195546,1.0
4534,37.08795041286075,177.409156419147,-299.47272995504204,-137.3664290207101,7.66227005428629,-251.75816586523456,-34.93255247086904,-204.9582602719633,1.0
4535,-362.30254513478116,-239.94932647779055,229.37471848302505,288.3922760101323,11.233263531052769,-248.97139998877793,-39.39952761758276,-212.36250848685518,1.0
4536,-250.9209343494588,296.85404508814656,-778.4106059882035,292.9677512271556,-4.124125950266577,-234.4848546913483,-28.704473452433163,-187.3160357217519,1.0
4537,-415.28658022605055,-335.9319176843946,40.939110986654235,507.4926432470205,3.6508602515500046,-242.0981109806438,-35.60282226827271,-193.97986099984087,1.0
4538,-49.9505856789648,-197.40561274583476,-551.4590308872615,387.4448060054504,-1.0822832714685435,-237.4284544651627,-32.78608692852818,-187.82964413032462,1.0
4539,-120.08857257763165,79.01645121244623,-27.882819353952513,21.810738380790262,9.007084349218253,-240.68319670583398,-39.05687408775728,-207.1569113608142,1.0
4540,98.99268132439376,-233.2893439825908,-279.0159891940423,343.15512094241075,0.5034666727711051,-239.55963552994035,-37.03321588979961,-194.44835770423342,1.0
4541,-520.1874944901764,34.09460331782164,-685.7296015636248,530.0651904943401,12.519405814613227,-242.7561756353649,-40.06395690771563,-217.4659743481759,1.0
4542,-314.4292067581236,-236.7752515487608,270.90633834647053,277.91261641085094,-1.4305980242432677,-239.99672708906587,-29.402500379679857,-190.78003750071412,1.0
4543,-65.26471924456068,-572.3051209709993,409.2889817861163,26.74115881458434,-2.2854074420020094,-233.0142415954456,-34.510935142324094,-200.99983967837306,1.0
4544,80.52338591445478,-411.0170365941356,291.34167175547196,186.83791798191493,5.9158809839229125,-239.77230173457613,-37.25445741405736,-213.79214087434264,1.0
4545,-123.54449723904754,-564.2680785409192,354.61842238356763,188.16888527024776,5.8758180962964595,-241.77241684402728,-32.94586576279011,-188.59955143432023,1.0
4546,-204.15306015627942,-172.856073249822,242.10439252238015,265.88322785120715,-1.076884155837896,-239.63815647615755,-28.18030918432543,-190.1797713110198,1.0
4547,-131.45261986845904,40.67399993192349,-4.255263821384547,31.39927165895653,-11.405946883273312,-237.20012229867885,-22.23850691225155,-168.633259215733,1.0
4548,-45.79376278002445,-289.6470277783556,148.34714412494338,-26.02640777033256,-10.83897071362075,-239.7881197231286,-20.66411919516157,-167.84715216625514,1.0
4549,-217.17244080271882,-133.07141783911803,177.4211474402055,271.47146620877567,11.432291536003714,-256.2982634088443,-36.350564542283635,-197.44031658736384,1.0
4550,-440.8289240250134,310.7422435265214,124.89664011217894,593.6992461471195,0.6092270039032726,-250.3919967601867,-30.919140184893628,-178.22400241694294,1.0
4551,-317.01246335490436,23.058443646987236,-237.45867147453578,-53.52878320314041,1.806244546198351,-239.48457049349963,-34.76979024251737,-180.9301582363955,1.0
4552,-303.4251969090022,-692.754991818214,13.959529254615655,174.149481367268,-8.247052113609644,-239.1618236791654,-31.654125241252675,-182.1359325373518,1.0
4553,-119.9199653906865,-671.727596852614,-111.1026504461046,131.73347992578636,1.5760182297141676,-249.0736677892482,-27.651245400903264,-181.04101162788356,1.0
4554,363.13673951668864,-6.4530601909304375,-35.39183187571364,35.674307259448426,-6.695557012208909,-242.96140800156073,-33.584649016848786,-182.9854994326557,1.0
4555,-405.9626497396176,-215.55909463420582,-103.9923302932954,38.83320014936162,-6.796405245023022,-236.4912055101321,-34.62954765873498,-185.8524164610859,1.0
4556,-137.5897594908055,-61.86687688494261,40.30951922256774,81.86653458834759,-8.291698122911969,-235.94194679992316,-32.273988074713635,-179.3258596074422,1.0
4557,62.366428945507565,-504.99297243781837,403.53712930349747,327.4851116721924,12.328750871994082,-253.52902413499885,-34.92206807037259,-203.38809084564392,1.0
4558,-53.59443510393882,-427.5566850377471,112.46431615572656,-150.0770672819993,3.578497205731425,-233.91308404950794,-36.90212509588423,-199.84929287215195,1.0
4559,-150.65030014310622,-314.0596726601795,262.53702432886183,267.32903268257036,-7.126025295895873,-245.9588430322598,-28.72287119461194,-179.03703153771258,1.0
4560,-187.59834729075885,51.92089909851938,58.46751254952889,100.86848318224267,3.7263043910006144,-233.91431253116247,-38.6842684334767,-195.47986695994103,1.0
4561,-307.6516640210815,3.0450202363306422,82.05633475009063,187.8976482681204,5.925408517100922,-249.99931527023796,-31.1421631416546,-189.0149693904397,1.0
4562,-267.16335528203797,-405.27407206790684,-323.92196389435384,105.2979481856263,3.413405879924755,-235.43325938324895,-37.25470837862728,-196.65472103018664,1.0
4563,-262.46605113761905,-454.03415823550137,289.2514875043122,340.8240633084232,11.203388808524988,-252.80682388349248,-35.0554670804651,-202.44580688295414,1.0
4564,-195.5828633596152,245.27959042946583,-94.79150988651921,-11.777241702600127,-1.8421666084284927,-247.41940145869106,-34.41337263649576,-181.33285900266316,1.0
4565,-11.913761684139335,-290.9531896534771,158.28441109093805,33.286974968943724,10.120844485597136,-253.84692936443486,-33.317278083186686,-204.39225311022798,1.0
4566,-48.05214757028313,31.95359558334838,15.998785186348229,41.50610051284001,1.9298614215113354,-245.69236028157883,-31.87892083979841,-192.4145233285191,1.0
4567,-358.5342981535406,273.1796623209014,121.48779039824447,552.1785421324527,1.4679180415178115,-246.08549070792347,-29.036720492525067,-190.93630132057123,1.0
4568,-136.37630757181128,-141.57456705947394,23.334764264644804,37.86804932051135,-7.646959164981288,-234.11556969899073,-32.9847459007583,-194.72742669982748,1.0
4569,-497.51599449942347,436.3335040431748,119.9673973776355,644.0760269803731,-1.9250684201688455,-250.49523502248758,-26.615630000518337,-173.2468819895675,1.0
4570,-59.33894947662593,-530.7144200903101,-81.84397628408252,148.28830821002182,-8.155480687913027,-238.38596413805732,-28.421632948064506,-179.25328534682274,1.0
4571,37.57662791670822,38.22538047038859,67.64549052049396,111.14838794873074,0.7579739955829373,-245.59857125074973,-28.032013991770796,-190.16149137627255,1.0
4572,-253.38149062894385,-404.8345152567487,-96.07432603859694,234.87883149357688,-6.764300742407413,-245.60555184006077,-24.17725004385195,-165.47960068033595,1.0
4573,-476.7425699740604,225.2995894236161,134.47553959077945,485.18200591214315,-11.181939033769805,-238.17570678523018,-29.535006432450555,-176.35067616113452,1.0
4574,138.44497735862126,-551.7787450188772,240.64375000359814,491.00610665036857,2.1740557750605065,-244.56455448075036,-30.44064603649169,-185.3737549904515,1.0
4575,-3.415902782165192,-270.2133329862362,99.16155088304532,-67.61883861346143,-8.980618410867061,-232.39079425155163,-27.284002738254664,-173.42110525548816,1.0
4576,-317.60597877811915,34.88623743904691,-210.41790615416812,502.44389807443406,1.5360204834001474,-243.17191020012424,-30.096966729830804,-196.13727574355912,1.0
4577,-48.70276031198139,-49.471173024896274,-384.13222026881334,42.9124158824681,2.225755991203204,-245.1833292468352,-32.94747997623752,-186.0757275469095,1.0
4578,100.058733806472,-230.97087540508429,-75.83075403693769,-92.23352130778548,2.0268742107173163,-241.5649571909792,-33.61865863363854,-181.0099246509635,1.0
4579,-91.47503477280165,24.70784978388645,-82.41534430599064,-98.63845009658796,9.024617308610107,-239.21791205341643,-39.82496728624345,-205.70477250404323,1.0
4580,-55.44035367742091,221.97634485968106,-126.73421567805599,-122.29939403283167,5.06384346879338,-239.38313869164963,-41.56667213929539,-208.91781204005161,1.0
4581,-276.76194264284356,194.7563080668412,-10.49588612166048,33.73611903116047,17.880992919014847,-245.5601466619145,-43.55003557746297,-219.2597646175476,1.0
4582,-383.56958602131124,-112.20681620989895,-14.545665014193588,259.2736738868337,5.573436920376631,-250.31926105237125,-33.17538142069613,-197.31565669848234,1.0
4583,-443.21441563079634,100.89022059520741,-127.14145426616335,255.86700666458003,2.7061799234355397,-241.98312672713712,-37.30937603886864,-196.43379760284805,1.0
4584,-304.26191846011767,-730.5187675007728,458.9745894205368,243.5557691811977,1.1210116708606628,-243.80744547198873,-35.159119079270624,-196.22598523323518,1.0
4585,227.45602530393606,-759.5262807631887,317.8321909273602,-184.71075069078006,-12.972837231192957,-232.5681280246182,-28.794080812517908,-175.7248135455608,1.0
4586,199.69680825173222,-906.7537395333519,503.05115325041487,143.9767871936632,14.586302137847655,-251.79892940355415,-36.45062403758372,-216.7768654841606,1.0
4587,-435.8001431591502,283.2261040548814,166.68906798621873,668.265314418678,6.558586955253103,-250.16652360255333,-29.53279481850027,-194.67105496136028,1.0
4588,-130.37546559570927,-150.21206548749214,182.6043756823798,267.11344178134414,10.46857533886383,-255.13262288502148,-30.888556578754123,-193.44894112522903,1.0
4589,52.282980431948324,-74.89210324048817,-483.2863850554075,-27.017805591676257,-9.999364125207862,-239.01254463218544,-26.50418423047653,-171.89102475177785,1.0
4590,131.94208213800533,-562.7707893819687,285.9491947745317,-63.93998626772523,-1.7003680922888385,-249.21569414784156,-31.074989203648038,-190.60750520279203,1.0
4591,-78.52987188753241,-180.60162334434312,-70.79893374214507,27.00269356674778,1.9459566917070736,-237.40089362339353,-31.208447735116025,-189.92106620117463,1.0
4592,-204.23089568111047,151.00847385398123,14.803937473073203,122.8321383906709,-1.1904365097090506,-254.55199833913082,-27.957109082533275,-186.33203267048674,1.0
4593,-453.6563649471809,187.2331500261684,7.991307366519007,202.30854744278463,4.447392967943632,-240.43034912908027,-39.79877942819948,-195.23501275990048,1.0
4594,-139.88009608404812,235.4831866430015,-522.8619382651754,165.14439025921595,3.2886973911344257,-245.25953524003646,-31.475364714836765,-191.4692995922637,1.0
4595,-160.34633830232906,224.40124739015533,-4.635331279378541,42.569308420554734,0.2888823035675674,-253.19833741199213,-27.264629264739522,-184.2938423148568,1.0
4596,-172.21069357988537,90.96759939506995,57.940138862133914,194.82093875666607,-3.6391250271574602,-238.51289456794387,-31.09058300473831,-184.24220053974443,1.0
4597,-437.56694459279106,-92.23393612012346,157.24973444774486,264.1913175271809,3.195380268646209,-242.21741260903676,-34.30378248954059,-191.9152784054512,1.0
4598,-245.1984938229315,97.17205135888882,62.848787092483526,98.5987185483621,4.133242839987694,-243.85183463087725,-34.71107952267509,-205.51124064352035,1.0
4599,25.493154481451864,-286.95651403976285,102.09719678427827,-21.773121731320423,-6.921947386275774,-244.33392106535334,-26.95234785959735,-183.52860172944756,1.0
4600,-230.8924114348689,-208.0008787734648,212.63044812776596,171.35925922432614,-4.832808942359644,-236.8036135748921,-29.958870470654915,-185.3313035663149,1.0
4601,-441.3173433864442,249.09997752044953,24.27441145162974,303.51377995357353,-7.311682603163469,-236.52836008703096,-27.29998962296879,-182.62486441143093,1.0
4602,126.28004501282462,-320.8250734565002,-152.09426227891697,223.96192496870256,0.09804364856502734,-235.18546496779535,-43.268824044262395,-203.15104578721096,1.0
4603,-195.19459208896356,33.286500712185195,18.84407878734653,-33.40035905894365,-1.6329137457149105,-248.70575404891554,-23.788918195533466,-178.67836871598897,1.0
4604,-452.2222663974301,-205.46510463551903,339.44700461418756,605.0807729763638,14.312736292258977,-256.3832464625069,-32.85834866519467,-205.81356259187817,1.0
4605,-310.62942985510375,-67.40176734502003,106.79906524269667,76.96555856964946,3.5308150793066937,-236.55011919947685,-34.61151263594076,-206.71184837105486,1.0
4606,-112.02166004893408,78.27338022290897,-203.17430667684349,94.89970134405151,-1.363217186768964,-249.2774324133699,-26.711313328205424,-170.76525265590342,1.0
4607,-4.088792743833247,-837.9421376720068,462.06039082018293,114.54204937897816,-7.030736199184799,-238.2858706588676,-24.685205315181975,-184.42150272974027,1.0
4608,-289.5195921493297,-386.2600528821484,327.97272830239393,428.8412971785604,3.1280599064797454,-252.5014905746438,-27.052408877685895,-191.16231206069764,1.0
4609,-198.22586826910745,-245.97372803630572,-182.3965281174689,206.62014842308648,-3.457595261295605,-239.88565823309062,-33.303438094309854,-183.69814791898548,1.0
4610,-51.150038142977074,-536.2353955788757,226.54501351767254,-110.91538711320585,0.5299749031970241,-244.75073870986736,-35.16877809806798,-189.87987965036893,1.0
4611,-262.1412329706483,70.71106163270412,-927.6508907422972,419.5959487525788,-4.479592019639743,-235.88319432593067,-28.631649250015208,-181.88895557342366,1.0
4612,-275.9792254604495,-351.5003785933105,-58.9758948649697,322.2986245023096,-3.4005820179465456,-241.35481091375496,-29.006190844958127,-179.54951931434348,1.0
4613,-392.5835006154351,-140.69983641110923,195.31714090940065,116.41484769912647,-5.802135556924629,-242.02408174318515,-32.72631853804737,-187.00358319674896,1.0
4614,-422.1755078353782,163.69516158021864,-54.17885040565813,-156.3585247173545,8.137373289317464,-245.46240149952519,-34.359239487174435,-196.25518564380158,1.0
4615,-402.17112554377127,-56.9815018649384,31.17169479907671,-143.23183625124392,3.5747218285512763,-252.2730085088092,-29.02659689601559,-193.65306412236913,1.0
4616,-17.63031335909242,-363.26869548783975,-183.5501208368388,-12.92602397020608,14.845902689301278,-250.3070913339447,-37.86371486074595,-207.64321717734066,1.0
4617,-356.4353252280363,84.96008970804554,181.30879440781894,474.937156570004,14.096004865563916,-254.25813908480987,-36.10806344497846,-204.38471273805968,1.0
4618,-153.32253978093723,-359.19116957392697,253.1037084284574,184.20680289858439,2.553409802222324,-242.8895951492638,-34.3710295144741,-201.64202417352033,1.0
4619,-199.68566333683455,4.2089238829429165,88.33025253552248,130.42041865195043,4.748396220512621,-237.255562566698,-36.246619971950615,-187.40799501202864,1.0
4620,-271.0265308647594,-2.7049416755603017,199.4446506819414,328.76925675112227,5.6507290376490085,-238.03041315827014,-41.82118061806158,-201.01079737414278,1.0
4621,47.88965574382149,-219.1446018905181,75.94351072506498,-103.00660397328629,3.6422649548739185,-243.70086636293505,-33.103415994826605,-194.48132038515303,1.0
4622,-137.27197407089676,-237.67479202515642,247.40413104942368,237.0037650692061,-4.9527149142407,-243.7141008956764,-31.027671995538604,-174.27952902009648,1.0
4623,-478.6255794577695,-243.56741624421207,-173.22210340026652,379.69581835757333,-11.061220075001508,-231.95109537582923,-28.909658293438554,-174.84319079772914,1.0
4624,-202.20639145229674,-351.5255376424763,-173.49314560804123,374.92850961937916,-7.60740465152916,-232.44836542416894,-30.66546760291554,-178.2912250307196,1.0
4625,-225.85332445672162,-256.9157324542357,215.32427606260845,120.66456437039746,-10.426107467547247,-240.29469916208424,-21.4280541234121,-173.3970887636909,1.0
4626,-490.98269666375387,180.4005470801759,128.4867482191469,492.04186150707517,-7.84316517336671,-246.3476513896365,-25.95875195157877,-183.14004393500537,1.0
4627,-575.7647313909545,-143.03670912342295,290.89207103638745,550.5392979039434,-0.13552639100730102,-247.80365851612365,-24.01529029397122,-188.75388642473706,1.0
4628,-134.5848133977117,-47.48363272948903,92.81278165052191,277.59582104224427,12.855356409864749,-250.3116806800057,-36.1090042492035,-209.58298660658247,1.0
4629,-392.8872113468914,346.944348377402,-49.03934448454103,156.90965585355542,1.5699932048087235,-239.8563150964952,-35.49358940987983,-192.80099586848883,1.0
4630,-213.9231270705854,-523.4085747041705,-285.19291290319615,291.7948734055347,7.3311694633512685,-238.41648110883085,-41.11962087249482,-208.56254310937155,1.0
4631,-84.33200838664968,-80.87826212959395,-6.754082543394557,-84.64299141841761,1.0221328817980047,-247.44341144442112,-35.02026120543799,-193.72864522002033,1.0
4632,24.54263430674173,-628.0200197720179,-156.52565600120928,363.09279928581856,-5.890204063699417,-247.6339070045801,-21.44514351133423,-174.85832938767948,1.0
4633,180.30746825559865,-195.69880480445104,106.77178288365124,-85.51647685891952,-4.541642780278238,-233.43488425869427,-30.767113114597294,-174.90225675444324,1.0
4634,-229.07948503481643,-327.83478432481974,-31.91974392357477,12.258636261142053,-6.616819782808309,-244.673018638649,-27.368217735233454,-174.16991335530088,1.0
4635,-0.7347349653176405,-131.7904845359345,-300.5061337377958,-123.62723855824171,-3.982741823265653,-230.4813181004319,-31.29672411014264,-193.06387191159928,1.0
4636,-72.63638056665546,-147.1708233702662,151.68652439408658,50.95854770637966,5.139546246440967,-252.69730261591639,-30.039821832247938,-200.84167632036403,1.0
4637,-83.34126801428468,-97.59113444052919,8.472532650108434,-179.70858997195865,1.8652789909356655,-243.14262860329526,-27.588838944290966,-194.86536697050613,1.0
4638,-77.59642208212128,129.91453519558164,-84.1516752239067,-135.42013938263366,0.7389589212379545,-240.53989321486887,-33.90572449436145,-191.54519969132252,1.0
4639,666.9382363277307,-227.06781039667462,-235.45851436728066,-9.728734565585139,2.563380819724872,-239.28917940029308,-31.606820298008323,-188.9831486826517,1.0
4640,20.06280857424794,-444.4881967657185,220.8892935810784,-55.11958359147404,-5.925572718994803,-238.44397439742298,-28.145135134287585,-174.64905152352804,1.0
4641,-310.76790434117345,132.5508294490282,-397.4794265875028,-67.31165534417984,-5.303889707544847,-251.83349454434196,-23.93029643272614,-178.81298688563803,1.0
4642,-72.60306910403996,205.67572480665746,-931.7081300270808,178.1970135925305,-1.7824584470711904,-243.29965214036181,-32.743823016847045,-184.62322057130905,1.0
4643,-60.20193642622304,-331.9633869436939,128.82157703414214,-16.52072016455124,8.997671177436121,-254.24972313250944,-36.69780441224107,-193.8662601026696,1.0
4644,-454.19630146119755,366.90830248455205,-653.8130283030412,96.27375816307978,-10.777238415350412,-233.22397698226354,-24.953003060106138,-177.11053294507414,1.0
4645,-138.5882708555795,-338.4438340019022,-218.40201659840298,54.697654634429924,4.365406566429472,-247.78401646300915,-31.005933365561063,-181.18906951488484,1.0
4646,-112.52492457782559,-236.51320435944777,192.00741769297628,192.33093198606983,0.6182595851260764,-245.63593459381593,-33.236377120256094,-187.7941809832131,1.0
4647,-226.1914395052328,-275.7100426288311,-472.1366005699698,174.9168655344866,-4.5502205525398685,-233.71753209577602,-29.048444693098023,-189.02246093342066,1.0
4648,22.478402382948804,60.367451342920035,-64.51232476317101,-167.28203729832325,-3.3215460351927204,-240.04451781832748,-26.786816585220976,-178.53276260519357,1.0
4649,-153.84562454919862,-234.53829257895654,263.50492523502555,335.86113383954967,-2.5639209457246626,-248.3379863050952,-27.63477585580681,-180.0569900175787,1.0
4650,-300.12139541715106,135.49307959223475,-240.95561479709121,169.8032482350135,-10.848901874200443,-232.00562813332766,-26.69276236052618,-182.1103363008617,1.0
4651,-13.831539552525829,-109.48365648006475,-67.69999258450214,-286.49021571654833,-1.5106312816420093,-243.6549590252989,-33.35795152040611,-187.46910623921866,1.0
4652,-71.58551072260758,-12.38063483909395,-425.1773476271072,95.22616426207394,4.143124608461212,-246.62606303288072,-37.28145726911772,-195.15000206860358,1.0
4653,-45.292810344257695,-489.2997948161824,364.04905768510025,307.8506679026363,-1.9174420002683124,-247.53340150668123,-24.80223047050771,-183.2283539567269,1.0
4654,10.687226881949762,-251.26911883403844,241.91363433800842,281.37559336518046,3.4970677607585015,-244.98314225251437,-35.74244536439639,-191.6876698884853,1.0
4655,-11.734387471146835,-276.62236093369404,112.63327029078907,40.962165047047236,0.7767121360168721,-241.35817747150182,-32.11576109721672,-203.07388933197913,1.0
4656,-250.1579047758464,-168.33559688987606,289.48224650816263,325.5925780954025,16.44381196363628,-248.02091420758788,-41.076060797586685,-214.57955949900406,1.0
4657,-117.790567122773,-253.6023809624104,293.09286595584007,302.2112134685119,1.379653085898601,-243.9562599079782,-35.324982043301716,-190.38588811327017,1.0
4658,169.9293129717404,-795.2516100252565,-128.29225930427305,372.5121247949668,5.352361424178797,-239.76293461948765,-32.53870219135041,-196.96823495092602,1.0
4659,-121.60260255296735,-577.0152120136764,187.44144743178163,-147.59998335838372,-11.461000295136978,-230.84089716260175,-26.842236126528178,-171.3436112201546,1.0
4660,-50.345145525202106,-202.32466849156822,-94.72526206542052,-127.16530827546042,0.08714813400302213,-231.88690660888514,-35.39211706249493,-204.19402888973448,1.0
4661,133.8527924662085,-327.4660266812066,101.75311589519525,-121.50192300571297,-2.226964173232072,-244.9865400209458,-32.33611312130759,-182.5143766212881,1.0
4662,-327.18060990243805,-356.0157550581965,317.464234554987,426.9438307705474,13.474057215692659,-245.26965271585323,-38.32322146319073,-214.89479162467478,1.0
4663,-70.17915946276425,-182.61209865420133,195.12006898199962,331.50293323832807,12.618664282150041,-242.33138297665823,-41.53685075089427,-213.1164305444422,1.0
4664,-162.7697552746901,-484.02572078125775,360.2269771888125,317.9202903763014,-10.8599095169857,-225.74905464666446,-31.373136104528257,-185.7374510662748,1.0
4665,-102.0959806425203,35.363992207536384,-220.10488594158932,54.84345855551518,16.633499020139432,-251.80798164325478,-37.23125125193894,-216.57812140812217,1.0
4666,-382.28355669750005,-212.3325523361426,332.6238829191594,476.7521832746926,4.6539855918126545,-252.86286403368874,-34.26995466844234,-192.47926303954887,1.0
4667,-229.23610788027915,-74.95390225251202,-220.61475539410802,450.5637154389202,3.2351070330996454,-232.8616387582664,-37.30055544387771,-195.92661462413682,1.0
4668,-506.3729542813014,627.6814255987824,-197.50628535227958,84.5127198070464,-4.030284146538218,-237.51076946897444,-35.75360948996332,-188.81547098014175,1.0
4669,-468.5025323114816,-291.1994173557465,-227.60218784636592,447.76490593109804,17.460674757985593,-255.64641174888246,-40.12800827723868,-214.7398076169998,1.0
4670,-350.98990465882196,89.9386913602974,198.98221226465878,527.9805795767923,-4.931399963656641,-252.54864536025434,-24.537193205576614,-168.96959342540367,1.0
4671,-355.85108145175855,-317.97258575096635,217.40045119697163,195.49576658543742,-3.3256658278991713,-234.916957438694,-32.370456455581525,-180.48931608296863,1.0
4672,-134.80306976617481,50.2000445486392,94.41944230661903,312.71013281292505,-0.0635796956369239,-245.72789563901003,-31.212662449201595,-195.31933667049657,1.0
4673,-666.5608785776461,169.42508915799078,-613.1172282932081,40.98798923571556,-9.35573783081994,-251.20964230449465,-25.266661021349833,-173.27523931395763,1.0
4674,-334.44749264955357,20.753644430805384,-400.88663562848444,-329.3622220537682,6.606996448131421,-242.7425516485243,-37.372006517443054,-204.90625020947434,1.0
4675,-353.6356193813864,-670.9623276587473,541.8964771105111,538.0854732795424,9.59326411136223,-251.6965847709177,-36.43684961857198,-199.96536793964077,1.0
4676,14.57412416050361,-377.2865181186635,90.5081511684791,-89.50503920045585,3.994969259153783,-246.62972841030896,-36.07151396991828,-200.3197634546698,1.0
4677,-119.40224008895719,-323.10091718631014,116.89382941057418,92.63252719908674,-4.895186494054858,-233.4626509019384,-25.250647237253574,-183.94759841366363,1.0
4678,-161.49014488242705,-54.04069282569819,200.61954509948166,399.04081839801177,-7.071664153341535,-238.3112052581219,-29.191886477027577,-169.8295716800198,1.0
4679,217.12295901727862,-715.9805479995943,464.2770833662984,189.60670354381168,0.5371833463695197,-250.4000163123674,-30.248651878617885,-194.38801837485187,1.0
4680,-63.545584512124776,-91.7598273990324,106.8413428655953,116.87852518539496,-17.832415077518593,-234.46475440181737,-23.863300106674437,-165.68491511560768,1.0
4681,-46.113671533548505,-332.88493919194553,88.14433335628648,239.17100842876903,-8.570821319829456,-239.35314045830953,-30.85797596318377,-174.98844748538653,1.0
4682,-796.2834571149795,655.990786888302,-41.077788309123164,626.7885352223077,-5.780805991140816,-243.1082892066008,-37.22069959647048,-182.51643361223418,1.0
4683,-114.66354934867908,-493.1461806422195,322.67132565489874,214.90199836311112,6.838409254179917,-260.1553178324252,-35.674880688665226,-200.96656878285586,1.0
4684,-399.9464406604844,-102.94804716566794,245.35552068168326,286.3271281913154,-6.083997970762876,-242.79025676934356,-27.284809641091357,-188.1375389549765,1.0
4685,-135.790959007347,-204.1925840760038,-439.51313403957,134.22112454708605,11.35952360949555,-242.9598525539708,-39.6063042978504,-215.7413966339717,1.0
4686,-242.78641856812325,-21.316594147822833,110.11633918936295,128.21458599087921,-1.97323109979614,-239.5181144145209,-33.488347658148996,-193.6491884875394,1.0
4687,-405.0581852695279,101.25868544543066,-444.04405622744287,9.273341831333038,3.8310976699034693,-238.93446390218418,-35.98201764862948,-196.09887189149333,1.0
4688,-15.912676874483967,-462.0968764611808,247.993137492821,-97.90888280669203,-2.726275962404996,-241.517468341028,-31.717146934990627,-188.79798931763446,1.0
4689,179.56994321273655,-474.44028403907464,438.1170281475816,273.44450794130046,1.087407130692648,-246.08684993148123,-29.678128009659787,-180.9246426533689,1.0
4690,-246.55414850762992,-632.6884066639675,499.65103327861897,547.773391636333,4.228989034159669,-240.89150271527768,-34.32574022950155,-202.6713482030429,1.0
4691,-184.65436730234904,-321.19084784414156,244.6555916503678,165.84302999842134,1.6331703788661147,-242.6796361685842,-36.10827731756804,-194.41539210263358,1.0
4692,-133.2748363004937,-651.5055362608919,443.93393026376134,392.6607180989044,3.370855072346248,-249.045485282727,-35.03957144987559,-182.22283786469893,1.0
4693,-392.0116490473238,15.89859664816007,184.60800450642495,356.82315212164053,2.127826589616378,-238.08393926943597,-35.666288736560034,-188.87934044029,1.0
4694,-358.84821577446985,-90.68618826541926,62.22081251952445,-18.028326113276538,-3.0588044783426644,-242.193942905687,-33.62860489375645,-184.2599800447661,1.0
4695,-361.621392179004,-8.932924480174908,-258.2189580936207,429.0566108950891,15.628489215229882,-250.1279047762718,-40.03724492108117,-205.59939030976977,1.0
4696,89.9782410112651,-674.6648993042647,421.12737719467947,171.56736328626553,-1.5468691654995088,-241.5157847314852,-28.328567249739187,-187.45307998510083,1.0
4697,-250.22426225295393,-141.8752610320186,-305.20459126159477,115.35909039404835,3.6385825021914773,-243.00606687984015,-39.11810497964663,-187.80464644755114,1.0
4698,-35.69088556987305,-7.534874740294573,68.91047101130484,196.06460208200872,6.276898727818093,-244.8951343452103,-33.67371886129689,-208.463919896182,1.0
4699,33.72038401896273,-441.7347912889989,296.9173396282698,238.86359501063885,-8.362082973804986,-242.4798051615567,-25.402101285218873,-177.54600640149846,1.0
4700,77.44047512274923,-547.3717064792456,273.366707548813,49.95185342483115,15.464958701877768,-252.0875683727608,-38.43707805324959,-207.98720437565012,1.0
4701,-34.934137145556356,-231.29158470440166,124.59824586399404,132.62271375416046,-6.696668938717459,-240.89656241570972,-27.158927800040225,-171.96500090880286,1.0
4702,-62.49036858073905,-548.521887755845,154.24637959121256,216.7819780051416,-1.7720883922386101,-236.40131773895027,-32.8769196747988,-188.78589351754397,1.0
4703,-95.69017101959612,-270.6867351233661,176.88495421627982,-9.945203807446944,-3.482418392713,-229.57484531237608,-34.056617141663,-196.25605861957627,1.0
4704,109.08336392199658,-358.6830588030085,206.2758325819428,-15.90577731183247,7.24319505237236,-249.3714352701395,-40.76560304843635,-190.5131238818674,1.0
4705,-372.04621128831985,-819.3612243986877,461.8502477076381,109.96130743358398,8.375759778403703,-255.02955512580456,-32.39861297961194,-192.1334092000799,1.0
4706,-226.73310609466327,36.66735151456317,-249.5091530323635,-8.99374253698424,5.847001595547654,-251.06762999048757,-36.927150497277616,-197.10897689223958,1.0
4707,-61.95661691165121,-342.22294558359874,269.26333513038026,333.69145741993947,-2.2720852031066614,-247.49390390771435,-29.23252970455399,-185.27374396862214,1.0
4708,-212.36428312559278,-62.920128891217765,79.09996454481343,80.96406330205662,21.891364823255643,-256.2672823669083,-42.52635075587479,-212.10630095976708,1.0
4709,-196.86193541233698,-97.00849001403196,108.53200200544141,173.6607696270959,-2.921340937287243,-240.77599248933936,-26.739091397631416,-182.51868536764485,1.0
4710,-9.884678842300353,124.22266692593399,-335.1837004784474,150.94218701671264,9.328048476468005,-260.6014907743492,-32.33652863811358,-200.86750330032697,1.0
4711,-399.9746262148737,-124.7817583034777,264.2913659235662,149.10848001254715,7.116673748392116,-244.18769579279336,-33.36329616388593,-206.9770298349024,1.0
4712,-46.12239787313443,-76.1508466279702,-213.1089515193964,35.633739204666036,-6.045423856139819,-250.5832790264882,-22.777524437352763,-173.91254486394473,1.0
4713,-387.1875448179522,-89.87186262114591,-5.3232670857269015,58.25508874547876,-5.459278096313914,-247.5455217540529,-25.08067137772753,-181.28977923519832,1.0
4714,141.93308021770213,-387.4273460277406,131.7163885559668,-84.42442848999674,-1.200609823094326,-245.32177049584476,-30.41030053745816,-197.4571864844048,1.0
4715,-191.71845519888493,-236.82730978239692,-409.6725976044577,422.0460811600164,6.375106697399994,-244.8841519149679,-30.59248730916038,-202.76477793065143,1.0
4716,-383.3531553953266,-127.35054188674005,294.995732631039,509.4574655966451,2.183936904520064,-244.0388695281373,-32.38285192444644,-193.6841330130441,1.0
4717,-40.77258908764636,-133.954070069594,35.366338182238735,-69.70175255275164,3.4184460593251105,-244.67625406611617,-34.56180815365912,-194.65824632398215,1.0
4718,157.84317734769027,-1008.4452833873771,20.552657580176813,390.6512281197829,5.110562841943516,-241.3090853707523,-34.09324129970712,-194.3290508206439,1.0
4719,-248.26370488257686,-381.7229312988235,177.99511478555,-246.9732059967233,18.520404726304445,-261.20302584741006,-39.6577710422442,-208.9402096742053,1.0
4720,36.874456785352706,-300.07264752971975,36.17440255671498,-217.27175952036947,-7.92474998756216,-229.70532032953744,-32.04515434076139,-185.98825934011185,1.0
4721,-274.4723139665436,408.01617117478594,-294.8064549351858,81.18188364544298,-6.143877389545376,-237.95695207541416,-33.06823332446246,-176.44632010314976,1.0
4722,-26.11770497044612,-22.695849499206933,-76.86216231294902,-294.8363510006335,17.308579509372112,-258.0349981304396,-38.68053488256172,-217.7472774467646,1.0
4723,-136.79701200621466,82.15783526430104,-486.648349509589,255.09728810055427,6.745985106787714,-245.6962557336261,-37.56079935031895,-193.7843942054322,1.0
4724,-267.6657653253021,-95.11592487270165,332.48336726228786,519.9748246915854,3.9342197170374873,-248.29148573712303,-36.17183696000706,-192.86635598562094,1.0
4725,-180.5273177083067,23.350458873465985,113.39616590686707,193.39049868118104,3.9608328423493124,-244.46281166897217,-40.03985250073044,-200.61473277205644,1.0
4726,-505.77091081351,69.61685771371053,-392.96918930174456,151.2756894642576,-9.893223492450746,-233.53719171392177,-25.008527059448035,-179.11177645553633,1.0
4727,-391.7489948506519,-296.16449202267694,-84.6397323531096,419.34143050018537,-10.648900968876685,-243.64542584041286,-25.3242705873194,-171.4522352883156,1.0
4728,324.4794773728531,-834.0054673769428,219.44990593423807,107.78863166767945,-15.589190296243345,-229.91076615378745,-27.013742753955825,-176.38462310846734,1.0
4729,-753.1660860344825,753.5415396578805,-600.1622669393003,81.06777444448092,-8.033646960247713,-245.7892158799689,-27.184207637473637,-169.6441293648385,1.0
4730,-185.4274571567583,-204.3659713985221,8.389157460830665,111.52424072794702,-3.4982793741075975,-238.92882036922495,-33.66355987803491,-189.85355658534561,1.0
4731,-129.52228723552506,60.97758897148245,62.326941450557804,108.65666437061367,-9.558568399881853,-241.7234053405478,-25.641193423732204,-176.7706319372419,1.0
4732,-130.58877261151426,-190.48641457586942,176.56843960940432,113.52144917362776,-12.67312795725936,-243.3563018603436,-21.72954826495443,-179.2400113062042,1.0
4733,-112.58674977595153,-254.5501103592292,200.1292841907907,126.89888939444138,12.38777606443262,-240.72221228678583,-32.8946396079773,-212.11999157849985,1.0
4734,5.629256319622744,-318.65231899056766,236.2772377304247,133.99387193603278,-2.275581923698103,-243.35047765709734,-29.430594751080033,-188.25282851215863,1.0
4735,-322.0592552942968,-159.19441408676852,175.68165911965465,368.1407744802638,-3.4751856059018094,-240.92332353472017,-34.53653351619717,-185.85317039150442,1.0
4736,2.820342734619685,-38.11165091052591,-123.49716107855546,-179.00114690821033,2.9638476906226776,-249.35651488795708,-33.28713981825332,-188.8248837308939,1.0
4737,-377.2718899144271,60.785740154731414,-334.72651089556365,481.59350535189367,-5.693256461733863,-239.13448708948553,-24.27533036351917,-177.5244840212221,1.0
4738,50.50601469270348,-111.64254839777514,59.050237034619244,-88.38055244477702,-15.125763408682218,-221.08684829442169,-30.483809665722013,-170.68675171031126,1.0
4739,-14.59959366935648,-17.177203646959693,43.4403982035449,5.726513579324788,-5.620134427378113,-238.90223324296568,-25.702582616662575,-180.23804031084802,1.0
4740,489.6606565234938,-536.8497576639154,281.92498967268847,127.33125955395923,-7.055618227805777,-232.653299809897,-25.77973073435763,-177.09454722935877,1.0
4741,283.87613139612654,-504.60295615941135,-66.82410819058161,-73.84306435903136,-13.66776166309031,-239.04599519608988,-23.304423957824916,-170.59130830755336,1.0
4742,-123.69049161575225,-110.7913737752331,-333.8274282305438,146.41088233865432,4.388928272028458,-241.93966129321237,-34.557416716569456,-201.05558375495434,1.0
4743,-133.42022447620005,-208.08155503179614,251.28531672529647,111.07276740637184,-2.4053670395675075,-243.57864143555528,-31.526505403073465,-192.19305627234883,1.0
4744,-78.16662056470545,-446.42258539835626,342.6043295195767,354.63195479425036,8.944019733035699,-251.3193411706192,-33.237342254217744,-195.687446886935,1.0
4745,-134.07403243609187,-455.847537777756,269.3821841320777,70.59571275889091,1.395206360082201,-244.8660999198765,-27.72977926439772,-202.5158229431306,1.0
4746,-268.01952254160017,-10.188176721899467,142.77230294773514,167.18992835969212,-3.280106214473525,-235.06866779884265,-29.298738604492833,-187.79375447678495,1.0
4747,-318.512396646661,157.88403742988154,-24.684880926142384,10.611089567550591,-3.4323931823495837,-242.1271288003291,-30.389757597166206,-179.26776568173543,1.0
4748,208.6102543735795,-719.6174153825348,288.4400538204946,-134.99509405440025,10.997367178294509,-254.72184389378987,-35.36113198699617,-193.83783646026413,1.0
4749,-151.78736490377867,-92.03184562028136,23.405178413861293,185.3832210554017,3.734241020993413,-246.193510104278,-32.04182790479829,-183.0298037220556,1.0
4750,-336.7064491418265,297.88742144793264,-603.91047944705,54.83921414495649,-0.49547271362319134,-240.85792638794464,-34.71416586523207,-184.86180940332088,1.0
4751,-260.6817382158305,-3.4612692148010993,170.0614620195551,381.48513495238205,-1.226521317589199,-247.82122336524088,-26.107150715479353,-192.3289701888006,1.0
4752,-296.27085260950776,-100.55310574824566,192.37923285427206,280.507482792761,7.444572893688647,-245.80880964624902,-37.453100105746316,-205.1935982015212,1.0
4753,-204.21588082915855,35.19818329304416,62.65295340424943,73.37118608070908,4.413019941849505,-249.64285875713085,-31.99361522013005,-196.53523428527302,1.0
4754,-396.5496312560202,93.25495193325972,50.12383894561423,98.68840257360219,8.211707281284468,-251.28405988297104,-33.674725756790714,-197.97270319456322,1.0
4755,-258.5386874612452,-289.0041672587164,264.9427962554789,351.35344671372195,7.469853957058964,-243.20555253410066,-37.868408339759256,-208.75973016548375,1.0
4756,-380.5128542681746,151.12449101902175,-764.9607544517769,400.06997165986104,16.470366364756842,-255.90645561068504,-36.289190846340574,-205.0550835718797,1.0
4757,-171.992202550925,-480.30270177638636,311.05009800283653,56.15636656361676,-1.8557340654796604,-233.5489335163836,-33.63858254484217,-186.90626479992292,1.0
4758,-236.39998696070657,-70.03198062984612,154.51541240699046,321.52070892973785,14.355317770900761,-254.33655963757363,-35.16524262691668,-204.2909490899721,1.0
4759,-200.4574018338821,-298.45180684393307,80.93157017240111,-17.633574749917535,-1.1533199982106446,-240.26465238946892,-32.401294225892634,-192.16156337914722,1.0
4760,264.99615553377356,-105.39881558439062,-127.5503108321054,315.730928493387,-10.759436472703694,-237.0454611348306,-25.086578994910752,-179.4363185187329,1.0
4761,165.95930836567527,-448.2891691135313,128.43948469734298,-232.1426455447477,22.35941026021917,-242.26544540409012,-44.020445131408266,-239.59858180415455,1.0
4762,110.94701574457572,-349.2196437157919,-85.35443011658703,482.4546822037885,-1.691908965187681,-243.94799985658332,-29.58898558230415,-183.71919193482353,1.0
4763,-338.3448350978963,84.310518929398,78.67977799286055,188.7397891426485,19.500286198024988,-243.75390542165908,-46.325425690318504,-233.00716563706033,1.0
4764,-332.2534289375413,16.679514487020654,-499.1025379598357,-17.462635664855352,7.02321603693011,-237.06268489730826,-43.9191419320712,-201.35167859332495,1.0
4765,-420.9008251392442,-424.0055590142125,430.3982291017123,361.0533555127602,0.33029693585641207,-239.45559075907065,-33.27480929774626,-187.11443572237326,1.0
4766,-117.33494979481829,-7.006419689876053,67.25408518273257,-19.224124590797253,10.739025046220217,-247.7014036701799,-38.906005601583416,-208.71066658530918,1.0
4767,-207.577997603725,-156.03282129416124,-278.08636500265794,237.40298971723126,23.431778108685034,-251.90376677856256,-44.60920443841768,-218.07859222603028,1.0
4768,-44.3384736114413,-272.7601809748327,175.45084824345594,160.8633379419781,11.835578128179606,-253.43966902025818,-35.57634829164993,-210.34956105395634,1.0
4769,-452.56525623104943,4.98835906906876,125.5692107948295,218.84281914361918,-5.041890573713718,-242.112574782005,-31.528835584237815,-186.47645359260042,1.0
4770,195.57359308631396,-308.41016151606533,74.28066918758806,-180.74099884415875,-3.673609382819854,-249.79008895459,-22.33472079971647,-174.6245477097082,1.0
4771,-305.9672256984732,143.2616883585597,52.83326898960039,291.7114122056767,3.533726707746562,-248.83944007360964,-34.07994367031471,-189.06976597454843,1.0
4772,-152.02772375188547,-206.91102459614874,162.519913993237,88.06337720889054,4.333090438477874,-244.6804742334377,-30.621629123161835,-199.6708224670221,1.0
4773,-37.779199136180154,-357.6204046382007,-43.18137012784147,235.6991198198731,-6.164136158781419,-236.95683517903888,-32.370146248779164,-183.83177379359435,1.0
4774,-503.0687149584426,-317.6089996271176,322.0095428819584,273.5293565751558,14.795483433643737,-256.3273937844249,-32.92535525123158,-210.58088298388566,1.0
4775,-263.6448132730515,210.73689702454254,-872.197051499006,201.12305011383702,-12.663343484742743,-241.83713661099546,-19.795445339083084,-168.25588695737417,1.0
4776,2.9019010641360587,-312.86650655716073,106.42784504648566,50.73706537263365,3.2338034341461146,-244.70626568544952,-31.155910226078802,-186.95256372869537,1.0
4777,-223.59946282237152,59.47304233820021,-106.47843756581806,-251.17073892367608,16.703711384534614,-253.73653170069986,-35.721709770389,-211.12521993956645,1.0
4778,-183.51929164542545,-137.62982242218257,-109.94177867061062,76.50008110152075,-19.837366511142555,-229.47840904891615,-26.793857161572358,-160.0505125252334,1.0
4779,10.654099859374444,-540.7807672697775,71.4465347898995,287.2722329978499,7.904244449073295,-246.8520425843703,-36.555303233400615,-198.90552581333316,1.0
4780,-427.3266931980924,201.84076427686932,143.87226994930674,450.08442917139354,5.802443329854539,-244.7560462406507,-43.90208630162929,-203.20069715397136,1.0
4781,-263.1110978881189,-83.45357863348852,-308.5979155791744,477.9478248205704,-3.5654471457740113,-229.29902480637554,-31.424670872544485,-179.51415840249157,1.0
4782,-33.723865993659615,-418.3539661366582,11.822379137887594,149.16120427392784,15.057692942830482,-247.83794207713242,-37.560128035323835,-210.1192352118511,1.0
4783,11.003359937755764,-146.22847383837214,96.00971053087241,31.98875279279134,2.5079221108559713,-245.54580352786903,-35.43198017400057,-190.32474414077336,1.0
4784,125.75885582204135,-576.2078357617476,222.90639217273718,-61.187320550692846,5.301420311411048,-242.32799436416664,-37.44835545610947,-202.72850179089983,1.0
4785,-365.07480631430053,27.567235043203574,192.64241382419476,532.9960552644101,9.647487074696581,-252.2586970070611,-36.7658751017247,-200.65886400299124,1.0
4786,375.9939800288561,-447.1965619279553,53.23950287215733,-277.4115060759296,3.582991040480845,-240.53178793722867,-34.232074407281864,-198.33638897254696,1.0
4787,-191.1471710537188,-277.5026290130053,315.87587226334637,536.1298570315729,-21.84840052396876,-234.13197300690024,-17.19185155529904,-164.5663773154888,1.0
4788,346.2000867919677,-568.7108818804658,136.87479317433366,-138.82319922221993,8.090869943685833,-254.78081948174506,-35.74800001181241,-202.9637449274202,1.0
4789,-61.470866333418705,-50.60767438898608,-530.7506479118277,208.30823259781477,10.50008175153279,-238.3143500471737,-43.73463154818337,-206.14702201363428,1.0
4790,-295.99177625209137,-18.18933161770555,-65.6586179801334,235.44416980795032,-3.385368403156601,-247.44398397125693,-25.04843887261099,-184.73863467625358,1.0
4791,-119.08090285612023,-16.872623637730165,-169.36565047944862,242.42691193829177,10.013774111761457,-248.1969465510444,-39.37475831098031,-205.01122898512713,1.0
4792,-271.86059521164236,-423.6209309421888,53.111981626607864,490.22881311102304,9.631865727612617,-251.17701386239526,-38.85961335066653,-200.04833066013654,1.0
4793,56.06303574951457,-246.74286593536075,-189.4801839367644,208.21726623217214,13.628299015580767,-247.45919572228013,-40.495264755797,-212.1899962134322,1.0
4794,-415.9477946039653,-273.2090145931544,316.1946979036493,-270.7824986899116,-3.9404153287721106,-238.17680476959688,-30.258036704481402,-184.68291316303515,1.0
4795,-272.4077303849913,-322.3624271199103,238.50499991284258,-53.43866954122127,15.831662418171856,-255.4663470202054,-38.38966621809861,-211.97777201455273,1.0
4796,22.480594122161747,-359.7227925920068,190.4206017849439,244.2963050978518,-2.878943098597192,-232.95719979354683,-32.966506843470576,-192.19173118391444,1.0
4797,-88.1357053882389,-152.6138062528211,303.25097404580015,476.2732453499298,-6.8502816981755315,-245.34659450958054,-27.834812872362715,-177.48050429200828,1.0
4798,211.67279125874677,-573.4224686909458,385.39611343647846,6.765654269355492,0.017437577493419232,-249.5690902735745,-32.692721525223234,-187.33303438575533,1.0
4799,-94.13457031173355,-327.9297299840592,-192.8784157082519,119.97675431539577,3.965800547469119,-241.24284498228073,-37.182698571129656,-191.1107240404604,1.0
4800,-63.18948097614027,190.52524144472108,-1.7343370397974844,204.62948021605212,21.752338563896615,-257.42507953068747,-41.919127595229526,-217.17965643591313,1.0
4801,-332.4683339682426,295.1855614804019,-508.1689749540612,-12.854193176387962,8.136676078856652,-256.76185494169636,-32.11470215930107,-194.47890677745647,1.0
4802,-67.38086078784626,344.5564754671279,-243.00677152529624,-124.70165962410937,-0.6507029357218435,-232.09507493872792,-37.35954751549855,-194.63383281687433,1.0
4803,153.01590470574436,-173.36989818536065,-108.21462358507776,131.97407216219867,3.131791651236113,-243.05122866887194,-32.25687315390726,-199.22596249879854,1.0
4804,-234.02249822567188,84.37697381964773,20.70068431377956,40.03606585231092,3.676213390316297,-245.20976572483107,-30.179197821283594,-200.39285864336753,1.0
4805,-154.0352834100991,-114.14636618017515,135.89431662092127,118.34944700074294,-5.399943913492854,-241.88321240020167,-28.72102207466151,-175.44066834546655,1.0
4806,-384.88998318111965,235.57086879720543,-322.4932658686151,7.599724546241604,-3.161667111199053,-240.3130820739588,-30.52216200946927,-186.97799748492858,1.0
4807,-52.874037112039,-283.8951268844912,226.9867288916206,260.58809154815873,13.428947035810566,-246.74369861859972,-35.62986345801002,-205.48914136140212,1.0
4808,145.5810701490466,-176.95609684476113,-136.73714686781787,251.35019006333863,11.131969584292037,-247.10483027814735,-36.30567460892886,-205.72078526592355,1.0
4809,-101.68864183419224,-291.28730980835877,-91.86521466646099,-64.98827981213044,-6.985360404696982,-239.75709507451717,-27.876142626340393,-174.82112056506395,1.0
4810,-51.07973009382736,-200.92983463336193,84.08539599656069,-16.220116285055152,-10.5256048640366,-228.05437778968363,-28.663645575692982,-181.98210744648134,1.0
4811,-155.1580954438493,107.14788453611473,129.9681230783378,407.7602811174595,-16.82816958469574,-241.98242497000888,-21.891501030548554,-156.95425847768598,1.0
4812,-165.52823589410696,-130.15800013030884,49.39698371860941,-29.358619424426724,-8.362595487659865,-249.5670930717823,-22.421436997587634,-163.38963555334325,1.0
4813,-90.00211360088166,-189.24680301535744,-457.6548721087584,177.16976686144898,-3.7659316361495936,-251.63481910575314,-22.304338963423895,-173.87522260500074,1.0
4814,-599.8112834754251,375.14871894719096,-335.45737094858373,117.48249125235708,-3.973199212415423,-241.7215689304878,-29.74339341765982,-183.53755141832983,1.0
4815,-73.79824445471485,-388.52460525945196,375.4244018816686,389.67127230095787,8.773076394503775,-244.73454060529926,-36.402257401480796,-201.90669233510005,1.0
4816,-388.1249949535626,-24.045201824036265,221.25418579788123,470.5127625898727,7.513988590905625,-249.09079482017918,-36.508329357354455,-205.71080041647446,1.0
4817,-242.38170941551306,-246.36639372171027,-148.53627167432,132.13224522582593,12.375288487199679,-248.87772092592073,-34.026196717763575,-209.5773133091073,1.0
4818,-147.5867061035705,-229.28963542878367,-242.00738299410088,69.7509909186972,-6.785401181836158,-237.59152718,-29.003777383279918,-179.15443293731505,1.0
4819,18.457634695112567,-151.66331878248985,-98.03416698384383,-83.48201542272884,7.761672610486057,-247.6488624204389,-35.381544785750094,-196.57339451656802,1.0
4820,149.8345562705169,-546.993646658664,184.26748582064482,-87.78594954811987,3.2178057966419025,-244.52095175289406,-29.52448513881749,-195.99752951827912,1.0
4821,-171.63133929501177,-36.4608294194694,-136.00212885017623,-117.49203623035811,-4.6393501640510415,-235.344307936755,-30.80304991478946,-183.11118226350473,1.0
4822,-36.845677539758405,-213.29411360714113,-169.00525345538847,163.58233051131884,-9.572350691689506,-242.5411144367701,-19.77257889052415,-164.84584285754363,1.0
4823,71.11986429157105,-506.87141213393494,-44.933518409029574,125.98381417518337,-6.890410493543309,-236.97747851699359,-31.938761760679945,-175.6973500453929,1.0
4824,-145.74549853889843,-30.869215756938708,-73.07782257608724,201.67537467996794,-6.590759777125677,-237.25927123183612,-28.353317073994532,-186.09762835209196,1.0
4825,-374.76181579262516,78.64560943777086,94.83948486251634,357.1541377617035,-1.625331540417203,-239.05968980685762,-31.54291890203136,-183.5965854982831,1.0
4826,-73.2060173670627,-393.0390745722778,284.7261671113762,117.6232389270434,8.759716481363421,-252.580673477335,-34.366098222857126,-189.35096593045685,1.0
4827,25.622513568141358,44.0041235516643,-59.624946646270736,-156.44287231208233,-9.228457297001848,-234.08578250362845,-27.257695224589185,-186.05558825288398,1.0
4828,-201.54663660421193,25.16870018265851,-710.4962045068307,418.3768000201217,6.224419941446425,-255.44152052215108,-31.084345829934513,-187.85481236567145,1.0
4829,-216.92458323834694,-283.8160501800748,193.3884427603944,61.250424476568135,-5.932415339089165,-245.74278513338518,-24.074735653387602,-171.44251718268725,1.0
4830,-301.4964106717432,207.49746824388714,16.262373370086735,227.13664645003763,11.868182450349618,-254.9308475015602,-37.67221272442401,-206.82257386245402,1.0
4831,8.159041673618361,-136.86258142766917,35.22587832045132,65.76845846965738,-14.37569583702266,-236.13732666224402,-29.5110221754586,-162.220302265131,1.0
4832,39.01814890837325,-344.9479474303296,-268.1745553196547,654.3582189104932,7.22156074432349,-247.99452618543936,-38.62214328839921,-199.37412813818588,1.0
4833,-105.31394420317622,197.04474594659905,-294.08121055414415,262.8120234550404,17.75185983844401,-248.2339700145717,-44.040818082648215,-213.1066419030539,1.0
4834,-68.3053268078578,-463.2805877989866,336.4327414901001,224.51317621805367,2.0762732206216805,-241.9262866659101,-33.79304129219374,-184.32045781386043,1.0
4835,-186.7297845413787,-438.1866648310593,-84.22011170301951,269.3273614767972,1.7107474330851073,-245.72483546958426,-28.31919759828795,-193.44811728624197,1.0
4836,3.6395214239118623,-80.40780878109732,55.62897218317217,9.187100031609852,-8.579352698834118,-237.4027176331291,-30.241204906981892,-170.66421161256972,1.0
4837,-114.1197302103532,-198.93587944243146,-76.05438927557411,219.667288166874,-3.940405425869157,-240.55161126970586,-37.00419112156364,-191.58452082369894,1.0
4838,-55.036431114701045,23.468237271986148,53.141024367477144,64.23871483923452,-10.788580072885823,-238.35470880248917,-26.818946331536427,-166.343121275332,1.0
4839,-22.513223610901644,-735.9649042969481,95.40353822831955,348.38965868225483,-3.339914767932429,-236.66951179643317,-26.84338528364258,-188.96246401787283,1.0
4840,-183.23042190988136,-659.3964845747333,554.770141272222,440.5174365985129,-13.351767029738607,-239.5763128676523,-21.427927078874426,-168.51705767309284,1.0
4841,-334.1932079462323,-251.34572945730432,-25.79115020369176,164.72476901082277,11.874584634335218,-259.1383169032997,-35.347905802315466,-204.8899833886485,1.0
4842,-194.71221723013363,-430.38520360859127,340.25423779663276,16.29030125173234,-5.0380868119155435,-241.01211393232919,-24.660175381320574,-185.26123364762984,1.0
4843,-370.0107960878744,-144.14339096209497,175.37295914105763,199.37280468748258,2.8172659690445965,-248.31547484673814,-29.377755868215775,-193.47573606475922,1.0
4844,-294.5695667577629,198.01627387993713,85.72006380336931,293.4479033390355,15.574359015169565,-252.53121096152412,-39.14651226690323,-203.96061149028526,1.0
4845,-189.0424030347435,-250.09356665313703,158.6069452895585,34.77579051766164,-10.735116864634698,-238.93371756306814,-28.351688879045017,-165.1375307361057,1.0
4846,-48.05089065940573,-347.5591559147976,221.42720180746173,102.77254799458592,-7.700415929137604,-238.8690498911988,-22.602659180698232,-182.28650678688211,1.0
4847,-232.98524690460988,-547.040994497124,10.523917364365332,118.32525561663458,-0.3902967467683711,-234.0882237170836,-35.34652927052465,-193.75690891808264,1.0
4848,23.402314164099348,-504.86345405671466,268.1602463269277,40.31580351414614,0.9209029796119962,-246.340640566311,-30.268288444163566,-189.90350757073375,1.0
4849,-103.77015567630723,-348.5533298043794,315.70088754035123,333.0291639127771,6.032176914177125,-244.23820136118107,-40.70620611444497,-196.11631956978096,1.0
4850,-168.44757910352567,-143.37662645620287,-84.99692634822222,248.84057150526894,5.147184180105122,-244.39197481759555,-36.64899629607402,-192.97428908728574,1.0
4851,-163.12570681693526,-854.111290104683,543.6343400294146,321.4215305331035,16.4116872121162,-240.00284013454407,-41.27345668384627,-226.35285798284178,1.0
4852,-319.0610330612755,-15.622669531985501,198.90391092220494,277.12978822198966,-6.846913860225486,-245.69404740198777,-27.99942550451119,-182.3849470700184,1.0
4853,-545.6898636329788,460.6662447958772,-688.6074013379326,158.15248796275054,-7.915681953044107,-250.15918993720106,-20.844340428684916,-174.42804634921754,1.0
4854,-227.07325711470267,-289.9731859952361,259.3363503614721,1.748647903662559,-7.371053367241997,-243.79550555191378,-29.802358406489034,-183.77883776300214,1.0
4855,-663.2472393705942,-264.5708489214101,-71.17115065136507,21.18308903098578,4.116737876594475,-250.8634161651404,-32.99139000515223,-201.5796685300698,1.0
4856,-147.78991292003892,14.791529879254783,29.100358992948337,44.024965462674274,7.270578451760425,-239.3735018501091,-38.94954403755581,-207.00054357579458,1.0
4857,-397.11489316279744,-248.57369532571676,-194.00976237847226,79.28503396743055,-0.016367250203672024,-254.56443678410363,-31.398857099822933,-185.57019240434377,1.0
4858,-426.0521789471784,52.02528788714598,206.75581747499044,510.4886542976857,18.341296402766776,-244.657782942616,-39.54941247995549,-217.61696033899455,1.0
4859,-99.48036896613456,-225.78755898600966,-38.25109440234409,343.2237059739891,-0.620323290515217,-244.98728205315882,-28.143564255833898,-176.99484858857636,1.0
4860,-374.95716274835405,242.23610571249162,55.49266373573245,247.84533240502697,8.122798509153746,-241.18981485306028,-36.53301253736983,-191.1835023188381,1.0
4861,-113.10946853459663,-66.47162957466148,-153.24314195364133,211.18634122149035,16.43546861865665,-251.65469159602662,-35.561285768907105,-204.71104005312867,1.0
4862,-34.40459662164066,-205.21364374771846,41.91885346527933,148.71206452326808,3.1729875681689137,-244.74146820215648,-35.32709407287497,-190.84138430198638,1.0
4863,-294.32100363843034,-93.47062595712424,-308.04166168560437,247.16132635909455,6.500080682801096,-247.87516365708464,-32.251849140570336,-190.49670293607772,1.0
4864,222.6645940864485,-316.8401174917818,-39.88593684866848,323.3876830185652,18.088137309158213,-263.7136605415836,-36.74699733111386,-209.31286020850698,1.0
4865,-243.61030956022717,-186.34490090323615,212.19921000469694,335.53086364318176,-4.560362093508754,-236.08666861935416,-31.927238248654426,-181.05084240196874,1.0
4866,-110.26830664651229,-528.8187590369118,274.2844868011651,14.153060160172881,-11.674777668801584,-239.57805135674352,-22.363329753473543,-168.37188078960915,1.0
4867,-104.36049219333637,-649.4954432858725,150.96578817163845,-106.31398598592195,10.559180089235175,-242.6258980542024,-39.290805849375474,-213.2840151946281,1.0
4868,-204.67397854739656,-272.4097353661542,-145.93672520249933,438.4431441787501,-16.313824006978894,-235.0754396222239,-28.146058628645097,-160.1161721848964,1.0
4869,-447.25439375321764,-107.38070743759687,-303.26002019931207,361.9316153950033,-5.78466377521662,-242.18512733426715,-25.976978653558483,-180.96700205609844,1.0
4870,206.8429784119471,-732.1688222961022,9.918814465466962,332.4193904813582,3.6914447515272437,-251.44382657726652,-32.559964460344304,-191.0633154704095,1.0
4871,-83.04345258974455,-319.0576993402284,-283.29591127704737,349.2769911361712,-13.86461594603822,-240.6166333181863,-23.320155648687972,-169.11776024125845,1.0
4872,-327.3827382644006,-552.7424132670621,-171.18386023000872,317.69248980241593,23.762070328271765,-258.87090187309917,-43.88578415400067,-223.13326375850195,1.0
4873,-111.5213634355679,-376.19859380401243,65.77673102286079,140.67041504030306,5.2166195096572014,-238.14528494716535,-33.205191622471865,-203.32428452455798,1.0
4874,138.40447429855178,-505.9247209277437,-45.12561310630152,110.57779633341514,-11.863766849102245,-242.32332943583359,-29.570099562815074,-169.24477570407907,1.0
4875,141.10193617714236,-1080.635781547976,490.06229054012795,87.20859260877027,1.7963888982521996,-244.86349994924723,-27.755028895648536,-187.35753688286513,1.0
4876,2.832633589470346,-0.04829733519546853,-281.5257109789669,236.522125374926,-6.987900254800225,-236.4734858849201,-28.012204802611453,-178.05543929180953,1.0
4877,-170.77885999538495,-342.0776330674265,158.50049063808905,79.3020818982072,10.669028887803506,-248.24389817635245,-39.28992630287286,-211.27569927264105,1.0
4878,5.053932784687976,-180.38237655981075,19.463120871711602,-69.59890612610428,3.4789171562067813,-256.96424822543725,-33.176785780650555,-188.12707291708844,1.0
4879,-20.350544175699014,-265.43784159818784,-12.373188288445359,56.57679610093149,5.0982191051896155,-248.2309273802053,-35.66894663364334,-198.0560084861859,1.0
4880,-324.5480344993114,88.95573692727838,-575.1943492016204,186.0745878450102,-4.8670769500172,-245.51043411346487,-27.12866396210217,-178.72338150422254,1.0
4881,-11.054913794483356,-500.5410731568321,446.1522884970113,415.51792221066296,8.801435999443314,-238.19456393534497,-34.86661723519831,-215.73160799116343,1.0
4882,-153.28436718737325,-647.3354249227219,390.6749504816216,152.18123589143207,6.171686277411499,-238.47737383323576,-36.679893962624575,-200.65884410973234,1.0
4883,111.96608510333328,-213.8435832284865,112.83100574380556,-27.5546048738601,9.354889138882095,-250.43607898561265,-36.55806049879783,-200.86725620762456,1.0
4884,-409.8948320016098,110.69700465056593,139.68507584449662,327.89409656073394,-1.9845839867186728,-245.75832955125495,-29.420865466760905,-180.23445059279936,1.0
4885,-323.0916222547083,371.6811484158073,-436.0732205965187,-11.235233902199004,10.517459797078505,-233.8888920852918,-42.01486831338957,-209.4540630791184,1.0
4886,-236.9000175378611,-51.487509437488924,-403.61925899967946,338.6389865373439,-2.453968644108137,-246.6683033331736,-27.14136319560516,-191.2928627080235,1.0
4887,-81.5749689393886,-619.0588391509868,383.65374592128825,107.5033238566704,-1.8148085824449893,-243.74895711221953,-31.30148155384285,-190.89143351659183,1.0
4888,-110.57883887583522,69.84714664835332,-140.8375492526054,-216.73406465573945,-12.928151574005227,-231.14400670623803,-27.432381047858808,-180.32134915994857,1.0
4889,-33.210002082051425,-55.12436693330989,107.20901324975505,243.09490006150313,-6.90224136484403,-233.97210598259605,-31.064481276977016,-190.46840601271697,1.0
4890,103.94752276542233,-778.2738694483253,313.0154657414337,-126.15961465397008,-5.843731581282732,-247.98588013491002,-25.192227279194228,-187.3529631993578,1.0
4891,27.43215578283047,128.56464451146655,-121.7774952833917,-97.03373586650548,3.091310013331749,-243.11318550806757,-32.55154923389509,-202.6320710457657,1.0
4892,-101.59379989164763,140.52278954109755,-421.92335589186916,-104.14357493287002,-2.768333372151065,-239.74823504387425,-31.0233386111642,-191.0247944091378,1.0
4893,-91.49498706654663,206.82764211255375,-32.67203623793611,46.32178925563804,7.870237998496169,-246.89139637325525,-30.58421471952683,-206.65473431292295,1.0
4894,158.94898738005327,-490.3872491275134,-304.2207763204851,252.21988249125414,4.514123869250074,-249.08703990736342,-34.76390999958144,-200.6392535738488,1.0
4895,-458.57670981608953,368.56299571892464,-419.54724083394586,215.00640789627425,-3.864699519198494,-249.66039551971642,-26.890216769140196,-181.5398226871397,1.0
4896,-148.68814120178823,-394.33806694809954,256.94400618481035,201.95258406634466,-11.271521537118884,-237.67654074546851,-22.811192284050595,-166.10996363863669,1.0
4897,13.362018725049051,-702.2170002518856,383.93150620296746,90.03943947228576,7.860896039152346,-244.01318152916676,-39.58972074194805,-205.35520659829072,1.0
4898,-103.92094320448224,-78.15442032278423,-80.32908749375753,117.34653802795678,7.810713635097144,-255.64082763887188,-30.39339135208889,-194.3234718117406,1.0
4899,44.224703234814065,-290.49477627226634,104.24203673021624,-84.96156328770871,-15.200994352751625,-233.9478994304791,-26.290267441508664,-167.3924684628058,1.0
4900,-715.825972444477,-3.6082698168723004,361.0380899577334,796.5163501332117,4.468736857598637,-238.4907692957868,-36.716446466327,-201.61933659623293,1.0
4901,-39.2678001621612,-524.449893965056,194.10103491812717,-163.2204141593964,-3.068744959649388,-240.12970999154982,-29.999004997248452,-192.07924081861887,1.0
4902,-244.00481547941112,-432.19923961877384,280.97358456109896,158.36730438900057,11.210165704876857,-236.14952092121547,-40.787943410804886,-211.26471732785492,1.0
4903,-387.0521679177752,478.3092821930902,-33.566342253893275,226.82552362717843,13.816391951579956,-258.6593752023107,-32.58102470821211,-196.48678813069344,1.0
4904,89.6829676128001,-402.8750060718817,-16.539332043740185,93.79060104673987,6.9877328427520675,-253.44939314157665,-31.553432647784653,-197.4820175387502,1.0
4905,-204.9910423331289,-85.99003387981034,216.43963911549164,331.2006130468801,5.316553636374067,-244.84807510776395,-35.638998016672126,-211.1353836104942,1.0
4906,156.49319676909838,-370.4982870848248,-190.84555135487864,-44.25186606330151,-3.2432868745590824,-240.37457897874623,-29.30088301735669,-192.54369104914838,1.0
4907,-553.1129431104331,160.16220554191028,-648.8118241855135,-72.41746856875118,6.94606637965054,-256.44950022660873,-29.924107856084547,-192.48477027358342,1.0
4908,-253.99419917324101,328.39620416071295,-58.91922054810577,198.06527660934256,-6.137460018564487,-251.01260158368208,-20.150962936433444,-171.45912251268155,1.0
4909,-2.1206550059253315,-232.91914072389002,-74.25282668167004,214.72868349097598,-7.7297106325125,-242.05908674223807,-21.781258503286743,-161.262699192927,1.0
4910,193.3452654151659,-196.63585980564648,-57.40583841406155,364.55092185814453,4.214617502773416,-249.7288819504136,-35.480730482422274,-200.73248201209023,1.0
4911,-312.83404614716244,-131.57298619179267,126.4804569615336,-102.00429245408569,-2.290750759349815,-238.37509871632827,-30.551461975308264,-191.82352687724418,1.0
4912,-124.1704412784936,13.731154572095505,72.75905721953177,118.91605278113859,-3.5697631242604633,-241.7266632024853,-23.242892229438148,-178.28865769016608,1.0
4913,-231.86059227669423,160.7960118972938,53.214556256502,152.65289622612383,8.629514668702011,-248.5845817696152,-38.15078832460892,-201.26069075534787,1.0
4914,166.87700972778532,-278.66546152202886,2.4959471847024295,-324.3020624196498,0.056671354746201885,-243.18672199907556,-30.6993421242916,-197.8031215532451,1.0
4915,-227.82030740722234,-477.51823670324904,231.81402167407396,135.52952052607938,-11.904019084470649,-246.99188904117491,-23.431427930215644,-161.00498384392807,1.0
4916,-232.2202925603309,501.0930417834645,-260.82468279143166,-96.36114194875942,6.768665275995933,-247.61699515278062,-36.33144939864056,-196.0896462483655,1.0
4917,198.77934249196835,-532.8366947104602,443.5890481636131,-86.84144152523862,-3.0337386318807944,-244.00950005932486,-29.235773817669187,-191.36130105556109,1.0
4918,-191.81402866983032,-667.8767007478857,431.5932646788138,232.04808729119318,3.7362355537585556,-255.65987401472955,-30.853843390373054,-191.19763860961206,1.0
4919,153.36275432082803,-280.111724435919,155.4621213648785,-125.11493817558494,5.761628223276547,-248.86050605093115,-31.129853659727246,-184.47675109048927,1.0
4920,-286.90696386412316,-204.30647433317807,-35.17108047460269,39.091790211050316,5.502391497108536,-249.251586483638,-30.00420209531408,-192.61346542063572,1.0
4921,-399.3067339270585,-96.68948790099638,229.38450026151952,446.6216168102853,-8.194957501798005,-244.78156162913507,-22.13456510131139,-174.91842175879233,1.0
4922,-170.73270739081102,-669.6550079070992,471.1513802423967,411.80381619185573,-1.2845019443994654,-232.88170143294238,-37.26317318599875,-190.70649717503554,1.0
4923,-226.06933923288005,-719.5362462162415,509.2524246070983,433.2130587814225,-6.22375652945874,-232.1542042361214,-30.643293147979417,-177.85242912021647,1.0
4924,144.1385646899414,411.38804266543366,-237.30610185655468,350.1672410637367,-3.649221629902221,-233.75536913588766,-29.8785299907952,-191.3140142106861,1.0
4925,-157.67606669357363,-328.4571825279989,245.4845194148737,173.25496414894886,-3.391384746349238,-240.26527817562115,-37.817119564902214,-191.37303310921743,1.0
4926,1.1090103059735013,-113.46014344201181,84.48935912187311,141.34402823545477,-9.538904826942114,-237.80615003450035,-25.46577563374659,-170.28476715000082,1.0
4927,-164.62659463792542,-396.8686297369919,120.52033126701262,-29.4842129322856,7.149292049014424,-243.22047717526087,-32.42503621587672,-197.74674973999342,1.0
4928,-615.2912150741578,29.245282631589188,-355.8305598101525,-41.48975050066155,0.44923493543343884,-244.11176095510513,-29.7109156509523,-190.3126667037642,1.0
4929,-156.60997940858329,-128.57734663115414,9.773941466036673,-29.793681769663817,4.203116877602911,-239.31159221360187,-36.39100812135617,-197.7884963109033,1.0
4930,-22.35233891133348,163.35911464282054,-261.44878878814006,-65.30073785110221,-10.406353269787223,-239.5749686224317,-26.901149080794823,-172.3697672802055,1.0
4931,-89.32605317219267,-820.1500480605082,482.6927809602111,208.33453928935674,-4.071267053535135,-236.34770842334348,-30.871006173214862,-190.58539578512844,1.0
4932,-119.89130180543626,45.168793929999836,-290.3434640370114,162.8360113539713,2.867035701869429,-239.28140916788735,-33.20687848377916,-202.52066538657377,1.0
4933,-27.379787236714193,-582.1292442858535,-239.3476228311297,165.6542745136793,0.19073520644379216,-248.34742670890867,-29.57260084439426,-186.29137014085322,1.0
4934,151.9480587018298,-461.2671498012157,-58.942871869592636,71.9433159765115,5.062640149777556,-241.47523369372541,-32.58420998728339,-202.2149739344936,1.0
4935,-285.21614292479273,-417.88504169653214,432.0962287208442,535.4968427377381,-22.923151388154732,-236.1693462834003,-20.64969663369897,-148.03811981943986,1.0
4936,-172.41691416218424,-210.42643060049534,188.81378010554107,165.8006226143588,-2.7172108795488463,-251.93238785340753,-24.423890013427787,-167.74528299532182,1.0
4937,-3.719221015748353,-740.9545482465752,399.65929224835037,190.51079294401129,-2.2879022443638086,-231.45431318729965,-29.523092021626297,-190.55054818382897,1.0
4938,-21.749123025107075,-21.887215298268735,-95.3907648846948,46.098064244647155,12.119541279820423,-246.39430710398904,-35.75595420505338,-213.5714472735853,1.0
4939,531.9286117632622,-774.8527815579931,169.35111880382996,370.8944537094021,-3.200765499573123,-237.69334359089422,-33.329504727182865,-187.0283080030996,1.0
4940,-463.0464371940565,-36.74849211157052,-97.10327907035212,-167.96457615247488,-3.663787717351261,-247.0517518234144,-29.531036405618277,-185.2203957115857,1.0
4941,77.73768789369791,-521.8242762570557,251.806305790902,25.526017263091163,8.83603101976649,-243.88392004077633,-38.07710726989694,-212.54570331593885,1.0
4942,-338.28302768673194,-281.630545805714,270.722768441421,337.84132480990996,18.25573104566153,-254.19776379439645,-42.5639875163666,-213.4901994596196,1.0
4943,-208.55361932489754,272.1123211318558,26.527747265358826,233.32245710020936,-6.338404794410003,-240.41346456472314,-28.2172459052458,-187.45801605799377,1.0
4944,-410.5742428673743,-232.48737683967758,42.568071997771554,-29.664413924871468,-15.416892122666958,-234.5952958385559,-25.130148903138366,-166.11709371067124,1.0
4945,-279.7162786069987,106.31887289996973,-484.6781662013287,94.68622950128014,1.168867910956292,-249.00083534855193,-33.61446723998252,-195.92940633171497,1.0
4946,111.73623331777458,-170.67705063084696,-94.80067541979949,29.74125654295696,-15.736402863961185,-242.13522951411477,-18.615818708131307,-167.12492796019515,1.0
4947,-54.30413323059755,-193.925161699139,124.75709513584646,112.77319569521369,3.619960133285435,-242.00720391161275,-30.446491519606663,-179.4253104991629,1.0
4948,-350.17439528354436,57.886889083125496,160.55277755136615,337.01205294974176,8.046175665015333,-248.450438491625,-39.61566631853597,-203.60335272882895,1.0
4949,-392.59944295842547,371.60885904355723,-478.63807288332964,155.15581743118753,14.090640305924843,-254.36286440676705,-39.871457937694785,-208.4692228135106,1.0
4950,-420.7887311761938,-173.15055080448727,282.9512440242336,407.04297425054847,4.275279624201519,-246.00243694192113,-36.46459325714656,-195.6550170108349,1.0
4951,-765.9831723967611,209.75381959502107,-125.34348972964216,89.33342849551074,10.58863883147835,-251.2574239491997,-35.43309912558792,-199.1793224448494,1.0
4952,-21.15025256012406,-292.30009567726364,-107.57295242385712,412.4888690302269,15.435639419380504,-256.2725979516283,-36.8638281561241,-214.25779180447273,1.0
4953,-398.38057252313405,-136.7677551040253,-48.093489156637936,98.99828323880125,3.662409510877854,-242.23239241774624,-29.47107590098541,-183.60860870005118,1.0
4954,-330.61704956108457,-205.57399385093237,-318.2775964400411,205.36757885105902,8.843164101613855,-242.07946722986415,-39.77311546085152,-211.25165585332977,1.0
4955,47.44786647557282,-138.79133708644162,-274.80046664733874,29.421761537746093,7.800039382668108,-252.7380910836861,-34.850784130864284,-196.54366491968736,1.0
4956,-53.63050502989459,121.12561770672232,-61.38060235707869,8.024566023599732,3.693538992834027,-241.37482884595545,-35.60495533903341,-190.00449469977815,1.0
4957,-161.33306236339945,-158.4685405284239,159.69295915362505,150.6105314014776,-0.8517106471298403,-236.17524187374786,-32.036912406518276,-189.6010509567379,1.0
4958,-28.25104232655422,-298.6455644858431,-156.5763921858626,117.99639248463316,-11.427920316765192,-237.379215617554,-25.86571356958408,-177.75638864318907,1.0
4959,-368.72615325919526,753.849269411034,-283.4902771318306,-3.783630467350907,-13.847095695572264,-237.81875568891078,-22.61157087055105,-167.97252843614467,1.0
4960,-156.93630188918476,-40.42454386561438,161.4543459149869,257.9610121633686,-3.496251769126114,-245.29663701993945,-27.037045322577683,-184.37572939836073,1.0
4961,-142.1166088627631,-240.19873189602103,-391.11306587257803,240.98701119669101,-1.4043726435391148,-236.51988834557466,-33.82361109654607,-185.71741700258565,1.0
4962,-129.2088678315521,247.9742478582486,-94.56788116722508,96.32245640141069,-8.876511485501263,-237.71885055220318,-27.913132636721826,-178.62003810876948,1.0
4963,-146.05271545533546,111.45129930596585,-1.2965761841945866,-34.97219853600819,-13.371765623782188,-239.94254682625657,-30.938243746570286,-163.64758033357185,1.0
4964,-244.2051705197355,-55.39166207171502,10.17868404958364,-165.47365243539355,3.406508513976548,-244.28104685466286,-32.0677223578532,-197.39248866284632,1.0
4965,-49.6263210523789,-263.9062058431321,121.30996532137281,36.58591659268397,3.419020187003389,-242.57100994598048,-34.15030275610236,-178.7876813961428,1.0
4966,120.5820722084109,-284.14983217108744,-194.34900847965332,362.4801237601309,3.787252722203334,-241.12684838501323,-30.262011262594196,-195.7904822831215,1.0
4967,12.019690265255555,-177.4336576803265,58.67783117970431,385.1525959546711,10.025260497795154,-246.2930866869224,-40.612025414273134,-205.3884669506368,1.0
4968,-283.82346517533045,210.46901982182908,-251.07972212482412,34.872242528573835,-2.6891161769023473,-240.61177391530393,-26.118963055200982,-186.8521050908493,1.0
4969,-241.56353602658638,-332.7837481164639,45.00094046096663,180.30211328717246,-12.370562596341161,-237.18545323847817,-25.9137693144371,-166.5374888180121,1.0
4970,-142.93931452460353,-204.47734034682128,291.47551799091985,300.77511760925165,-12.546941396601001,-237.73465133306357,-27.537800477185325,-172.45493440650208,1.0
4971,65.9459340151015,-530.8042068924565,107.5108137728833,-187.84575668060555,8.912540070564468,-255.2590850938536,-36.83099636026845,-194.87431631153166,1.0
4972,-291.28843302384877,122.43535070558119,-69.64999168394732,-30.944290302834453,7.021961195878664,-250.8430817498295,-37.89441777722132,-203.2219289266052,1.0
4973,-203.23933618585392,-364.24047961405876,436.00607156266307,495.326543607923,6.689395005714345,-241.25903972617954,-32.33190434064634,-206.41296351635506,1.0
4974,-161.26556476912683,-64.13230358239439,166.42512552037633,263.5689198053765,14.110916083858525,-253.2629945824499,-40.60245888644674,-212.15363008603438,1.0
4975,-167.7048132581102,-460.7998879956649,290.12399928125154,156.71284108587272,-1.3314765102282613,-242.51951018967415,-33.19294468238817,-188.4167043462954,1.0
4976,-330.16004138776947,162.87924046846604,101.72710951206554,388.44555579423303,-2.0557641750366504,-240.1334551834202,-26.484659049802097,-191.26382219548924,1.0
4977,-103.81391477731266,-393.9268999208331,-42.20677112635982,74.44292134940079,-6.803382580518157,-235.75236225251115,-30.02004178521549,-181.43197803033996,1.0
4978,-475.760187258369,-14.120871455221916,227.03572808487738,429.0437823940658,12.421356811498848,-249.75205417658398,-39.3126235804906,-203.92892213781153,1.0
4979,-12.193238186030374,-293.6841711004489,213.85179719051416,185.4955998493711,6.808689599411086,-244.47649498228049,-40.50925404858536,-187.37604466624964,1.0
4980,-315.09251707733796,-35.950024610834255,233.42992460657777,497.0317268234675,17.237610407514037,-253.16336975918253,-40.653704500105405,-210.6498919068638,1.0
4981,-389.7912385581123,131.8863388373878,165.97272369010875,512.1296449369297,-3.8486446951895825,-237.82799701047094,-29.870720753181857,-189.66378139377545,1.0
4982,189.8569843264915,-78.61716449027799,23.169495180912293,-132.47424927596714,-4.248695541218297,-245.9559046815287,-25.96721351634869,-179.61016412476582,1.0
4983,23.403828428321116,-552.1746829499879,234.21202449207027,-31.408443135433984,-13.175989330732252,-229.63489601317855,-25.614148406216376,-174.05131403202483,1.0
4984,-62.116898740577874,-322.14992283261245,272.94369827017823,311.10908502695884,4.0398046627047,-263.2783791824063,-25.940033217968228,-185.88011679486667,1.0
4985,-300.79056510307424,291.8643847024919,-102.40238570240483,-21.967184715696185,6.176168265880483,-246.89514200815117,-31.12953277359519,-191.99050723191056,1.0
4986,-257.43845390113427,263.7701146779119,-101.33083568553172,-6.169708109589123,15.652213605761622,-254.09428072484525,-38.58202705386884,-205.1150805270663,1.0
4987,-263.71929074653224,-59.78560922220151,-38.13735912250446,83.30844129737189,-16.31622894953099,-227.99684276181063,-26.266268488814028,-171.29871565847876,1.0
4988,-230.4834012248484,-112.96340859515384,16.567571844900677,507.6342089529266,8.27871264438522,-252.7746721937581,-34.107524166536045,-194.7026969557834,1.0
4989,-179.2750088443542,521.4843379318877,-178.362912592545,86.0002370991184,9.481475562497431,-251.80358203559413,-38.43651124069117,-204.34436452986193,1.0
4990,99.89896563817852,-503.7905518495477,115.02751234684281,278.2589741856482,10.709403969434465,-250.89368921485976,-38.04600303709702,-201.54739383273238,1.0
4991,-429.1477833811988,-36.47821336267825,268.9386436948186,575.8555848812053,2.621039157197978,-247.79074314506087,-27.699831912876412,-196.51761638965178,1.0
4992,-558.0853647440379,-155.12573617788442,-155.01287780266168,531.2660242846931,4.263540070114749,-243.77742762154628,-30.65968419535412,-199.8132986410983,1.0
4993,-283.69094469056563,-259.0114481579384,184.01385181899798,19.275809878748817,-1.293772380276284,-242.90659064013454,-26.305319703155586,-187.11480865942144,1.0
4994,-175.57082251794,-106.52767337980703,161.6670473278996,265.0031586376178,0.7863599589199477,-247.38041160411234,-34.51104966143303,-203.27782815974757,1.0
4995,-203.7636397759608,-139.26528975385176,133.28688816677666,115.65623078320138,2.7362404080868927,-246.916142132665,-31.484846274997267,-193.0362105362361,1.0
4996,-22.94745187080398,-164.18921241223836,130.61464780239734,139.97299536344642,-8.283701910720662,-243.0167908622166,-21.436268366622084,-172.31591172554113,1.0
4997,76.6461289337013,49.14463474093971,-74.53400076421262,-210.13026315045198,7.594745831354604,-251.08190423514256,-38.49405174455836,-197.07063282767427,1.0
4998,-21.43696803324977,-293.2063368529795,81.71268669313605,158.66596554143806,14.861989335221857,-246.70317769983126,-38.011625052825934,-210.27441459233933,1.0
4999,-289.9877130024637,466.9861152923398,-744.178348700005,-31.525979509735347,-1.5532745259333578,-243.53507910215995,-29.576175946213393,-183.14154804261702,1.0
5000,61.159380522157434,-677.7100414007675,396.8928289055467,163.67416735960046,-6.888763526492519,-238.00448199918324,-30.353244643626226,-187.77456992973887,1.0
5001,-114.10368039073164,-33.95275170854968,-184.1597330924318,176.65321510162678,1.799065717109653,-239.58460915895338,-33.233785025875456,-193.7784789664093,1.0
5002,-316.703185118689,-87.67140002287007,-529.0727931683545,89.63126709031944,12.546364526620911,-251.41327321721775,-35.665697025805486,-208.2736157867531,1.0
5003,-298.0537585854865,230.92620898686812,-251.1320510404124,-27.932374424102278,-4.046985467737329,-236.5983393949991,-28.52327231059633,-181.00273740115605,1.0
5004,-227.3866327879056,-337.61374401959995,363.1222048256403,438.02712119126744,12.796708746885479,-243.46228982676647,-33.92429666374267,-213.3685968905287,1.0
5005,-303.57207052158674,5.374522611807797,148.34117135193182,228.383448204646,13.996635154470463,-248.48131424709416,-39.69956896286356,-208.28019770962743,1.0
5006,-69.164073978198,-258.6380761526567,176.6081433904334,124.89845392348442,2.611687948420265,-239.10505599246008,-29.741581616721312,-203.89009188767375,1.0
5007,-251.53037434587554,-280.53664718404303,309.20750238733604,422.4088053062415,-9.080699533033185,-236.50865561296152,-26.80452766748874,-174.14600420113916,1.0
5008,-262.52698902850585,-14.77862465134525,107.94382803420038,193.51682438703693,-0.24275290053939247,-241.07620215271956,-37.706782661568134,-193.8512922687535,1.0
5009,21.375513423645142,-572.4435340944195,153.28563138956866,-237.95981144334638,1.696941208275343,-239.4405364297396,-33.32602972915119,-195.6525445120153,1.0
5010,-324.91319225116246,-99.45388309513696,150.24735195331195,225.42270230240996,-0.4068601507803995,-242.72555937067057,-31.916864534723793,-190.6906296862861,1.0
5011,-112.66818816833258,-310.7932298589556,-384.35140761522484,480.4783095172384,16.300108099806977,-253.77100856015213,-41.2397982365868,-213.3830973156547,1.0
5012,37.609427332901845,-418.9860766790899,-5.95671282840744,-27.676347965328162,-1.3729716761436142,-242.51452415995234,-33.21180797635855,-184.90037305435283,1.0
5013,212.63395033804667,-260.8109793803364,82.00521078200909,-117.00470180353105,-17.726356429018825,-246.20490463964268,-19.128677376919654,-154.91297996296979,1.0
5014,-33.731359504192795,-159.8247191401299,188.0586729078733,203.78316211138628,8.749613943544723,-240.4159312493236,-42.704402696346364,-210.95644002585132,1.0
5015,-359.0650949339238,-316.8799090605905,-505.75202142010926,175.07648700250041,9.103060243288978,-246.66322572257837,-34.06988931561535,-198.88284781175543,1.0
5016,-140.2079972678667,-369.5590962304648,-14.577979253477725,-306.9601711623577,2.7106756385249584,-239.70497060474744,-35.62959107491577,-187.6409619349731,1.0
5017,-165.34153430071763,-283.39308948235526,-128.31144329863338,116.02570104876975,-1.6649412867594973,-239.24981180943809,-33.029447481865496,-186.7276554094591,1.0
5018,379.1836473809609,-386.67810328789216,115.40676893636505,276.66767905503616,1.0626820446451577,-237.65767779095043,-36.22422496666709,-184.34146175045197,1.0
5019,-152.67204444647427,-27.622205771165188,95.07065196302466,74.7748826814054,16.459159646980392,-251.71721972827962,-46.03638257098473,-220.85670160351071,1.0
5020,-186.9328952302946,-63.97910110544773,90.53921117448193,32.316495496452546,-3.2129407787353097,-239.07395309369164,-35.137947882217944,-185.6087546381152,1.0
5021,-436.824729322442,1.7474578173837463,-502.5919639823213,169.6598483230844,-18.54040223812437,-239.722278673671,-22.499514154670827,-155.78108212127384,1.0
5022,-287.28992890377987,15.935847516876024,-319.58924480395143,-23.635196631883893,-2.594010376075186,-229.27340436575525,-31.09855192437156,-197.90090412287466,1.0
5023,-154.09121913304318,-161.22665313960084,-366.46016982125224,296.7777052728161,0.1845768775346156,-255.334535668577,-29.701239800110258,-175.63120670356756,1.0
5024,47.28364441530104,142.92106307255762,-364.6748740827544,307.72668958071046,-8.314309627783018,-239.5556921849424,-23.42107684097015,-168.1804180635533,1.0
5025,163.34936580922158,-724.7374384980649,-146.98767114320307,434.23461458849386,13.564956260733608,-252.10558795727843,-37.43214060062723,-206.1458613424651,1.0
5026,-47.15219979959113,208.82519895257397,-154.26077457638553,-143.6890799687149,6.381894811025503,-247.13600611839826,-33.330921205849066,-200.3517850121985,1.0
5027,-131.23869730758582,-710.7087164507689,405.5088928801621,139.65657523700838,-0.1087335095482247,-240.76553504650192,-36.90846069894176,-203.49015057102469,1.0
5028,-380.67658993793043,41.80224259720751,122.74152698393767,265.7274436635974,-3.3975162475877942,-234.145929975384,-30.58263305518884,-193.91200412995542,1.0
5029,-38.56499919072116,-893.6204615603499,614.5429887308703,405.5958514775502,-1.056210287231675,-242.66528650770476,-27.885788702304783,-188.12802726089447,1.0
5030,-146.53586653015302,-385.53750229199835,-131.96116661348597,287.9738843377778,0.6452278815960244,-247.2761186966016,-25.45380843048646,-176.9181288229467,1.0
5031,71.8420752069318,-361.253683402794,-13.342853434010093,-161.03783158269295,3.4388211956820274,-247.65971746195925,-33.32412774532877,-209.095877826981,1.0
5032,-157.41062938805516,-239.39980432181312,77.52198422673598,6.437635040108458,2.584405669378742,-246.7889690387191,-28.384618110496465,-181.6693625886436,1.0
5033,47.125665202822375,-693.3474396285895,424.85322990387795,162.85899138557846,-8.792367381347574,-233.91627457737746,-28.73478338068357,-175.9022380064513,1.0
5034,143.7567208896654,-125.33351501176668,-513.9240613697249,255.481382247764,5.962728397627969,-242.36269876946048,-38.11930087803111,-202.17513125241217,1.0
5035,-302.9408597251194,-401.70498836165257,-296.70469748996624,125.7220794909234,1.552251728657207,-247.65293344133917,-31.390739986140183,-190.82002261314906,1.0
5036,263.50970802991276,-253.6240522756499,-465.96819357301484,578.6504781178019,0.9213020641216686,-236.9352121536353,-36.63870656727141,-195.2628017274407,1.0
5037,154.53138547516937,-835.6306168254368,401.72509650546414,-42.597567346247175,10.751484488001342,-253.72567940243508,-33.98507297270943,-204.15676073213797,1.0
5038,-179.89922591174548,-33.88881927208098,-10.208598132791558,-164.65206069186462,-10.107608789735664,-230.92133983163683,-30.63610843249193,-176.51695316422496,1.0
5039,-367.76767495128115,-197.99327824174796,-213.3221161504839,12.2741717705531,-8.899968146073807,-236.3192811963015,-25.408607064329036,-174.95181069420556,1.0
5040,-247.13289781094412,-469.99103185045203,560.6911572559773,747.5396546517471,10.676441778006243,-253.23819345739966,-32.64491619107943,-194.5819591064607,1.0
5041,-241.56114461815505,-96.40869194339841,138.75713089211064,296.29522598877475,-12.040706858207516,-239.1547982512542,-25.157616857622653,-173.44885907110614,1.0
5042,-554.9378567989751,376.17184351967245,-963.7564651981942,212.373894011718,-0.43166955121631334,-242.73065231502807,-29.891754868000042,-187.6734595183381,1.0
5043,-7.127450780454936,-406.2165937963303,230.82387286877469,67.8755851111721,20.66327101672522,-252.23228858084923,-45.1952817930737,-209.5342188197312,1.0
5044,171.88473455097878,-602.7924444208023,-89.25367992846147,414.13417872106794,-2.021952200872176,-241.18682240565929,-33.32420570165278,-183.5423598930975,1.0
5045,265.22383496213655,-387.1319195346094,-38.10251664429609,-219.07204359748445,0.5130906987478394,-241.9940109660105,-31.118152546209483,-189.22329825354416,1.0
5046,-49.56229976674624,-390.91974652290656,166.52381402791772,-2.8580518768254626,-0.5240475614346654,-233.8037527534588,-34.623049385515074,-206.94575606722745,1.0
5047,178.60857691343713,-79.70475326275438,-281.1883896123495,170.79047485035107,-10.258842305827347,-232.87419048854244,-31.885769051569486,-177.5152268300958,1.0
5048,-550.0544275566575,150.63664969806445,206.54325673671568,449.0156995608822,15.819544504171393,-258.55819786020095,-40.66343259031554,-206.96481970223206,1.0
5049,-154.0769683980541,411.0485527264128,-447.1375205208096,35.501416964199976,1.6554559860479443,-242.31845339249165,-31.744139002124403,-199.91273237002787,1.0
5050,-38.07392507099527,-415.8125820973126,-220.4069928379723,389.19522986795647,5.8383666497460425,-254.25827946803074,-37.834606774675365,-195.72903162548212,1.0
5051,-283.77911406600106,-322.66236496507366,329.1462669998448,411.146793412811,-9.659515326396754,-232.96342376544564,-31.500873905399818,-187.21179945947873,1.0
5052,-225.6691979848765,-83.10533096960843,183.71422592888985,330.34846989305754,-12.925199736381247,-245.398429131761,-18.260879255525218,-168.57780336071127,1.0
5053,-67.2983918809635,-343.3083755557274,312.83536642581964,318.15091885265724,3.309925964492631,-243.46729510084043,-34.24293398159756,-194.5219364233607,1.0
5054,-106.7725200964552,-34.298362851763756,269.6844744239943,587.3145943800823,1.9357817068051522,-241.49354495911422,-36.20549771979141,-179.61366602045968,1.0
5055,-201.24378133030442,174.75161055619233,56.51124508231964,365.63967681086854,-1.8008087133826,-236.0797155546133,-38.22310519009346,-199.1690530231769,1.0
5056,-313.966752631256,-19.14669192835401,-107.77759412906236,-155.1583148508052,6.014925263864283,-241.03690537109375,-36.85394559787458,-198.1332906268441,1.0
5057,-249.5740695668605,-35.065316738884555,48.07267712582064,92.86091593725685,-7.743218885625348,-232.98852447443858,-29.138208536678416,-171.1332703617523,1.0
5058,-312.7620011021918,-365.1163221497681,406.00261611678314,476.00911784735763,13.48110470973846,-248.55352991978376,-40.7651493218865,-213.19909371586692,1.0
5059,-252.31565320722163,99.66286802352262,59.84475562979923,128.62929742041285,-6.537390504450913,-249.6363461246529,-25.51594019010609,-175.50247114441754,1.0
5060,-83.83327752151315,-41.635735728841226,-211.05613688227058,70.69038243532643,11.693961707610406,-241.16765607776685,-38.834777970110586,-207.13341837009145,1.0
5061,-56.667443560708094,-317.0138849471458,126.78878206310131,-9.057977586554378,-19.698098914395803,-227.51740972133163,-15.677367837579869,-158.32064162096606,1.0
5062,-89.46614025063498,64.09062185419603,74.880390055474,287.73726452647094,2.236548933918299,-240.84555793085835,-31.38576532651058,-190.1157832871955,1.0
5063,-307.4863887899184,-134.15835872343527,184.56037083606392,196.01667356967403,16.77460642421797,-263.1991651051541,-34.77188963216746,-206.4890525762151,1.0
5064,75.13042384933128,-402.8810412814726,-231.25271855565103,185.30386787739585,20.70133758719753,-254.09612811441804,-42.18768348692439,-221.22880001229936,1.0
5065,-183.77317541098606,-71.61714725785438,86.12196204084982,78.92061868160826,4.776615692061391,-235.69010613082048,-38.47790947785174,-205.5038211408425,1.0
5066,-130.71763694016113,89.9922727620301,-383.78822791261075,-210.40670301139963,-6.426481652286266,-231.91775488057047,-28.612816464753948,-185.93801004923898,1.0
5067,14.678599298159224,-618.9874271403692,352.73734760370604,50.347076384159074,-3.8038420770242967,-244.50684220945357,-26.66323240627583,-186.91795308652163,1.0
5068,-238.97007512966826,298.57589322611904,-100.54717530952928,-140.86664295981467,8.622972972427918,-243.8603382555928,-38.59433607702728,-205.70259392288366,1.0
5069,-245.6622289118902,-423.782749368897,268.6586044546028,144.5087458415965,-1.7005732167175873,-241.03607352497536,-37.82148751353763,-189.93422894757472,1.0
5070,93.59442739994131,-581.2575207356906,153.39967315519462,-28.464817350446346,9.09431402612307,-245.02309500280302,-32.987772473999996,-205.6316148493415,1.0
5071,-319.7344639720377,-112.30700596045806,-195.73228211165005,100.63414462303659,10.443276619776963,-254.64189709334684,-32.8583880728917,-207.31793175749272,1.0
5072,-208.01126191890455,-348.4897925779651,35.31577957307419,146.14908158988095,6.961401853325191,-240.70835900397773,-36.59461483971716,-194.55482825092997,1.0
5073,-307.4391117560248,283.1460382031437,104.90203981664834,430.1216662481453,19.23057208020641,-254.26332179579242,-42.218954448007466,-214.40725936867975,1.0
5074,-273.10167105723013,33.266538615661645,-98.42050059835549,-59.09380685702481,3.1752217172759405,-250.14361686995355,-33.01330196291321,-188.46830249855967,1.0
5075,-234.01811402711616,-261.04019739089983,217.29814408319677,148.80254445684497,3.4881079383458977,-249.48735138832498,-28.542349751350123,-201.42201454795193,1.0
5076,-117.98215460195256,-68.7396983110525,40.92308465459573,-22.538066619586637,16.676233472857028,-253.7727909686541,-38.31964838140237,-203.76978955908632,1.0
5077,-38.026806707605566,-228.85200104961433,-491.19531663117755,-39.38947202987031,7.425054377593182,-244.65175547086656,-32.51948173401876,-195.84445560406047,1.0
5078,-314.637650814829,-15.953649173998063,114.12683671881791,214.84895514701043,-1.6711605584092153,-249.1270920378722,-25.889847377173187,-188.08441438462893,1.0
5079,134.8088993676567,-536.2465156915603,-152.91379332681416,433.99016184571354,-9.413125033928198,-234.4586123616748,-30.73485765248211,-184.6697959407409,1.0
5080,-1.7620290654633664,-416.7321162993548,19.642774286949095,-102.58496260308073,15.617041137639806,-234.87692548716134,-42.07612908083071,-216.26529407001735,1.0
5081,-108.15050982724657,114.7014672991542,-29.583466534406533,-200.21983893249106,2.730334891213529,-245.17926230311258,-34.57003514800311,-197.5783198475934,1.0
5082,18.873895780518524,220.89796264295552,-6.518076186155186,270.55769677603274,1.74663838098079,-244.6227398913796,-42.86063397249423,-190.54950063325427,1.0
5083,-322.4994700915139,-67.57788622185703,-99.76390955599462,-100.17374314926614,15.455194917082364,-262.08139192237957,-43.93319625489596,-207.90926336573125,1.0
5084,-288.64042095538724,88.82357726177278,34.578422307511936,273.47096094640114,2.5753338801235395,-234.6615379506222,-34.14532168748688,-204.40592666287097,1.0
5085,-392.4203024520236,-172.08671685249544,278.8367285498533,495.3118702759317,0.18783695504206188,-236.29550486283455,-33.61422951021258,-198.33808035031956,1.0
5086,-62.19638915035336,-119.00147084063128,-199.76695403355777,335.3820073408935,14.980074510588805,-245.22137212008386,-41.19889968102512,-214.15187903529622,1.0
5087,0.8391216852802641,-456.867159845652,200.83891560132474,-71.36591126009138,4.423326595594151,-253.76139861931395,-36.1668017475562,-204.35015302142617,1.0
5088,-260.9726879158414,-204.0098870877555,-78.8298930686499,136.76244059106045,6.167672183019067,-249.9677006881545,-27.617383128352404,-201.45858417314136,1.0
5089,-195.66673627238094,-151.2603559336815,83.67500090889558,35.92962517817635,-9.592306857111957,-235.98673252642527,-24.946349636703314,-178.57258049378862,1.0
5090,-215.5918727390756,-218.36089542423701,242.73038163508858,234.8526977044455,-0.2238811258521869,-235.81453368250277,-35.859002281694714,-201.55991038928875,1.0
5091,-48.12031338838159,187.75702342453582,-126.26636981448232,-84.2166920981629,14.674275515620785,-250.3545709876514,-37.82741462501782,-208.21006721164764,1.0
5092,-5.3779346631132485,-766.2763116864887,455.51890995253376,304.6603708173448,4.385528741095331,-243.55104263622766,-35.872412662843814,-201.6780087980663,1.0
5093,-168.6696251329105,29.708454565126452,125.723692356306,271.12697974302256,-8.758186488034998,-236.04932393209353,-30.774027142963767,-192.56960549578645,1.0
5094,-493.9619305646458,630.7717616965865,-145.89371675589877,200.88248280497947,21.004483470809443,-251.8840098219921,-42.266221110997904,-217.4633023957319,1.0
5095,-84.52518209576087,301.2483082879302,-121.5866047132264,-31.953962734199592,3.380896207426216,-233.68848623372403,-36.19096010185413,-208.77068471366664,1.0
5096,75.34318703394946,-992.4698880984402,469.2909712086397,112.72791020870798,5.729485943048324,-244.95798909337057,-37.64525460762914,-187.9215283248171,1.0
5097,-199.32204416360366,67.09736118117853,99.8948885949769,294.96185458031994,3.6544325347798026,-244.72191449771466,-31.27967914328384,-200.02469134687732,1.0
5098,-203.00340839048351,-266.40305213259296,-10.901833037794017,260.3121653219616,1.6128086057852744,-242.33355401947276,-30.00993057435775,-187.44918809036352,1.0
5099,-356.58894745352745,91.91409657093241,91.17810428862563,287.053252192292,4.17972637237635,-252.042915810362,-32.24745472378854,-182.12917825723528,1.0
5100,-38.97168350360851,-180.56423687186697,182.2156431221743,170.00974384529098,1.357910693369763,-242.27600109760672,-35.20301014205728,-193.11314954240066,1.0
5101,-176.8715179658531,126.22524296663671,-487.82830689052525,280.03343132044967,1.9129687520744143,-242.0086537682154,-36.984817551085875,-185.48000652533077,1.0
5102,247.29132508460688,-83.69889500124876,-95.5896821803803,-384.5126481509594,-12.288260506455424,-241.3632520480329,-23.320389811316883,-176.87480361538337,1.0
5103,-428.87815935470144,368.69686092305466,-52.72937390445356,237.81829777240713,-12.187267957068906,-245.84983953910225,-26.092140564388348,-160.5018636761725,1.0
5104,-487.7774729383402,121.41086110769565,167.3448582915972,505.90817371526526,-2.6180785551241974,-232.29582640318466,-33.89578711680171,-194.01627864923526,1.0
5105,-62.69611468405555,-252.54528605712596,169.74866905066602,88.9605987786265,-3.5354432334986825,-243.94298899992012,-27.08375719167999,-184.54897950781736,1.0
5106,-261.0002107452388,-485.2939334416332,393.8429006202418,368.2158646312776,3.945374719826646,-253.6174898100827,-30.880115332883058,-193.94626635927608,1.0
5107,180.46381669378064,-416.88691613937266,152.18420290690432,593.0711473148475,1.754463401791351,-252.025026715464,-33.13439171386622,-184.65708853092318,1.0
5108,-321.6964761265552,-208.3736795559723,224.939649569704,326.96580256869606,-0.9176873601898392,-245.08958501979936,-28.64709079929642,-176.58443702975177,1.0
5109,130.27817701079476,-160.74938942232416,372.1134803320457,-87.11231003463382,6.857835147384751,-245.65565588785122,-35.938731500006696,-207.50562844411573,1.0
5110,-615.6231705406769,49.21940810376802,-273.312921276634,16.414905353514243,-7.564723264259445,-236.6084917288386,-27.309583243412124,-179.78295469573686,1.0
5111,-196.6603079998432,-115.64226013713923,-61.30710354316261,101.39535618595754,10.483698222665035,-255.58785562989692,-36.044527643256735,-201.32865935557922,1.0
5112,-227.09424794339304,90.8820310809895,103.55415595983193,285.3947694073821,12.310980506164173,-253.2530527168116,-39.02328973623644,-211.38862381770073,1.0
5113,-191.0545253104817,-222.291547136088,-179.3577083921652,135.58175762258088,-1.6226660455110093,-241.6526104938736,-32.373666462164,-191.62216895204656,1.0
5114,-47.7750818213448,-136.72047534829875,112.82080115794419,156.1652686164736,5.851097064219956,-246.14960352745558,-35.679791597488894,-196.10106860786834,1.0
5115,-247.58712704920552,43.55724874801492,-289.44427824344325,59.30161312409374,-7.911361209583099,-247.43689442208824,-20.948566153821073,-165.05494381218878,1.0
5116,-245.93949989936615,166.76895846395655,-490.76091836895193,-58.78573326450343,5.382226151249466,-254.14158549958927,-29.470769221441333,-194.0785134916539,1.0
5117,-10.194462442403452,-559.0983670303065,316.82481839866057,-4.303856980950349,8.30212787154149,-253.519146134085,-32.55741498640135,-196.2737245651189,1.0
5118,-26.925643966202383,70.67394635426982,6.224859462010124,70.01386418489716,-6.669627643026828,-246.28998674812829,-21.64523765624329,-178.93392571022102,1.0
5119,-138.8629961272359,29.401755947651196,-179.75823720254422,29.74235955935849,-3.381184366573117,-246.2571737054096,-31.954899602665005,-182.73600157538206,1.0
5120,-148.66094482349735,140.90267854084942,57.22606764071645,263.5829129590147,-10.336060724244717,-232.1371218244346,-28.085657241959648,-178.28483378930426,1.0
5121,-198.7180683904596,187.53331961812196,-208.11407071636467,49.08906989814974,4.535546568502102,-252.65649110001223,-36.60448902340721,-188.7963226612657,1.0
5122,-375.1283751180815,150.38082104691165,-418.48777931081764,141.34646805575213,-2.9320203604125825,-234.3207197215074,-29.631702643826273,-198.4718046599736,1.0
5123,-714.5831307028042,111.1227852665989,-193.0728017366928,123.95032688324801,-4.788961627345855,-243.86435806906024,-23.584555598988487,-180.86080103882045,1.0
5124,168.30561278604463,-765.7986220716301,366.1690196976369,9.429191131801717,0.5767854740234084,-231.07731371316433,-35.61019262675763,-195.0403008792501,1.0
5125,67.51154609377754,-449.62475487573437,184.36861761548184,1.073119474987938,7.565148531228675,-254.98473351695264,-36.86277115698936,-194.3644866441362,1.0
5126,-233.0376768160573,-33.85013895641018,-204.02333448833693,20.843077128165135,7.261747016188776,-250.25414016738466,-29.28612792921377,-195.54107520171368,1.0
5127,147.3872358114837,-392.927708440322,-152.8550481984632,-12.288443663018533,-3.442862528778261,-244.26968821601815,-24.514732194204637,-183.1064798335939,1.0
5128,-425.7176532889103,356.4448970161502,-284.9836321160419,35.61268795359966,12.34390817002685,-251.96758593941354,-41.784295713044074,-216.34720312879753,1.0
5129,-245.2272723617102,360.6862458846691,-446.6413210990483,80.25302085815679,-1.9465503246278728,-249.0006502808009,-23.7751479735002,-181.23700008004346,1.0
5130,-251.40974140586044,-37.01687856629348,-258.45040093625886,63.47333977347191,-1.925086037297104,-250.15204212781234,-28.02113674338839,-190.2495206964064,1.0
5131,-71.27714114620606,-626.7985613397889,339.21317809716663,127.396076988413,-0.7050447130035249,-245.3353184709518,-29.572384217542854,-187.87969633586664,1.0
5132,-534.0445441845266,350.26269522078394,-733.8005564023863,65.71697710488793,3.9687097909973863,-240.76582088472924,-32.47772627922214,-191.75912688407163,1.0
5133,-211.8946665352432,-235.3162702732634,199.43365066895825,214.03114731442713,2.52762218611454,-244.72189439070752,-35.7810199201893,-198.65688787151427,1.0
5134,-381.29594711563703,-226.1815823712447,-22.676497972750887,360.02223924707056,1.547763807324539,-251.48923805459276,-32.53602335016488,-182.13396950052677,1.0
5135,-275.91860486229723,-232.32270185320988,207.77928434818512,122.83827597535945,0.4354570689039783,-239.35338077247664,-39.603686220233605,-195.22442456517257,1.0
5136,-313.84728655058007,180.09050713593223,-21.33810744867679,72.93177043534016,1.416620873713624,-236.67170467886027,-38.16932528449308,-197.2388992784486,1.0
5137,-427.69071128221833,226.24423782888928,139.57442739859144,484.21736034420826,4.056172067788427,-246.04584345015567,-32.39839599258759,-203.1565959198753,1.0
5138,-174.44385846391955,-278.9929100028433,-156.3419183928175,301.685058746234,4.39299155659694,-249.47177268628303,-35.24675693780469,-192.04447515917155,1.0
5139,-570.6248469469834,493.2943643536605,7.6432142356400945,516.2447072766563,6.353343276273708,-253.85425300193825,-31.168049243713707,-184.69570767510191,1.0
5140,78.10960348461879,-237.76069222727477,-167.29798488549898,-60.319719473449894,-5.221787564259337,-236.22154687054055,-31.541107774612794,-179.86020320822917,1.0
5141,-197.95189875823385,128.75234091486854,-63.88177735043499,-70.81550384523561,10.541223925745683,-254.82574575930454,-36.24673870751551,-206.019872849736,1.0
5142,-269.62173665046924,-251.00680154588542,258.130493178927,276.47686960440706,1.1120309306061607,-248.77848574162456,-30.32294799559586,-170.0771961413441,1.0
5143,51.323960904055575,-628.6178367710685,186.84318214084988,155.74725085727835,-6.64842171474337,-240.1452523581112,-26.20606252589826,-174.84713672212536,1.0
5144,-261.2926751167117,-247.87093046312884,241.87857681514083,251.37094016995238,6.814446504917376,-256.10569252560674,-28.429182253802022,-190.9826015942802,1.0
5145,-320.3792174175675,340.96995095906084,-26.863587732093897,243.43807183383,5.98017366940837,-246.9672737355676,-36.310984014415084,-187.5316931135692,1.0
5146,78.77020038727021,-678.8744310476936,314.0811339509911,-134.21243005075252,-3.760589230628659,-240.34551335693862,-28.884384923325914,-181.08522165257062,1.0
5147,-156.0585920062811,77.97372594617525,-13.693374033757056,-49.054391052749494,-14.631457396814529,-232.63651731234074,-23.21193976964784,-173.36254922243407,1.0
5148,-258.7035715300309,-230.64947353323842,-295.001125021162,303.8959165121305,3.488220807882406,-246.73652887791556,-31.91102364888527,-191.63708503992257,1.0
5149,174.8582782443115,-144.46322181033136,-4.713883832346122,-187.15610010717475,8.757768939219334,-258.09943627565445,-27.68369206875932,-198.73177748747779,1.0
5150,196.40987202296748,-315.67870710549255,115.55280417102705,11.09497564149895,-9.579746462976056,-233.65495990544449,-28.096249116707973,-181.38071768491156,1.0
5151,-77.1201333233418,-88.70186759231234,12.294146096516378,24.210073616686188,-12.65076851311654,-239.3435806059681,-24.34239026889111,-169.3621036263872,1.0
5152,-37.19817831354189,296.1646309006054,-176.48782226243384,-113.12573736140847,-2.146611174398211,-238.91715422447342,-28.705045397144097,-179.45343005349557,1.0
5153,-137.7265826355529,33.78247881064016,1.4760784338956556,7.701159285300552,-6.811552502028717,-234.453520519157,-33.23374946139472,-179.6187914018471,1.0
5154,-461.0413503404663,48.361610308426116,-591.6512694865108,374.1895134626141,-7.262861743473168,-238.60630033833132,-28.183951838215165,-179.20877858457095,1.0
5155,-134.95738279643876,-393.9914329875064,-53.615888576228656,230.88527576578514,10.544220011846189,-256.3086828808166,-29.464088529663343,-207.15187555181677,1.0
5156,-560.9459794363996,155.5271753423611,-495.410951707764,-12.33443894145163,3.3161544097183837,-245.93080114336925,-33.49016102403485,-189.6509952919867,1.0
5157,-507.44636988239387,301.5696609567473,-220.53418784391056,-109.64470307693581,13.582325491317711,-252.95464843577597,-36.1708334536796,-200.68383249249382,1.0
5158,220.5326190390119,-605.7403435163783,96.77553152588399,410.76400121456567,-5.268525620968183,-239.28970098881456,-28.779304832701946,-184.93171754185948,1.0
5159,235.19854077741687,-168.37618494380433,-238.85438602793374,42.1214233468495,15.603270057930821,-252.2373093844236,-42.249153669977375,-201.04265187951398,1.0
5160,-12.673428161805855,-220.32496605564145,22.565873295077843,-280.5429782956311,2.1987030386436315,-251.0115737039484,-31.161246680867553,-179.596199699941,1.0
5161,-463.94029408870017,524.8807438808733,-61.49188296946208,365.86882766034375,7.77763789636279,-246.86994222364126,-32.99154815728503,-201.24918295567463,1.0
5162,-214.23992032248273,-200.59105975435037,7.603879002175273,73.52426264925917,-1.328856729021891,-230.2671866433251,-33.26530255014214,-196.1254558384127,1.0
5163,-291.091108029112,-1.8470011898441996,157.30793113900174,281.98922027401954,-3.261878791913647,-246.36042625903937,-29.733071164395035,-180.72205519030857,1.0
5164,-421.33363603882333,-115.5108815543134,66.95487568220796,-89.57057652324889,-0.49971591909005686,-249.60854502170656,-30.153318256319334,-188.54858147309824,1.0
5165,-171.56429158164838,-325.75602916036803,220.20986008063096,76.87192790130213,3.5265155889808497,-249.31146632240063,-28.401430451809173,-192.43536482916366,1.0
5166,-312.14338468541405,151.19172537458132,-298.192704614754,237.5638315808252,-2.154921124669101,-243.9021843420395,-27.250807499755872,-179.46955149333857,1.0
5167,-238.70724996743525,42.745202900533606,-15.754472256734475,21.41935880162309,-4.16499774926967,-232.92282214174298,-25.778997201084476,-180.29768562393465,1.0
5168,130.52828054934344,-453.5873996175045,-8.33560732665337,173.4582179042766,-5.279807285549238,-243.49774790585187,-26.625251082017538,-186.16672298142166,1.0
5169,-142.70350238341692,162.36036903774024,-53.007922305821474,-86.45696970101615,1.0966616556388227,-236.37801900501555,-35.11738301370277,-196.5502731273961,1.0
5170,-77.39354500458555,-126.95645975047928,122.88396767912108,177.90569385487117,-0.9839127542680561,-236.37200905575085,-32.18590019273033,-200.28958797435558,1.0
5171,144.05130364676035,-46.345077515086345,-9.684285941340898,-150.5656024799999,8.437133902229561,-246.56967840209003,-43.43934902901296,-213.39011919235585,1.0
5172,-213.26133243843356,-300.04927748116404,-239.78934842681227,368.125445277901,-9.480878092830476,-238.67100743076676,-27.442808492671354,-172.94480578880805,1.0
5173,-13.74594926226964,-484.3398599259162,482.1573868213267,328.36102433511417,-8.745519314889073,-240.77126160457206,-23.80632619597457,-176.22671313586346,1.0
5174,-191.3483414244811,-2.8964282911798422,-28.224891778526494,49.104299426989485,-6.2795798334860145,-242.58162852447742,-23.082381754127354,-172.0170444769152,1.0
5175,-577.3486916672514,396.08701485701175,-364.3779854589317,-112.16917686741832,3.2674392706319746,-240.0145897801421,-34.92800343491858,-191.9340482430204,1.0
5176,100.89680648097814,-802.6258544170355,385.3799112208669,106.19953983276366,-10.08905028811281,-232.734720946285,-32.52045737805691,-177.9310714766886,1.0
5177,-104.40518085090433,-519.2168335370459,208.1955146256015,33.548214415544855,-24.01655342501604,-226.36325102869415,-20.025503474735675,-163.90509764941194,1.0
5178,-6.870781695239314,231.6207181746064,-100.18261450579477,-8.41930093920471,-5.442644372587781,-251.39918972058095,-27.478885084600854,-178.2474295569165,1.0
5179,-291.0143927865514,191.42822874101552,28.88266847377934,269.1044555321263,8.004868106905558,-246.93086580644044,-34.66865858864283,-193.72216695566698,1.0
5180,-115.45982855686611,-212.67909925844393,-207.72163403442428,311.274737601701,7.357987277798383,-250.18324476083896,-33.51106911400692,-198.23356634252593,1.0
5181,-163.24726752612838,-37.11610841519419,67.97209709493131,67.00811992373896,10.492699463360058,-260.9072966997131,-33.81310610444,-199.25096709846653,1.0
5182,-187.4606612183347,-134.3832539502776,-497.66055416221946,435.94863102341634,9.553642380157129,-253.16207480180069,-38.998383188991895,-207.81570959890485,1.0
5183,85.572961129033,-533.1421380242539,146.73223030857747,-326.935214679597,-0.4672645232740862,-235.37648470542436,-34.60944107559593,-195.5326428908847,1.0
5184,-245.93256468885514,79.49476309063553,52.88115459690326,196.7266112101439,-1.2930722611803662,-249.1440769167832,-23.988174670459973,-184.13112931704865,1.0
5185,-157.5881460506254,-115.84223592914525,101.83039511363872,79.2949612069877,5.8352503621518865,-255.1217944578591,-29.50674548539449,-195.2273189323539,1.0
5186,-354.3820409832412,83.94529305739123,107.31457072397825,324.7579052214323,-0.22772953711048904,-246.52419625239997,-32.903366463205245,-191.7648706698601,1.0
5187,-516.3968178225405,-379.75581728941165,-301.91798758593376,489.71082691169306,7.74613938390189,-251.4278016390486,-32.935047136689356,-204.63847158119077,1.0
5188,-218.46934762139395,110.41377397201853,-321.5565255919804,400.71260531805575,2.351825439138148,-240.66890568019898,-37.41235450758427,-185.19967881550687,1.0
5189,8.476366388299272,-200.08313376751224,65.41666095656561,-80.19434324947036,-2.5265110070415653,-239.48454767092466,-32.86845236121359,-189.2177136956239,1.0
5190,84.72647086776321,52.99397861196206,-363.06875347284534,-149.73167641413704,-4.582379671781099,-237.93993324296005,-32.87251329351295,-180.39783148134165,1.0
5191,-17.495810899015375,-337.3841242654641,108.43721844923854,-70.34605003869822,-5.393001163571898,-241.9341099038802,-31.469468775859454,-174.30190655785296,1.0
5192,279.6807830990804,-681.7331484491301,-331.95844230384535,419.6301762523018,9.14452694565037,-241.7904800276816,-34.666594937140964,-213.2649248188324,1.0
5193,-418.1672618745752,-180.31976464099927,288.2315499076052,414.7674028279106,-8.066917214236659,-240.70399788248088,-19.814821036070455,-174.10048570331287,1.0
5194,40.00428561032399,-209.55996637526715,-398.72105827961036,474.60503208630485,-6.2460479093081975,-234.79834170986737,-28.03145777522,-189.5968462354083,1.0
5195,-233.27083462428178,-84.61442854996281,177.0143841544132,251.35300191507542,4.591045188067861,-242.3802584526308,-35.63760123160345,-202.20701466553786,1.0
5196,-287.78010868980397,126.64238223261309,84.6654855211535,247.94492249941626,-4.98527309482941,-246.57049767616178,-30.20827773381728,-189.07785916034967,1.0
5197,61.93530086566166,-88.54631153345495,-43.74272998023212,-201.98462389687748,1.3356876491080902,-240.898071768018,-32.389539983803886,-184.89635356186557,1.0
5198,-390.7042728210006,-26.012392373138482,-285.0312369175886,289.88688723760373,0.3036140971486384,-246.49445523492815,-25.689216638010926,-185.77084287167855,1.0
5199,-315.3226700534468,-385.93150616851403,285.093295556748,43.6341791157884,-14.678341579390208,-234.80102383998764,-24.87608809517189,-173.55027948792605,1.0
5200,-22.69659262389969,-492.22005527067046,207.13644575504367,23.65256907489648,8.841757936947118,-247.6461870559537,-35.64567039430395,-206.51436757008307,1.0
5201,-199.92569348057432,38.62400094691301,118.55747829661918,243.3497735521165,3.1149910367026634,-247.3415215154544,-37.02867356555997,-205.22196284985108,1.0
5202,-211.82868455078645,-165.21042266789718,156.93191647610433,112.21954772259564,9.479755820248787,-238.2755584136893,-41.19849768268507,-217.7135322919345,1.0
5203,340.36131221213293,-688.8368766143484,-67.26629448976992,497.9752211464458,5.4243283484821605,-243.70217940903825,-35.845621823569594,-201.50812456467582,1.0
5204,-27.874952831893406,105.26878275711348,21.106271262948905,-109.24910022672299,-16.90537138057936,-235.3592992091258,-21.980387198790833,-152.84693031081255,1.0
5205,-45.396940676836174,-16.0945460006106,-230.97611951190981,-42.04165556230946,12.933532962345339,-243.05314314234485,-39.176189026645304,-199.25134680609443,1.0
5206,-53.85750170478849,-389.3426222440688,-125.92927252940179,300.8362047248695,-0.29913940111660975,-246.46030885903298,-32.67036475827177,-192.99100767481298,1.0
5207,-128.12328898348463,-596.4188883545183,23.307372816325955,197.6639548268223,-8.78159644487417,-245.79814094001102,-21.0599431906413,-163.04895814151064,1.0
5208,-129.88490849744326,13.046285037938809,-316.11370877283827,131.42549837224902,-11.310604238423782,-240.5694989578029,-29.260079435593298,-174.7333797447138,1.0
5209,-155.60532068957465,-556.2156633710131,223.6926750344973,235.11861659766257,0.510231742552494,-241.11810796438616,-31.935028851384036,-192.4181609066214,1.0
5210,-232.97835243323232,-67.52828330541016,-308.70319491406394,59.40984553367756,6.085599010532992,-235.9525736565163,-36.947862580849524,-201.0848135481898,1.0
5211,289.3069790525499,-190.09677709532406,-389.09694085875384,-99.26498555307701,3.7581585991531856,-245.61807375862995,-30.24683071087105,-192.40131436125463,1.0
5212,-137.29748937616455,152.19260454231448,9.44791588273224,94.42704448514995,3.7546108926015553,-246.57744955502835,-38.06200334831902,-197.49283299475775,1.0
5213,-162.82031791498295,-317.40603206654987,-108.85776769784228,280.1134838074623,5.359699215774462,-245.89888480953616,-33.94582375875509,-192.76256980675706,1.0
5214,-297.7650980651613,218.14207880275052,-2.2469869687875565,278.76666798438464,-17.370098168315476,-240.08975206046557,-24.79725776824983,-163.68835355090567,1.0
5215,-268.42186907858957,-401.04839398653735,293.3637910045868,273.87529298256226,-0.9809217372052856,-244.86047660618675,-30.701538311559865,-190.4070634027014,1.0
5216,-149.30371316278539,-211.24385243290718,257.1431230222916,288.4754801336175,5.470160973891095,-239.21162397673496,-31.722701620950033,-204.41754534653546,1.0
5217,-236.48522148851586,-524.6903326201905,-20.220444550613625,176.21419435437775,6.069651550441578,-241.10631859265555,-35.67592132880513,-208.9164106798606,1.0
5218,-417.75575553435357,255.45624871324102,-479.1395660600644,411.23819657924264,4.393422694071978,-255.71817591196796,-30.93222592938032,-186.19873984270382,1.0
5219,-282.3931000791923,130.9816988492412,23.76033018485102,113.55143223937232,4.783231627795184,-234.50623250093216,-42.02300799756556,-211.75997357761906,1.0
5220,-217.36392979391752,32.11395762378481,-93.45420424681834,234.83871610411043,-13.20890537225802,-227.30217721750574,-28.34524261824482,-173.99053106507196,1.0
5221,-491.8275891994492,300.23422741113063,34.2588106893549,420.17562118335377,5.45644500018547,-247.68454663513882,-35.2608049718304,-197.3452646307964,1.0
5222,-360.9525952038872,170.45823547918422,-376.3384490469167,61.849980377870914,-5.604365888291274,-240.81517512673932,-36.367994994275605,-177.411892281741,1.0
5223,-43.96100168384547,-310.4856660868351,-205.62617349894404,343.49299426878764,-0.8273768822908083,-246.39103383472224,-36.22076884602424,-192.25158484552682,1.0
5224,-13.304973627725513,-493.87170275847166,196.82660826020143,49.097867694321074,6.686612527338786,-253.8164998664241,-34.73241414057911,-203.11247158635103,1.0
5225,12.670853997485176,-677.4801711940809,284.1686715383753,-1.6012859167907623,8.958366491539007,-243.13582194517426,-36.613025668748605,-196.00507636330747,1.0
5226,-195.05727961393347,25.458666659096707,-3.981623053190342,-22.293197607493063,-1.4178424886607965,-239.73703907589234,-33.36580906713597,-192.53870555698725,1.0
5227,-129.29146212980362,-107.93602670840068,-274.83206642858806,-57.17878106295644,-3.0466382359657533,-235.46272749456378,-34.03748566984963,-173.49489282349168,1.0
5228,-383.168258841001,94.34808660141508,153.65083191770609,363.8197137317361,1.855060307274143,-251.03579280445106,-35.21920034485356,-188.5790739470388,1.0
5229,15.124565013906643,-674.9305258777961,513.7314882598879,124.42098044697849,6.111515562248458,-238.71396151613914,-30.98397076958557,-193.02648920589093,1.0
5230,-113.9051208359112,-186.25923309307151,220.05910367934777,280.7263185944981,3.7997926249858813,-241.5421890451369,-36.98425397009471,-208.85012331018683,1.0
5231,-295.04096619216057,19.812279495910225,72.60496052193287,137.51081001496487,8.110657830885305,-257.1991874908341,-30.85297051927954,-200.77408042828222,1.0
5232,-149.66550604198267,76.10372649646973,96.53474894385798,242.8937991969456,-4.1305244872553954,-247.63546946825122,-27.399375447618983,-186.09436666334597,1.0
5233,-373.3305831543038,-146.32050941139184,188.2518060718664,260.7416967304685,9.728470786328229,-243.89695686253214,-41.84120233694745,-208.5563997086731,1.0
5234,-198.61095326473244,236.5231226040285,-111.21443565371973,-112.89268747269507,-9.50653129041166,-238.77319406947203,-20.746584123813175,-184.28109861918298,1.0
5235,-340.5430116291452,239.24784284925474,76.99036335083548,389.7967128431103,15.442296370118,-253.96399845480602,-39.471735891550026,-211.85833566413575,1.0
5236,93.67496949336291,-260.988239274465,-622.4582419938548,389.78742129393544,1.30689784378218,-243.30245885167434,-33.0057013887954,-194.5870505171802,1.0
5237,213.95957060879462,-480.9220064075982,111.64651634296034,-258.04040161789146,3.402197031672283,-241.65688047780193,-34.10701269286408,-182.55790068856618,1.0
5238,126.20514842709429,47.946798548611284,51.41478265857869,66.11074300544303,5.707601688032921,-247.5811216010984,-32.26146157656551,-196.5033880743937,1.0
5239,-337.09929389581765,-186.32025891131008,90.28309556097858,-28.44515368780831,-2.6505089408634706,-241.86227381868162,-30.968613773420667,-184.36722017762378,1.0
5240,182.70242322233915,-643.5409156740254,-219.29086292718,293.44049127832506,-8.21853947815163,-244.42447343185316,-24.519407563261236,-170.92156988665488,1.0
5241,142.9605245638672,-731.1740390127053,-91.31936519207072,-13.83895220980702,2.47379272123191,-246.25478048315273,-31.251764258235845,-196.43568513304223,1.0
5242,-177.22099361730858,57.43573306411136,114.31580709914564,249.61815760271872,-2.7786081696675646,-237.93953714424026,-26.16950764797253,-189.4908097146435,1.0
5243,-231.3201401530264,-74.12521117657123,59.17374196983252,88.30013998155454,-3.7948266036873637,-245.16171972174504,-27.616860693406714,-186.10376483410192,1.0
5244,-397.63354415126105,-64.69673641285405,-125.77403622886561,83.22766004955488,-12.683446231630501,-234.3882154569273,-22.644973741949308,-167.1155295473228,1.0
5245,-149.18722570968188,-452.0984802831576,330.1848719614865,256.5220299914745,2.8158250475825586,-242.72728477092707,-39.65599273963307,-200.14748056331135,1.0
5246,-249.3711393309922,246.65169159720253,-680.2283945004328,440.5462621611172,-4.270761692780864,-246.53851396099293,-29.10303406880417,-182.35566382656592,1.0
5247,-158.50867736671225,-473.4554509584639,315.19083884754787,49.92928680803506,0.6165493064699272,-238.59044942887633,-35.68641123868074,-196.43172043693406,1.0
5248,-291.6364853309678,262.353194541839,-323.6677654119422,327.79564346072794,0.7096921746153144,-249.57608462558392,-29.133854375098874,-194.02559006462147,1.0
5249,-57.66345802547805,-136.32186414394013,-236.65090991415715,10.40754379794302,2.5957353067201785,-237.09327691577488,-30.22263482502014,-186.31698219471383,1.0
5250,-335.9985637999481,156.47946690569063,-409.75465860345486,6.261473276462337,12.050762004359305,-252.18924397934938,-34.240913342365076,-215.0261432102064,1.0
5251,-204.52233115435314,171.65268492850728,38.13609094138777,201.01948824576118,-0.4639561779369683,-248.37414217998906,-29.296701281264514,-176.73843588390542,1.0
5252,59.32744455725305,-336.7092392971396,113.36460524264938,-95.7368389454727,8.842711944242783,-247.14574228414432,-32.84912389843008,-193.38680273469745,1.0
5253,-224.72248462534372,-527.755480817337,183.10665977356226,166.38082699797096,10.952002499354336,-242.6819066366235,-39.421291440115134,-207.06540217112203,1.0
5254,198.52191583012387,-180.59214999975467,75.72549645598019,196.50202126046858,2.595583047385982,-243.04481411820635,-35.62910131488824,-190.31398669378666,1.0
5255,12.64070950069871,-379.49624434794623,80.91978038009992,455.82299261908406,-7.837761240589122,-237.819380479741,-26.759037768474755,-179.71874303581154,1.0
5256,-34.539433552464736,-339.0452530717507,294.5306183816394,270.4060568230093,0.028769514943358665,-242.0594095425789,-29.768700044177287,-186.27012794560173,1.0
5257,74.08023241731661,-329.67617828684956,185.8075609323317,71.12439096681355,-3.1205294482168915,-239.61800278922357,-31.918634028780954,-180.96965258690705,1.0
5258,-395.8145373170942,-109.85556917056138,164.15571650738755,393.0394010587877,-6.653190368245295,-238.78660650004977,-27.376232924096254,-180.97586018864484,1.0
5259,-114.81856178409275,-705.3673430372035,472.3707646726135,243.33720082293806,8.908144256568054,-245.00802796947482,-33.33029149917926,-196.06475478561975,1.0
5260,-304.7019457099506,-43.831124837299164,-363.5654208286546,88.60158746417474,8.583495392652317,-248.08526894638536,-41.40618379628725,-206.04143585307847,1.0
5261,22.539783999124396,-268.57082779476326,-63.887187687225236,213.3072728805545,2.6099720518866194,-250.22312665709154,-26.438322405418862,-199.76205138456854,1.0
5262,-16.604462536803013,175.18947955074452,-361.5678432074293,203.51715291715414,-6.253330769328343,-250.7187397194506,-23.06925846919906,-163.6181560822877,1.0
5263,-235.20067173072084,-115.32673767103789,219.85515378275363,410.04743379639797,6.527303408857543,-251.69893855221397,-38.05282925953264,-198.86589551930135,1.0
5264,24.17545676511772,-92.32121603554187,-4.729552606318799,-190.19690355311397,-34.35266439797951,-219.42655871725668,-13.555662013732018,-142.0375884426836,1.0
5265,78.13287099090496,-1.5826161376749415,-251.02777896308464,92.51960678094561,-7.633100205445196,-242.25543759634462,-23.111601763118987,-162.0937152109026,1.0
5266,-241.99845420217812,-188.34400997791653,-442.8378911242174,246.28553771919707,1.292264728941971,-240.96936356765178,-35.91513168311608,-180.9005331015799,1.0
5267,-158.3170354503613,125.95467165881162,-579.5177221146538,541.1321332344702,-1.2783127824322325,-238.2410265157471,-34.764477273160026,-196.5122432028558,1.0
5268,-141.53753880336026,-231.82534819160816,235.71923321822118,252.90781598828232,-19.29001030492167,-224.87831224009904,-25.601441463008346,-178.30247752204136,1.0
5269,-83.53802130214667,-285.5556198080484,312.7823536656745,403.7493622129599,13.992795897367875,-248.7640414515156,-38.56589599556092,-211.18913988996277,1.0
5270,-270.5415506704301,-413.7913251652238,366.53108483048084,392.23092258722437,1.879700166544012,-240.97105272696712,-39.48683715378174,-193.12375792644903,1.0
5271,-85.65239573935833,170.38896348370218,-345.3343574390517,33.183329097468885,8.84663341013595,-248.1746208240239,-29.41658736299061,-204.34282457299287,1.0
5272,-350.78456517178915,-62.050103186590775,252.94168633655954,412.8712620167197,14.800753545764477,-243.44452851144126,-41.918970019854015,-201.62221834211314,1.0
5273,-88.54818138711084,125.11811778927266,-1.548030036604131,108.56218784123975,7.827200901308547,-250.10822429408677,-32.73653063776573,-199.89541048317926,1.0
5274,-168.74187922566867,-162.1153960806779,111.52264776792956,53.493211345605275,3.870928628880195,-245.15417216015857,-31.140836249828887,-199.61056888438986,1.0
5275,320.0123645005325,-421.5658991131802,-159.89658959418924,305.4878442602858,-1.8675315067763205,-235.49451407216375,-28.804932122166523,-192.92989011007654,1.0
5276,-501.0236361977923,276.0695631456718,107.39878541683727,637.6038325385082,-0.8082857000392536,-243.99077580756406,-30.035402793777894,-186.0112908718571,1.0
5277,-209.23297002951583,264.79702711995407,-28.215827280918514,193.37506026519108,4.053842762123731,-232.3409512875495,-40.27422879613368,-202.32864839563447,1.0
5278,-391.9062389085803,-317.317868227218,57.159216688045156,166.92835012238717,8.020511806398154,-257.8863507941771,-36.618303448982864,-192.43154254859812,1.0
5279,-252.7674058141411,-305.0501868516622,-141.18938587945377,242.23048880097565,-6.595220890145781,-245.38524544612537,-28.49316146747477,-183.32453594841172,1.0
5280,77.9161424419888,-91.58469452105803,-338.52258047474555,121.24393787033524,6.028641266296636,-248.6036950845619,-38.86151133835434,-205.71302069983605,1.0
5281,-250.47690821397413,-97.81840614048991,-342.21962287597466,285.79336065944887,3.2482128828330548,-245.66324290628611,-38.53640795397871,-196.3814310099556,1.0
5282,43.66484149863017,-272.83094412081573,92.93969205454856,31.44535608582062,11.439108340767374,-258.1173982310531,-37.170166222154464,-198.880274474296,1.0
5283,-69.8787193634235,-100.90108978188512,-155.75887087277292,333.9776230465822,17.731667338686997,-268.1930273501831,-31.8712343010259,-210.3185880666535,1.0
5284,161.63530321579347,-464.27349477058834,-7.539552775346969,-85.73412531691105,2.186683743362192,-252.79211473469186,-29.125256760921737,-183.66986396128536,1.0
5285,-299.1133783092894,-325.64794766973984,-374.80142182501265,208.94863804839366,-5.776593663842258,-246.5517935569883,-31.59402969642803,-177.90118109413908,1.0
5286,-133.2425690574988,80.69659731722156,-23.853064264985257,-43.68586238672121,-10.003150901466057,-238.11405926974172,-20.152781619104175,-182.30749684784615,1.0
5287,54.029279257856324,-271.1656038430021,111.49382540182083,-121.33147727289936,10.556307601163072,-249.61466478879234,-35.5053291491187,-198.04795402602366,1.0
5288,-184.71239491902466,-474.29084421742067,338.66964337692895,220.2024203393706,-0.1531590788740229,-239.7917361656512,-25.673664404785523,-186.86367144088447,1.0
5289,60.08088367515248,-220.44910656789503,48.22040386466235,225.1851390130734,1.245958750323085,-235.49548274456257,-31.46082792752287,-194.17205962919073,1.0
5290,-47.086821417736815,7.21011374425593,-516.8020008662514,382.20054928934786,-7.970259347129694,-242.371991367664,-22.38049478455904,-176.63278624050776,1.0
5291,32.21986689224503,-93.60957733312688,-84.51611261921346,-327.84204384708573,1.720835303805313,-246.82055488880837,-33.81594749571377,-188.78284957445345,1.0
5292,-103.98340320562002,-106.65930773822228,-227.64307661134092,132.05358485768076,-4.699891617820634,-242.44376130187345,-25.19740784745593,-181.38006206250557,1.0
5293,-179.44218710201474,404.90466808867893,-314.2353256694246,2.535688646171308,12.395188200542096,-238.64136505913362,-41.12382961137071,-221.12095616733052,1.0
5294,-169.68987513187176,371.047250978464,-122.81479933699528,18.89649157225257,-10.618611955360457,-235.77814718276687,-24.979321309832706,-168.8525057157319,1.0
5295,-239.80893035218554,229.42152621057107,-67.76593209863675,-199.9441742993467,-20.219956042242256,-232.32968894594893,-21.90140710066845,-169.59100629081888,1.0
5296,-316.2558206306296,62.79805411040864,47.85596503945469,-327.2400571228093,4.193820547708013,-243.7782558150896,-36.503782725573714,-202.95179801029278,1.0
5297,-12.870524443751652,-177.59522704147335,68.0505124360147,-99.46005716083586,3.63939156508345,-239.113991054467,-33.64249552813081,-191.3513019321338,1.0
5298,-102.45608335350353,90.59568337307678,-71.86885989200387,-124.2166053547923,-4.622568836479133,-237.45568120840815,-30.451771433706096,-187.07290596414987,1.0
5299,-93.29467024095418,-28.204638852649143,30.132675504083807,-7.808832101276253,8.839766657394062,-244.01633660314968,-32.041031878350154,-206.14295589519105,1.0
5300,-322.8202633353422,-69.59052787071762,123.11098693006674,239.89769249540936,2.4345316236053582,-246.45978786450124,-34.87187827861054,-199.33414336992138,1.0
5301,-205.39733685172513,-255.41449866405168,-611.5702984393444,289.67808141391333,15.196391954357512,-257.921410275711,-40.24431991531526,-209.73247269545593,1.0
5302,223.45830921885658,-519.7848259117446,-162.71712083350667,-230.2635264541305,9.177059989636449,-244.77926712190984,-35.07721304979916,-206.91170563421989,1.0
5303,-173.4874341021211,27.27086845856239,-358.7600625545491,285.8130838122728,0.7239205559624711,-251.46762037256764,-29.659290195716537,-174.88905750414105,1.0
5304,-147.59110772459817,-59.430097278874804,26.20370060589472,-134.02841487073505,2.8696730968631536,-245.78739930633898,-30.874185606834647,-183.9706269829214,1.0
5305,73.23024624552099,-439.7593462863636,8.286924361778514,211.913763108387,1.5307734490148996,-246.30971011951448,-30.051572429268827,-193.3716032972416,1.0
5306,158.68187005411838,-360.93443780588126,220.12378556560122,142.48181909178592,10.017304884826395,-254.42170338892277,-35.717550994588635,-198.28118888078515,1.0
5307,-454.3631240349405,440.1456428890107,-781.2634671980829,116.21532997067948,12.135629333625454,-242.91244755234962,-39.518854636769376,-207.7985837997535,1.0
5308,158.9919520470722,-309.9733625638706,110.83838049358346,-177.19183724527974,-4.023187308234214,-238.86886188735016,-26.792660682375892,-188.82331363662922,1.0
5309,-97.16211466963955,-83.45710421142218,-317.70951391679125,516.1244839844403,6.709714407313016,-249.838598285266,-30.62285013813747,-197.56359641707704,1.0
5310,-610.695002440754,464.29916421979556,-41.52123730725865,329.0387939091834,-13.392694969486968,-241.80052174651613,-22.270076738156597,-158.1431080745048,1.0
5311,-216.56921967739527,-427.9967143360703,351.4700350599014,347.17344204663215,-15.827420938941636,-226.14372900059752,-27.842004822441606,-173.92472700220267,1.0
5312,14.422730825736707,-23.67995260653459,23.358589071252545,153.3976606494792,-9.037045258868183,-235.49913410104722,-28.771789694609527,-186.94093473174806,1.0
5313,-182.23009561448387,-350.33711643966797,289.79378084291494,259.30951987643033,3.4488399931926756,-246.6158274436274,-37.00209724011598,-195.9155713382306,1.0
5314,-92.98680265883354,-486.92738886109606,129.98765016016372,211.46756350673058,0.0360531821905552,-247.5602076021751,-30.913784051804885,-185.5537389258963,1.0
5315,-301.1162367638835,-165.24348554185084,99.49707715383761,54.654077653900465,1.4416673532836137,-234.82442629167093,-35.754978761451895,-197.45807032092952,1.0
5316,-670.6862803798858,275.6421160846872,-383.294503393862,195.79935880741868,-0.8315655313197161,-242.47020669195007,-32.9146196586629,-188.5900483268373,1.0
5317,-322.9851611222982,-94.27522773758258,-282.86788614456896,49.25462118320021,10.279749967587499,-251.89452728718297,-33.11309392068047,-198.62955930163122,1.0
5318,6.778819815633086,-234.22324763151244,-195.09178843578727,473.33669228767565,-8.726875615817116,-232.76218762015824,-26.919895494340928,-187.1171700994566,1.0
5319,-163.74507886185614,-169.11034628325893,120.43985964630788,-29.99408238370296,-8.212312263447371,-235.39124036511183,-31.645542257001775,-182.31153479622589,1.0
5320,-130.64369189046977,-304.89518936002116,326.1949864265975,413.1746965751045,-1.5110318796607651,-245.40364715656833,-31.05017154806247,-187.3201834238182,1.0
5321,-192.7533109635747,-252.47128052813704,219.35314924351755,203.48830527868543,0.7109533202782231,-238.89162602733916,-32.48983100886992,-186.40391286763827,1.0
5322,-232.07034995824398,-318.16433778298295,126.21797606024737,250.35769529500342,7.659611123539943,-244.0332130901462,-34.579125369028525,-199.3467979648502,1.0
5323,-378.42492052936143,408.9518586292538,-152.26365352789054,69.07983189047995,-5.536844570291227,-247.81730479502582,-30.247384499511924,-181.58852483477787,1.0
5324,-247.3972444876359,-309.693308866651,224.87956045687162,119.53559775098795,-2.468019957202152,-241.73975233538147,-30.145571358549397,-197.48583840734284,1.0
5325,-581.141811502312,-181.1939754007148,-132.0060075756065,105.25966348651198,-2.417202244149152,-235.42243973304306,-31.465105480702913,-186.97394393279063,1.0
5326,-78.6154767419167,-191.82137547689575,73.17607050341341,137.94758933320512,-3.9107017788090994,-234.64396161873512,-31.615103417599602,-185.57449051947603,1.0
5327,-245.96396407277945,-167.57667637418527,111.01772971260209,37.837873480603214,1.9421004588543958,-242.25501257799385,-34.73128789698517,-198.27483311610897,1.0
5328,49.75132742404216,-636.5830565745341,365.5716541491473,198.74664161721677,-19.68221093787638,-244.0694669084364,-19.710001361065373,-149.69831099185643,1.0
5329,-189.92668130441862,-105.7712793357163,96.42061031025408,-12.065128711477445,-0.12879830662270053,-248.56579372439245,-35.107234739127556,-188.61953606225686,1.0
5330,-393.54595628461067,-154.95779552230866,292.4728539761081,405.87311554738363,0.40919859667745384,-242.19348144090026,-31.033295377861986,-196.01559275201421,1.0
5331,-217.8946679404207,-127.70789960245116,-397.2273858354044,327.3097471769004,0.6543593206576885,-241.95923334832335,-35.598253590987156,-187.33150368659378,1.0
5332,-153.5482033839208,225.46659303185876,47.551149574799645,273.78343677333874,-3.000111826611211,-232.0713385646319,-33.83739040954648,-189.15638862149754,1.0
5333,-281.99037469056714,200.63716556795632,132.05020202453875,396.0037896516065,10.721457678419585,-253.62993125490425,-36.303960644308304,-204.07015384086904,1.0
5334,-151.52075189247293,14.000469361110657,107.8743679630168,230.43850418163626,-1.4437229554669782,-239.46814447046583,-36.381485332124306,-187.78804530511826,1.0
5335,121.14889861938063,-745.4099100493027,343.11020781252176,52.59567042314044,6.494678912905591,-253.4646070609378,-30.346103294121782,-202.0289231937915,1.0
5336,-376.25033427883,-92.67529592277064,205.82759995949655,320.5607645891418,-8.443181142284278,-239.1014042138431,-23.911216443930925,-189.54854232103196,1.0
5337,-606.1347497399275,160.72219637713556,229.39933145765647,583.8357980673057,6.813082125847739,-242.47992483488002,-34.369001986610684,-192.8886069057788,1.0
5338,-1.3129933936506077,-134.3059004465502,-51.42606181014191,109.61477959847912,-14.898117446065518,-236.02350707683226,-22.171443992180855,-165.86901083196875,1.0
5339,9.606304491428297,-228.40931154678955,154.51932099673962,34.133236572995315,4.22999828321399,-251.9729727618856,-31.11413535132921,-195.58245552826784,1.0
5340,-447.7894442473969,38.814494002938524,111.630738055442,105.50280439738846,0.8454450876243906,-246.21706117769637,-32.12743533744726,-185.93124701725537,1.0
5341,98.231075523432,98.3014059543878,-133.97491840234034,209.9840649649608,7.029987238954272,-258.8666954973153,-33.441733113334486,-183.4112334366961,1.0
5342,-82.92047575564935,-605.9870559317267,450.6064471467642,417.77800988749465,10.916521204127157,-250.74305255958078,-38.06129914679141,-199.30111775856307,1.0
5343,-265.3445658193468,-352.9465208211898,300.60569172871635,471.31434267574156,6.655037629804745,-247.66331594226344,-37.331972186818504,-195.44522145763264,1.0
5344,94.57502908244986,-290.59553815465034,-208.87032870603272,422.84402649913505,-7.897083055994367,-239.2524305427777,-24.716158238689793,-176.29012240850062,1.0
5345,110.7434266742715,-127.39879208519793,-297.6573813781111,369.53266823109783,-4.503080430173825,-238.58120570141665,-27.207462101863413,-188.60489752185495,1.0
5346,-81.43588402275874,-369.9342946736556,298.9193801824168,311.2531548034708,1.3325781683136906,-242.04942839612715,-32.278591680729356,-190.49805918856578,1.0
5347,-323.1412257996297,134.10350968524943,29.208325496794796,192.69806059195818,8.073702743838197,-249.57656091646015,-36.445233670789605,-200.58523772243436,1.0
5348,185.52274308783208,-232.88930037098874,-1.3602993152401766,19.998896945349664,-4.6957243909546325,-246.28835664804282,-30.436711139680828,-182.27613594181207,1.0
5349,88.63947171439813,-284.1091183240842,-156.92742673872232,84.26103013110328,4.426148122536931,-247.64817138463064,-34.24618542647877,-202.61126186425844,1.0
5350,-378.48291462959185,91.3231426543561,143.28771918004463,358.23780783081463,12.798180310089245,-238.5992087945528,-39.06178104136244,-208.5678835245906,1.0
5351,-168.7051375968021,-186.34446097812943,165.16489303676488,149.96983535640896,5.391068043577484,-256.29589322685615,-33.91410930654405,-193.78088379097508,1.0
5352,-308.43252188594636,127.88284166668431,-491.0469511505351,23.53100098139791,6.380687393994536,-248.91940766166096,-34.27399725124218,-209.16321595714263,1.0
5353,-330.3855468339637,-89.23998091622754,222.13388027398895,374.2962030934455,-6.877172093580594,-237.1870731060175,-27.73682908308566,-175.68308937380536,1.0
5354,-250.52972905251636,-185.89971149969884,164.86889462675416,95.32888843174061,0.2487415306881483,-251.4370478015341,-33.16017772449291,-192.42064487406995,1.0
5355,-143.88573926191407,-267.9343152061696,-40.68536954063588,309.121972538264,-3.2703990970872985,-246.70243824840813,-23.771337661689632,-182.43493429466113,1.0
5356,-255.78210363242056,-80.59397773749943,-83.71344294658616,256.1220753747788,-4.733334702033234,-237.57598201082354,-24.388135157148074,-187.89405442359725,1.0
5357,46.62945876099869,-470.5474063294787,-634.4461005357336,627.5976315693443,10.920564550404738,-245.46974708725207,-42.93735716023392,-196.2670601884698,1.0
5358,12.898496365402568,-81.75609919952387,128.64388853731802,139.74424378093605,-1.3482939269689922,-249.33071653917784,-23.173575669966425,-180.54740339922165,1.0
5359,-47.458598819717764,-360.25372468694326,302.09244263855487,33.343165463800894,14.377298907835973,-250.78189445883504,-36.13269405089183,-215.80568869686385,1.0
5360,48.14070693618429,-378.80844846648625,-141.29012648646827,518.2849048396021,2.237859101475048,-242.07883321458954,-32.42147742022031,-188.03247129534978,1.0
5361,-102.42315263331632,-145.02507660131874,-603.9050407210857,297.49327247778064,-4.7648447922213535,-239.49349178426627,-29.753085034043924,-176.0838090148694,1.0
5362,-376.7527768497018,478.5360855507408,-772.3528728335588,277.5831928087143,-0.36833484507690173,-236.89786436490039,-33.70219780433234,-195.92410446669763,1.0
5363,116.61852569951922,-514.7344615502498,321.41235406983714,155.6230317084504,7.72383512569596,-251.2238260022173,-31.252481396771433,-202.4913989290131,1.0
5364,-376.748260626739,95.27796181697484,-156.36808947358432,240.46622096258784,5.256078424696715,-243.9025038288077,-29.972604920812355,-208.7886309764988,1.0
5365,-247.16123136228418,-161.3644070215493,-273.1514852148384,468.56608192917923,-7.1612032873825875,-249.97129818378806,-23.91200245963295,-181.24463681684117,1.0
5366,-286.0800993801675,295.5475395668282,-611.8951674838567,93.29949702336886,10.862010790897182,-246.31025149616718,-37.241910589244256,-216.6995884677817,1.0
5367,38.17322090145709,-314.6056608244158,-249.69697562326806,244.05461909649983,0.9126721684840454,-248.80272203523504,-26.700089990844866,-187.42701036737816,1.0
5368,-239.11764033592843,306.32755898698946,-478.6872654040964,19.271449797734206,-3.5697517489802344,-241.8324725376231,-32.07101705467838,-185.69027787935607,1.0
5369,-169.90948038128488,-231.42235087346612,70.34077584977219,98.14248878463023,9.648496570430565,-252.7603236219642,-36.645074066599186,-205.04145118650857,1.0
5370,-276.65743065963846,-169.56094141343218,180.85806423375834,116.4019978408891,-13.287363180777081,-237.08520892634633,-26.703299139980743,-166.09073016700827,1.0
5371,-247.29088124881406,-165.69821377754636,148.21622042758824,52.97980871847181,0.40723595864547557,-240.8166232537687,-38.64374136214413,-204.1364463892394,1.0
5372,-148.1266542203398,-210.3789660520337,-557.844366397583,329.4587999314479,-0.6947781296092532,-245.55482602978364,-24.64819144386153,-189.31503072152003,1.0
5373,150.00468492912535,-100.49754889363311,-125.1224292698347,-301.40805640986383,18.544169998303072,-249.18333587069705,-42.00084674509777,-213.3705687110131,1.0
5374,-266.9384226023617,-134.0518085780753,237.11700339294447,338.914602635022,0.35548341343386536,-240.31622281323786,-36.5566234839402,-186.2453208175295,1.0
5375,-257.4280326907133,-387.1901227590312,267.25203724496254,251.64177808465698,23.467593127373622,-262.8898728448623,-43.70491739661905,-220.85190982671747,1.0
5376,-407.58277933436966,245.19718605213598,-664.0377912359652,222.3579384475429,8.213765652236763,-245.11855752793713,-36.817112839169596,-195.68974828749128,1.0
5377,-371.81041852720244,242.0575893186943,-736.350564049046,380.6506443000692,-2.550523620993413,-237.68116955190578,-33.96462270746651,-184.1157492538491,1.0
5378,-50.68811580649471,-840.9401807456807,484.3851878572931,199.89042012227918,3.0079769388946733,-245.86457938182937,-27.667399261372527,-190.3587070884737,1.0
5379,10.565757102378793,-523.1744842315733,-227.4268313985487,151.39661405983108,-2.1768812455053643,-250.0828772074434,-30.05216784217028,-187.26627653674421,1.0
5380,-26.559621494374895,-135.148842724958,-67.8479883833784,255.3128906178187,3.336990777865572,-244.93353740883376,-32.51560994506163,-194.46195812760695,1.0
5381,-42.604792301003535,-3.0162040868780826,16.18223271989081,-103.77917991093501,1.167359756209635,-247.27195677139343,-35.92104508000832,-198.0820768976803,1.0
5382,142.40557377318743,-494.71289374138684,-567.2615637935083,408.4509652063627,2.9740581338880934,-247.2130784859864,-32.99238957292031,-186.13783749242734,1.0
5383,-246.85318582620627,7.599271498470994,97.58480016534149,269.87777134301786,-1.8379016339347936,-245.86943225057053,-24.71038738482267,-173.49824751097458,1.0
5384,-191.2039755304843,-532.8957755789907,-182.74967541884916,83.07567460811049,2.129594135467145,-238.71468260512864,-35.653432126477846,-212.00841315896832,1.0
5385,-274.37084636818685,-429.26595289555854,412.3141313227447,559.4390906049476,-3.7732460379908375,-239.8484717862448,-26.831567446561042,-187.82746177872036,1.0
5386,-463.9109146609918,279.8254037372469,-282.64819979015925,95.99649986636237,-7.551592053852895,-230.16732215240225,-28.499460879458848,-180.7004242093167,1.0
5387,-281.53362041779354,379.72830363523735,-72.61829838048737,177.84707717401827,1.609823002863834,-251.24594311201602,-29.414243749439663,-188.17064613258393,1.0
5388,-32.178558376409796,-416.76370173553295,205.76626628264654,34.995276542656775,7.386461567797969,-241.7716900089566,-33.534111013026624,-191.29054201765655,1.0
5389,-152.80576176483927,-193.84015409671355,104.26500508933279,79.68956006858963,-14.60354678885086,-235.67879104719836,-24.165445087982647,-167.2740041052341,1.0
5390,39.97180425530657,-367.70411632814046,-85.17147292417945,184.46743496708513,-10.08795496705023,-228.51209762789412,-32.533043537053295,-175.6844402462276,1.0
5391,-398.1571473851038,-5.553312474377692,145.16857340819334,249.448620578967,1.602355347627937,-248.16443383514257,-32.22603497607939,-180.54743502496063,1.0
5392,211.8122575782837,-499.2996255186208,166.23981350589753,64.10013727297863,5.934006304300239,-247.01264494579274,-30.417034129273212,-203.10424739602973,1.0
5393,-167.1803378902437,-213.6019182537122,45.422975225415165,212.14384980073396,5.632015959486113,-256.9483172535833,-32.293240493556105,-192.76823916679072,1.0
5394,-198.510013464174,-151.723172599168,210.79460357239137,256.13631678022983,-0.5716023210074588,-245.07612954496548,-29.39291516025819,-193.40193418423104,1.0
5395,-85.51977032299096,101.60962690585085,-273.1029448936479,471.6960548326532,-2.8520658120419355,-242.14043964686147,-29.541209417630824,-186.37641490565747,1.0
5396,-360.9230080990418,-155.8481752199443,-243.68629185951124,116.15914233952024,-10.763837050092414,-242.3771598454026,-30.434675139061692,-180.42009250326802,1.0
5397,33.52553236246803,-308.8219711044434,269.6824929941107,281.9454995600646,11.191918509252217,-245.3237990357239,-36.36648831296116,-207.02719579334345,1.0
5398,-170.0498693571651,223.94453539657295,-192.87155176305228,-248.69010256269272,6.215675734361658,-245.24527502478455,-35.15580316126569,-192.04474110482553,1.0
5399,-19.623384512000342,-625.664987179671,314.14836910570784,22.08764121070981,-2.6459173992603766,-238.306888748486,-28.55303135544956,-182.99505731437193,1.0
5400,-182.99078820529587,39.79216939248333,31.356987983682338,103.75486907782361,-3.089161767766753,-234.43447563666734,-32.03231089167896,-195.6331261227005,1.0
5401,-308.1240919692557,-90.06060966416908,263.7594465674081,496.19841912991785,-4.304241918305485,-240.2700393056379,-30.179311627076228,-171.73934612468878,1.0
5402,-156.221491831099,-26.320735907898076,-3.228487831023652,127.9616756564413,12.31781634103135,-253.4936206819846,-37.66473215610045,-207.92129259324915,1.0
5403,-161.6259464400828,-64.39471892440967,102.95373660460831,127.65805152114129,-4.439961247787123,-235.3182947186183,-31.462723776364335,-186.62929392881117,1.0
5404,91.67927011080548,-363.8815074741478,159.08000474991982,-13.726712575912469,-5.690018550909338,-238.01965786375493,-30.56671895352032,-191.95179984220152,1.0
5405,-103.75729721176779,-414.497972558312,213.49663090227943,60.89021199511585,1.5351469336942563,-245.49760692679928,-33.08257207545764,-182.5283538820657,1.0
5406,-210.61054290096254,-26.644085640844708,172.0832757605509,193.68452669304733,-4.031871309510588,-237.2849401461986,-32.45765783235656,-204.47483961855414,1.0
5407,-429.13147216337126,294.75404518621076,-16.323006037750076,222.95420554901443,-0.23945039632746323,-240.09694543294415,-32.02177011795267,-193.18001646100538,1.0
5408,0.2663137286381012,-611.8626622292608,319.8615145532896,92.94208339181209,3.44675511343782,-249.92141993363464,-32.74210269741688,-191.59419126671358,1.0
5409,-115.2091809685373,565.0634880468292,-186.51098338208647,72.20824135770295,-2.219815873811134,-238.81468162714805,-36.776332780024525,-189.4724195314017,1.0
5410,-54.878073413029924,-212.88090922207053,86.36370327100431,-248.95220793710072,3.358577516670823,-236.76691117754922,-34.7629733322599,-191.66499101744125,1.0
5411,-240.40275716680233,-166.39412772843852,29.49745277041933,69.9330558107326,10.535939918340324,-252.9354591236202,-39.71604210178515,-207.24439264655646,1.0
5412,119.3877498403105,-430.81074606435345,238.02829858669776,-95.93122258448984,-1.8931646233002697,-248.8808974120677,-35.012338947762046,-190.3457893631781,1.0
5413,-18.2156968875103,-73.10273008597258,89.0427850221448,-18.7777020045371,-3.404299319695233,-255.23417401834536,-24.40517965621929,-173.60148308166657,1.0
5414,-156.23879798153743,75.06304817571538,-631.9570812721255,172.59655198678473,-11.051321783790637,-235.18002032124218,-27.11272080172381,-169.56419077182744,1.0
5415,3.6057567208998886,-163.29704324156188,120.64756234292719,103.73462885037314,-8.396674258270568,-239.00730757985664,-28.13458136083478,-176.95704157166904,1.0
5416,-38.82519827278437,-338.6940664813899,133.31354439847084,119.0864620521073,-6.708517645409474,-243.59628581439873,-27.34968863421523,-174.42753750811661,1.0
5417,4.6618786759088815,-464.66680696478073,296.14838683558895,119.31882846332836,-5.297799428584044,-245.3154618540939,-29.970990343792757,-183.28863199952306,1.0
5418,-68.74701184520463,-289.0989829988838,-39.92602002998049,160.47820217093707,-5.297772308196398,-238.13513374851587,-31.861332375081453,-186.7508447141417,1.0
5419,-313.34807101717297,27.312150646965925,-669.4172979520216,125.7010684759884,3.2993554481969727,-243.21116047068202,-31.10995863730077,-190.7747795024683,1.0
5420,-145.51584669721484,-275.1080704324828,262.6632610912642,111.10416877848405,-8.397629360209088,-245.00969874398416,-28.635457104783924,-183.68556721602093,1.0
5421,-491.5987535695851,-9.92223919960924,318.68366631552465,606.9934724980379,1.6539784117019947,-242.87447905018513,-33.59750117809914,-198.0155069293177,1.0
5422,-195.30799089787442,-83.75914096670883,80.56428604484346,66.78748802910827,-2.552152048890067,-232.03073351371143,-34.612468309315815,-183.75769856718148,1.0
5423,-285.0781948791954,-358.84596847859467,109.39050307919746,-71.05202531595442,10.312694628535331,-238.55963382863573,-40.016111195589694,-192.85851515044726,1.0
5424,-144.99839860941262,-259.8418584255954,100.33498497349096,-34.436759687231856,-13.706953663024695,-234.45004938397784,-24.68621508357237,-168.53226546211368,1.0
5425,-154.52661487664835,-221.87237650087792,-152.49779773152412,43.91381483893293,8.49686734063355,-254.47540755342632,-29.570440783443523,-194.17348147554944,1.0
5426,-218.96825317663442,-184.4395736705101,191.57895401462645,156.64505454462108,-15.067446951407973,-247.13337527194113,-22.623547423891722,-174.84170264030797,1.0
5427,-265.02980134986655,-436.8033705801432,326.0266981362845,247.78484962787877,-1.6541931220326935,-241.51005204101446,-30.744921591808666,-195.61315867248834,1.0
5428,-288.09039195683937,-234.9080146743062,229.7779421018755,230.0923706837035,4.360720192507531,-247.4578483487864,-35.42369502227529,-191.32105076810058,1.0
5429,-450.20075860376846,-48.618039749676,173.8094958326131,277.29316802792806,0.884075226783959,-239.87167322431276,-28.336664383500374,-188.4800149581806,1.0
5430,-370.5932803851159,-453.9369675245846,483.37370441483296,676.2010356304934,1.5809037658254335,-247.5072954675813,-32.98823548496737,-196.09476461084756,1.0
5431,-28.02242622776532,-186.40123676437133,-105.45036735459993,224.5883199173866,-6.901477416330007,-239.65396840303572,-26.733905914481525,-186.28261546679664,1.0
5432,43.452940361900616,-558.182111101996,5.112267861471365,320.8518324750519,6.0999088960372525,-250.02909135756698,-34.814503362980275,-196.82224386068734,1.0
5433,68.86488403179713,-204.9593340905217,-336.83903624531825,152.02959281894792,6.4437529120696695,-251.44870285047284,-30.611615664126678,-195.92798406671665,1.0
5434,-144.96599166651777,-730.2401634357178,498.07375974764454,248.53619459761904,13.049661366866875,-254.09468568148003,-31.946098250899674,-198.44911730478944,1.0
5435,-2.7728913184471793,-461.8965825679453,221.67527399433612,64.22462185764167,-3.987535191756532,-240.33467397480655,-30.11364354343863,-183.197916154875,1.0
5436,-138.02750224445825,-414.7122009112031,253.13510825601165,73.22861578448537,-9.207554191870058,-239.18830336748425,-28.7840571807156,-177.24995124366123,1.0
5437,104.49197480240322,-344.6708578461796,-322.7109573402169,244.17216865449038,1.072101605650173,-249.044908535848,-30.620658456723493,-197.48919418580815,1.0
5438,-304.64868032422856,-153.89276239758723,-125.6508748976855,22.742542903710273,3.5094540587802454,-241.38409196267207,-33.073300662575114,-196.65809418619472,1.0
5439,-87.54037223764037,-346.0347734243607,1.4462600522779256,690.9267700412711,-1.2437578780794727,-240.87380133372025,-33.65461405636764,-197.3474168103063,1.0
5440,-231.22787356638307,-533.8820861171936,-99.84318169570447,319.065611493226,15.299433319116533,-249.24926292114293,-41.35312526051184,-211.14057684023294,1.0
5441,-183.42488079017477,101.73980052992415,-388.00783254546474,-68.6335614889189,17.686428293578025,-260.06494484358115,-38.34989878502242,-210.45872846560994,1.0
5442,-185.84356577527265,-46.71562506416402,163.6081500959328,-67.95642343233257,5.339237037743432,-245.13697810219693,-36.918150030902595,-194.42030637763702,1.0
5443,-133.49157757413778,-517.8720338486158,290.75175395827364,19.131841494815593,8.341084821567751,-249.1473245293506,-35.55431767468616,-198.8315235586222,1.0
5444,-174.7215207578329,-224.55116374077383,346.42378126412126,431.1307623625807,-8.009432943149816,-243.31743325260464,-26.508082063917072,-181.00949866007497,1.0
5445,-35.375298890732985,63.854637347669566,-78.59588737197463,-239.39291133052882,17.714613109617737,-258.3765346201983,-35.365670700589774,-209.81808852152795,1.0
5446,-33.17919557136333,-87.11222024002444,-674.9887417857773,142.11090397685408,7.021861233774677,-246.4369693868947,-36.573427113426284,-201.49979651924372,1.0
5447,-177.73105702657764,293.64394716143073,-502.1525160762609,18.403294838633478,-5.7758406890594,-236.07607799891218,-29.813519079761633,-177.45990615448352,1.0
5448,-172.0610686696319,-298.524698293774,-742.8255858219217,839.3445144526592,-4.857371104512725,-240.02133592481258,-26.995980884082993,-182.62548466517393,1.0
5449,331.21198955131274,-250.64595295322206,161.96178754100555,156.9704882660083,-3.9469441440596995,-241.57912945166515,-27.782893021793885,-182.2819080869686,1.0
5450,-136.2380655327507,23.22654258827339,64.87723377456932,116.26294166374468,-0.7595684809238132,-246.53115946243736,-35.280513526573294,-186.0972055222579,1.0
5451,-76.80434665137466,-616.6270687329892,334.5602987170427,163.588419024236,-14.431058938915584,-238.4445410300462,-21.595026899651977,-171.86772419413188,1.0
5452,-221.4597256742378,-503.57872540118336,-110.28361072801225,380.91036025181313,-9.493202560010664,-241.54216071375438,-20.608132117856243,-170.9401935616608,1.0
5453,-434.8634560533583,-103.2686383149161,-291.07398887378315,-203.33763398449665,-8.23532436237915,-237.56645508648728,-25.726687013762717,-169.30923523223709,1.0
5454,46.20398298625985,-643.08085843568,352.43018515863287,122.2804029366136,-3.5844381809239394,-243.25450898496712,-32.83509575592622,-180.3688963615897,1.0
5455,-212.33957767123633,-360.583276956193,158.0913059597574,-110.56030024705272,3.2132491585513274,-255.44309287564369,-34.2148235894658,-192.35798036426363,1.0
5456,-188.76663577986145,68.72548004087528,32.92080136172311,155.0893461016134,1.8129181557198182,-241.01501607113428,-39.301648854737216,-204.01888532010906,1.0
5457,-58.29068964677142,-300.3032358413648,107.71830064764612,-49.126549150757185,10.461997603800537,-256.6675424539387,-35.47848472064597,-199.56547182156646,1.0
5458,-304.5360649595414,-215.04501775662348,418.31012538121666,583.9116496522355,-6.269312961169329,-238.64868369043685,-30.333280922814986,-180.60251071142017,1.0
5459,-206.4809901132947,349.210866648892,-215.8356725772892,-72.3159270294289,-9.959077114467206,-237.37483580455475,-29.869060048530482,-175.40894709717892,1.0
5460,-269.5511613264733,331.82691607196426,33.36413205341242,468.33528665697736,3.6113215893971846,-244.25062457525453,-32.11295941108177,-186.3640661852344,1.0
5461,-452.6913288016898,-28.230894815492125,-233.3229649713637,191.6904235427647,1.0106418448003063,-241.36148285545997,-36.008417150195434,-196.52086750070114,1.0
5462,-250.22543407712138,-356.95999250117126,-140.39601028127348,-66.0827592477649,18.275261825334447,-257.33274521709546,-36.891928980172814,-215.29796113523113,1.0
5463,-270.96688159729246,250.7358178479937,-40.22711395539083,54.49864274136911,-4.80431201837991,-243.06126118587684,-21.946703790737594,-182.85626245957098,1.0
5464,223.56979346078253,-191.131886599066,-47.93096643236572,306.997353737454,9.714293378587142,-253.7030922479207,-31.49823188581634,-197.16024142788376,1.0
5465,-175.34856689516153,137.37094536357293,29.050530334250645,202.79799647086531,5.298062120456996,-236.92662457754255,-35.705620825522686,-202.3032325832171,1.0
5466,-521.2155673610857,173.8005898345095,-230.49071324140314,-187.54625610765805,-1.575036859537812,-242.8410510925419,-37.341787326326056,-188.5156582494188,1.0
5467,-287.63273248293723,-502.9366590504102,5.8562455853678586,-71.14204055585289,0.55418759417401,-241.22206933141243,-32.024148809731514,-191.42958334340443,1.0
5468,-405.4295505952803,-112.73086522342359,228.7301477152206,482.13040017380433,0.2477136719060462,-247.3287319511362,-27.992376000238373,-189.35100324710996,1.0
5469,-378.4618717096767,69.64119542931067,-579.8962751682867,348.9247600939937,-0.54194902764367,-241.9516134246944,-36.56782162166587,-201.85944072900202,1.0
5470,-289.0057746628278,-220.7994250068454,271.95927969720015,301.2562490083077,1.9769651100026722,-240.17813862190908,-39.84961837586551,-198.2658897564353,1.0
5471,19.684740518071543,-462.03547632707307,463.58300075842925,144.21922439183464,8.017917359642595,-239.6267778112799,-39.890015109464414,-214.67125834860173,1.0
5472,-229.85210399638322,-138.3692424378439,-174.50907408583802,347.1497674621615,15.652188134882278,-261.1205941497718,-36.22568669611671,-213.706686226598,1.0
5473,-285.1663292461027,-52.02156685476229,-103.43030195579159,-219.42078640010166,1.2943067996814794,-239.62243929150847,-31.784584619018347,-194.26122938499125,1.0
5474,47.054983824718065,-783.7296561952987,394.10494632814454,66.22806518590484,9.173594286092065,-254.84171934154014,-29.65097994891874,-200.26263685558328,1.0
5475,-192.96547554700948,-129.03675847751225,127.52076212037886,152.96485279151898,2.0641821953799164,-243.5172723987454,-34.393530862879125,-183.98881466714124,1.0
5476,-281.48883072462263,-181.0939694873874,300.0483928026134,456.1396058104579,2.984604841521417,-245.24175243584804,-34.69110208523361,-188.87464814755583,1.0
5477,-292.78421909043544,-273.2772357780094,350.9727206842677,319.22746570839155,-7.043252980660945,-245.22645800049534,-24.977275173708986,-185.551025563133,1.0
5478,-0.019854335933855438,174.1360136682506,-210.3735219472581,40.18865982968456,-15.193168045605042,-237.13149048883963,-23.558083371456934,-177.2061992599981,1.0
5479,-220.5013447062172,-172.39386082055722,-136.87447308412868,140.25964616966414,7.667155979905614,-245.3421338165068,-37.523254631075275,-202.4742055136413,1.0
5480,-201.76304397659553,-454.1360840696802,-222.12747271676062,345.18163157047974,4.461447621357218,-257.1830430423522,-31.85159856104211,-185.4488469741284,1.0
5481,70.56795140032884,-569.4387943227857,270.68124300075766,-109.33931466627538,-6.848954818010482,-242.78845171060203,-29.232948144684286,-178.39252584227842,1.0
5482,-179.88108170874557,60.60418164846162,-386.4992484111948,-81.02411775882233,7.357934203482489,-238.36008218544586,-39.101276948325825,-208.28889807795136,1.0
5483,-195.44305903464462,-67.70725560495566,-83.68160230648584,-87.74800558893907,-3.917677311348471,-243.74843825245958,-29.465729650331067,-187.7038841994088,1.0
5484,-48.671915917420904,-327.85821147388424,266.4293677935253,200.70489501557987,6.889451807585582,-246.33098066374885,-38.78610892938858,-198.35114002299127,1.0
5485,-129.47546290479133,-779.020599039254,569.438702116819,481.27350108175875,2.258615751463285,-249.10854680553214,-27.330851793949908,-188.1422738052716,1.0
5486,-140.05603474121563,-350.0643610697758,35.995084102845595,245.36354446518897,7.391775283514199,-246.08509701959093,-34.1925498622254,-190.36388704436982,1.0
5487,-276.13544782708175,227.40874139474278,31.794394850979877,294.95124310894016,-2.166672747004561,-245.88500531635643,-27.174285048656873,-181.3246428147232,1.0
5488,-239.20768972385375,-131.76096087893993,-214.81931610244612,355.36050126225945,-0.1131703454132369,-246.10465903814068,-33.935540723152535,-191.96736320601528,1.0
5489,-182.50022419196003,-320.05989271200343,-355.85792170918796,368.8032995662027,5.4976232798912035,-247.0257483190053,-40.268654865264615,-206.11233912489453,1.0
5490,-225.24164184536258,552.8918800101959,-124.12172586570614,286.39155302024517,5.540428183530178,-242.5189315453456,-35.49461590973213,-205.9953238488326,1.0
5491,-288.7418267537683,4.029455579349794,107.69524647227317,198.3310082069372,-7.977928909704222,-247.5433073888758,-23.81378155781759,-175.64254078860165,1.0
5492,-415.9241249054169,141.90829816567012,92.75403124987649,283.1260341461142,11.208292053835214,-247.8035777663968,-39.725477660144435,-205.04844956166886,1.0
5493,-257.442548353781,-93.8318658008847,95.97439905944833,-147.2245450574754,-9.01199350444495,-238.2559956013966,-26.90525687737238,-175.24289598032001,1.0
5494,-70.88872492296674,-163.7235057892629,75.18779030754713,-60.57406978998166,2.7901720641163577,-242.620729749054,-31.313425635785183,-188.37159828694675,1.0
5495,-270.7539369046465,-241.2199006108106,-233.80602186761087,188.5017552600774,6.940986396759863,-245.1988077528379,-35.86526781246362,-195.49808458012362,1.0
5496,173.12307888097033,-669.2214272340025,196.79770232787666,-228.73378574943962,-5.84566506921686,-240.9030289583713,-23.42007362569779,-173.69512195087776,1.0
5497,-176.20789457133185,-448.88071057380137,50.282734600427226,129.42284864480936,-2.56311337351179,-239.72193381984349,-21.48377795305851,-187.20686382629444,1.0
5498,-391.16889343349663,-301.4660780726673,162.9779776178663,22.422880358795094,-2.2350687917887595,-241.41700461785842,-31.393903219175364,-191.78996882661517,1.0
5499,-45.380201643471494,255.74287243866104,-156.04281028953108,-251.85164369394104,3.002227261121741,-240.4159092233978,-33.41846189074118,-190.2449947714479,1.0
5500,-209.5548163959653,59.80366731587039,-74.63474820325229,-158.55116766044333,8.447684892018316,-247.64896126778245,-37.17660442612538,-213.52263430165962,1.0
5501,90.41435065091865,-450.93533097500574,305.48961439454024,238.135679412219,8.786649292612465,-249.0909282399178,-34.90745275711345,-192.70964260103935,1.0
5502,-420.15381685719086,-472.9755340255169,-125.62556784657872,345.9387784495271,9.009928613279275,-255.705781497583,-30.98741017532453,-200.50161474301927,1.0
5503,-224.68149671846342,-159.4782259250067,258.2898665917409,332.818568226505,2.339491284588368,-243.89751214048874,-35.61314275672215,-183.55220765406455,1.0
5504,-200.267572910406,-681.2057289976019,260.5255528203171,221.01137810279238,1.5350057289167334,-242.26585590121636,-34.52153233954896,-191.62141812151654,1.0
5505,56.460724307024094,-203.12564939409123,479.02280219615926,44.886083686143394,11.584798736132567,-246.52541157860358,-37.1830621101703,-200.29051159095064,1.0
5506,-340.7877299763566,-221.1259085705488,46.17566626973528,103.60511892979405,-8.306274922413298,-239.44790155892687,-25.330175348526595,-173.36423676649252,1.0
5507,-531.3899158875015,-15.396760054543757,-576.377464432085,299.847458812142,8.077251930923465,-247.00000320556614,-35.992328559591535,-196.91224469427993,1.0
5508,-64.31703699341139,-286.137808835125,120.9663056532955,-82.23098152204456,9.216541870162738,-248.68959040381924,-34.22314599462628,-201.39924160580452,1.0
5509,-163.39290907049136,-320.9402010826884,213.5674862279939,127.80432973881031,12.755058543432355,-254.37428482361932,-37.85565631365431,-196.46930668400555,1.0
5510,-10.331739752800594,-362.0904691949886,226.30628320692372,34.62404883029156,1.1631118355959384,-242.96354853396645,-36.59419724125906,-201.24174362233398,1.0
5511,-318.0029750352486,40.083306750561974,-102.49382908898848,380.51861372572944,10.007743876985447,-248.26340886970755,-37.61537105025005,-202.64272942471118,1.0
5512,-263.03127838558316,-129.9103408871134,322.9415698949839,568.9190291728405,4.070536122646777,-248.94947738653485,-35.039058343395425,-197.4022447965933,1.0
5513,-284.38681633422976,-142.59708252910394,290.59751880723314,372.96887086465114,5.460410202503964,-235.5888574212337,-36.46068851162751,-204.37318901361292,1.0
5514,87.42351139348088,-310.83234379509094,-87.22645353100724,165.282615425153,4.25908454370125,-241.6998818149507,-37.828628495021356,-196.73621028628475,1.0
5515,-113.52379740141096,-412.9908286513686,215.50424374672178,11.985894688678723,3.059357158972699,-243.52588479723562,-33.20598947561468,-195.98880439745213,1.0
5516,54.29446168872256,-659.6824136537514,305.2606742988105,-105.4958223639602,14.710027301551019,-248.80130504112716,-41.80401809168673,-205.6680811798766,1.0
5517,-375.76559502336335,147.2123924465498,253.9157961048205,656.0480603617726,-7.225579746039314,-247.04823017331302,-29.85157578777261,-179.48551377026104,1.0
5518,232.11149873256022,-514.4780164357268,92.66708882441024,301.2540253738475,-0.9499637022541572,-240.57727271083192,-35.539015317713805,-197.4773681229771,1.0
5519,27.390583589185358,-392.9252174366636,5.7150358917748,149.7889271248379,6.672217175156401,-234.51931935949494,-39.94703121439246,-202.25487886044752,1.0
5520,-35.61058041070906,-403.2910212268753,-160.1958100629553,205.27746211726532,0.4791252920166127,-242.18851663772278,-33.88396905224364,-189.93702607357937,1.0
5521,-300.80973880390843,-273.10180540339167,346.2360197128497,450.45137572873466,7.7616374360511,-247.72366368989117,-33.87652247209448,-199.5385239535318,1.0
5522,-26.106322187542098,-478.71262634204135,357.9477277384041,421.03127214415855,6.016482788364179,-254.48497788896827,-28.019671003895414,-189.46596680285677,1.0
5523,-171.23490548951722,-819.1372595006438,537.2980887444239,398.72383329018277,-3.575659233915353,-248.26372062259634,-23.545937473356055,-186.4023784145851,1.0
5524,-110.5881550440075,-433.24247208001105,-316.30776825171785,102.87226635903686,3.899298647371532,-242.36738697009918,-38.64884133534824,-198.24570690107862,1.0
5525,-565.8399812978612,226.6002915229548,-165.82024538063143,-3.412114781718323,-2.4451590007710147,-240.92339554794282,-30.193445652678935,-194.0745020652403,1.0
5526,-417.1811336298117,-106.5927033266463,221.32629740822688,312.425062073996,9.608773007996001,-239.12501398846217,-38.57218367044648,-210.46453570253695,1.0
5527,-189.23034253356707,135.24518787759044,-163.63075758766962,-183.3221901401561,-8.151002234068246,-236.2679133875666,-30.76695672286135,-181.5345698669255,1.0
5528,-303.67873941382885,-76.7787698404679,206.77327322469174,275.9473184788053,6.2156259315521,-247.73665644585483,-35.97367280882687,-195.2119901587225,1.0
5529,-246.0463131296783,191.92258907477182,-282.1356074942119,-64.24790813001505,1.8116745788411386,-245.4283246188806,-31.710304676782425,-185.42965415500984,1.0
5530,-388.31086657086956,-121.76801460449596,-408.5408406072626,399.0123668502221,3.1514269969591746,-247.13400627572295,-38.5572257701306,-199.3486606713642,1.0
5531,145.09334020215493,-98.08461522158822,-420.61394654595165,441.85956823719164,9.785931453096936,-249.94787009854076,-35.31297137739006,-201.9851431855173,1.0
5532,-47.25262134431607,-180.30451487903437,-195.1126675686766,129.65216261554224,0.5816124681239284,-244.98290708354997,-31.65752147314884,-193.94360707537845,1.0
5533,45.14088450016156,-111.64581790409235,-252.71568814520876,561.6650398526266,8.725916383844666,-246.63441805476958,-37.929667249956495,-202.31350507155494,1.0
5534,-351.7488747751621,-110.18880026011982,0.6946406883071132,-42.90999255943606,3.6572673982928645,-244.7266473789813,-36.849549476983796,-197.19635310234062,1.0
5535,-97.83614140171325,-505.10803924536185,-18.069125787449437,255.85132159950268,-6.899870649895449,-241.44799139171576,-27.037146332782648,-181.36814292950874,1.0
5536,-438.934482260137,165.0259837924646,-20.88617826673036,-21.647935715375443,1.7371740858606723,-230.32567836929184,-29.90373054203541,-185.35231467843587,1.0
5537,-289.4664661382622,-7.128213980253695,193.48356406509194,306.9041885733745,-7.131943117653549,-232.1851862771979,-34.75899505435807,-180.85588616346357,1.0
5538,-121.48497478338331,16.758005193152137,-329.00765884394156,271.5044367009623,14.698160172546132,-248.10139246762634,-40.3787183551958,-211.3729071040657,1.0
5539,-277.58010835840827,-92.37802448586999,61.00855908416381,218.48633299583935,-6.655533272915927,-248.87678476188574,-23.955732984789165,-173.00276802338152,1.0
5540,-394.0296661377558,151.82764585006638,161.98946441728776,516.7498544211666,-6.302984941725975,-235.49112852391244,-29.413291581464552,-177.0023185858442,1.0
5541,-213.2128058843723,-168.77481508008424,141.2745589791047,95.49569975756228,6.7709522865134675,-244.67593639846461,-35.84339030835673,-205.97728976201327,1.0
5542,-82.42368253649292,-198.40548471737432,213.77727676405135,268.63412740560875,13.94051981164089,-249.57333591863673,-37.85996881571172,-214.07324516661365,1.0
5543,-147.8151062749343,25.745103029687023,55.51185267959604,126.42450210881233,-27.188200805719095,-224.60141357582603,-16.46689060012711,-156.40923239372165,1.0
5544,-446.11636915518227,-78.55761094706767,-306.65760534922845,256.67209896296777,5.593533849499,-246.16716131992845,-34.00120387218971,-196.89559122734016,1.0
5545,70.39102959479746,5.745875108304221,-346.7324217450237,128.59727495623534,-5.883762568350769,-239.73360169869395,-30.895682345181534,-166.90161192258063,1.0
5546,-524.4863536232623,-15.12812686987055,-177.20132722557386,180.94062800766037,-7.151058578886829,-237.8776364495453,-23.266585869151683,-174.55922084205997,1.0
5547,-25.50700237338155,-826.8584724146402,434.1327638403868,40.3287698714272,10.368062265448653,-236.83972860974777,-46.0359401374767,-217.98386791406998,1.0
5548,-363.7660098910012,164.05972357126663,142.73551029378538,423.54120377535247,10.97643001750549,-253.99491795431305,-33.817342402647505,-204.77743510130017,1.0
5549,-187.72850071217178,18.24621292474955,-415.3302124770592,213.11796672174847,2.2246390477111406,-247.04849184391142,-34.67446732005324,-190.32937857175418,1.0
5550,-458.32950015951565,210.5792021034039,-68.59925508937624,-293.52270382230563,-4.598744033821808,-243.19515160358864,-29.412041093823365,-178.20271827468355,1.0
5551,-111.44969407010538,-447.81111142289217,418.28473902820826,65.3991527640461,-11.00603621358624,-236.61593935543428,-35.618144306870356,-186.90734016815136,1.0
5552,-323.6169663147938,223.97054355542556,-23.469984405726784,98.29427271025332,0.8756220153074918,-240.81203693540596,-39.49736456410324,-184.10638507325,1.0
5553,-391.32512689686587,532.4914722778818,-1001.3367594498113,341.69263855907275,-7.997527770847713,-232.91386544018965,-23.911388864201605,-177.52207982800996,1.0
5554,-539.0739394380337,-209.09710322773236,283.4062582480545,305.56705832404043,-6.543219466382868,-242.43934430799035,-29.593633057417033,-191.1069101409693,1.0
5555,-400.2542652815595,156.70109340449545,149.9381312810754,451.00155533647114,-2.595268048145263,-228.35280877962336,-36.14717611561947,-195.63171570574016,1.0
5556,185.01907854800157,-435.4370110214483,141.45117030266573,-204.4109631481461,-8.133665665829227,-238.7055722378327,-34.25510355794724,-180.16050755805924,1.0
5557,-436.0859106353198,151.44523979165515,116.1355658938339,425.694116852985,9.068608253632595,-254.3124045209571,-28.698317660033695,-202.56995994437452,1.0
5558,-471.6239348567216,-8.860531541130001,-476.4585683329985,193.33014691101508,-13.762248553409698,-234.48842481647458,-25.075350426773586,-162.01927244877714,1.0
5559,-349.1806696956577,52.27062526262731,36.05342449127951,176.41739317645525,10.071323882438701,-254.53637678423607,-32.93415009127284,-200.559578861712,1.0
5560,-150.36702206488874,32.25183733721233,-252.50192466301405,-126.08380371090911,-13.95095337057024,-234.40789931409478,-29.609531169866393,-173.6037228934749,1.0
5561,-128.43970650486924,-218.77233361442188,-53.02642424348309,-28.65873767860514,8.043855298507868,-252.59354457990443,-34.076038700546775,-203.46729223351926,1.0
5562,-282.8614926232668,191.20490831411695,-147.2182823395438,73.8153045642586,7.289040812956852,-241.49702334022834,-33.47096004311134,-197.78439260435442,1.0
5563,-69.19106336158156,-656.2006896179715,410.97385160187486,281.38856008575743,-3.6599165944416168,-231.24042338405252,-33.03885839187433,-182.1322159856714,1.0
5564,119.3473768924095,-234.49427096194137,94.82456156041651,-62.7871091230912,6.2834231324970276,-255.36482361629928,-30.308925700632734,-189.23670479903953,1.0
5565,53.23616824974127,-726.4285885147344,398.04740669702846,166.87570648779612,-2.4507202030586686,-233.80657698801448,-32.68747171025781,-177.35149311553172,1.0
5566,-255.4684509090798,-206.7540914577233,-373.9579435452631,29.112675172738122,3.318229743455442,-244.11153090196328,-34.47630269531157,-209.1578971137519,1.0
5567,-446.91956159331284,217.94505250683102,-540.7261910672275,349.2207325964584,-9.414104750050726,-245.6283512102497,-25.46533746941556,-171.56853216755465,1.0
5568,-120.85765905222445,247.5269561193985,-45.68281901915241,-8.841590629770435,-5.4358503561033995,-239.53965271626697,-29.607650677399146,-184.70897988619947,1.0
5569,-438.5887019767695,44.70043244071276,-436.06010846471025,179.30351223454258,-1.8393762731637175,-243.3267373285921,-26.298074405828245,-184.31230304715695,1.0
5570,94.55599815634721,-494.7699025888838,272.72007615142127,96.08093732873303,-8.253419900181928,-240.80008256691497,-25.784813074503482,-170.79030895948918,1.0
5571,178.82616128752437,-460.41289291374596,-42.11515251296576,-570.2871445773483,15.701301886477635,-250.8598469430545,-37.98234519275023,-209.0235748525721,1.0
5572,-406.5116412243367,-161.29322126072012,237.73051811016953,336.3336759617532,-3.3977591521066053,-233.31650650073072,-33.4917128081821,-185.16396477892712,1.0
5573,-150.63827370850646,-230.5457593959508,-234.8805845706051,63.089212190208244,-0.05896817724141368,-241.80404678674844,-38.15785056095963,-192.7398618315408,1.0
5574,-274.2026707643961,-253.4076591222272,444.3384996894977,47.142214542403174,1.6736067507807286,-248.4277314122856,-33.96916376210312,-198.4621955529394,1.0
5575,-263.7211212517398,-248.2886007940074,205.70445975734364,232.017405973904,-1.6928584398648794,-242.83620522986357,-31.82243354493783,-183.136788705262,1.0
5576,-474.4408419267524,-57.06407879554818,-370.2840458668493,268.6568542227644,-9.502125660216675,-234.36940072273208,-27.120749603882047,-176.9525026225053,1.0
5577,24.587645579351136,-215.36768826026184,-141.9534213931321,240.41322494920382,11.415321223557525,-243.1687200248946,-38.003030372089725,-213.6879329126286,1.0
5578,-379.9324412331757,-214.3703322594006,-81.37249100814084,16.697154270079583,7.19119292067628,-260.71411545420045,-34.331703390799746,-184.62059968329908,1.0
5579,-342.4456430838652,76.71777825441004,31.814766776402713,202.13088072134028,-4.57551626259633,-243.02651956334583,-26.41335582622597,-180.22673927625556,1.0
5580,-128.43726020616063,-370.5942352036769,-255.6909171898389,100.12685472662666,6.1069431445850375,-245.64764214732205,-32.69207839495933,-197.45153940216161,1.0
5581,341.94727798180423,-9.772767075089916,122.76123965229,-172.4682981508767,1.6979427449570343,-249.07073350953166,-30.747019686072058,-192.3570058956103,1.0
5582,-88.12295056502589,-203.11366329810295,125.73101167755658,-15.227931890282953,-5.017937018476544,-247.46610732447306,-25.044308202679712,-177.10827500406666,1.0
5583,-145.3695590726798,-343.9948463739379,63.708567432037015,90.87953891274532,2.265393603137809,-243.2949375090434,-32.37153329635351,-199.40098943843458,1.0
5584,-121.12017354150697,34.444524241206544,-406.80836875610976,487.1936275395607,6.241142953980831,-237.1206958333661,-34.0623534979058,-203.15819240034347,1.0
5585,-133.82399640913218,-392.3406096554758,345.2064628207372,413.251795882204,1.470164869831794,-244.45827267569848,-32.505008344123226,-196.1675527839603,1.0
5586,-146.38588656735584,14.045963917488024,-74.82903600755884,-229.97538374586907,-5.623282854557968,-238.4429880623546,-27.34738513695427,-173.14721071005022,1.0
5587,74.82837108155778,-525.0639144780489,108.12134850170185,-24.453120121601437,9.9808885271858,-249.90733992224926,-39.75942154758421,-211.2437256110801,1.0
5588,32.31177216418244,-540.6982065235882,-29.420032906297735,159.96503449179718,-21.74736948004337,-220.88859688684533,-23.02926012743587,-148.38340064564477,1.0
5589,-269.05217440718474,-145.6509839392748,-233.75927336678905,217.32950157677595,7.915891305622414,-244.72077115397465,-40.093557397238385,-206.78403977165198,1.0
5590,-296.2726023554849,-78.59039323785424,72.14790481402919,-1.00741715815027,5.585021426998249,-249.42017538172112,-30.665532349653052,-192.25791590758905,1.0
5591,-560.2714879445381,-39.42393246275753,-241.04326743659738,179.81469807880993,1.7885008365934467,-241.56024747425838,-42.355576276731895,-207.5979813503472,1.0
5592,343.3099914671883,-525.2867715325614,-282.07814957646013,353.73204957237016,-2.950102081746512,-251.84062508310362,-26.372689074264343,-185.7386946288934,1.0
5593,-419.8422846707964,186.4282894657028,169.66386431183292,520.5103358682942,-7.281830364196079,-239.86592735059682,-29.712620991986014,-185.75606442202653,1.0
5594,-167.3696548306141,-58.38091737823397,6.2833650361098,214.16524216686597,7.989030934060911,-241.62316382076412,-40.3352598997077,-201.62897130434092,1.0
5595,-396.0818367940401,-288.333031526797,68.19894014078697,-239.01335238898187,3.5657388737494333,-241.78126686343785,-35.63542943429241,-189.84267418642602,1.0
5596,-318.8118865580607,-414.66350639955334,443.2863512908952,470.2731217136075,12.391746300539788,-247.87256056103033,-40.55152838976845,-212.06975871732212,1.0
5597,-351.1476333459888,414.5128151411997,-2.340158770078271,-176.9750164112923,3.1375167561847412,-237.61956263832045,-34.441182146627234,-189.31660887811807,1.0
5598,170.7655014852022,-568.1722298043085,-107.54577216693365,327.66502608433075,-13.002203759804509,-237.94347474425365,-30.902588670771113,-173.49718434837953,1.0
5599,104.58763720423208,-535.9378216592518,204.65506674253638,-109.52894468934807,6.614897394841414,-245.94474246398403,-34.93983235599427,-207.54767316821278,1.0
5600,-108.83693809882904,-278.45232629943075,223.98157375187506,129.90306158613748,-5.100739136300227,-235.84628504666222,-30.346889866944156,-185.98964132948814,1.0
5601,102.93361099006333,-568.5959926879772,352.47819095544287,255.0516117431381,-6.384274949243581,-241.44687869829897,-28.845079731196254,-186.02375555898126,1.0
5602,-228.9432641348286,38.17490026337609,78.81959456331144,87.79879626669275,-5.328551615521553,-233.2981226231578,-28.517279014627647,-184.45605225340287,1.0
5603,-261.81052992385804,93.6802051636898,-563.3805152830982,153.41146039285817,16.44386308495961,-247.49419313833988,-38.881219890171394,-213.24078025029473,1.0
5604,-396.76350369303594,550.5869353307073,-611.539161751514,97.12475140602176,10.127570906630732,-244.8002398420222,-38.13864254246032,-211.0260809159913,1.0
5605,-104.6588727155557,32.392858828577346,157.73367591603167,347.80114530665634,8.36473931496985,-251.64530578421235,-32.486293463004145,-196.8197618961771,1.0
5606,-208.3078903429945,257.5641960527577,39.15157646133136,341.7360647407564,-0.025476958753051893,-239.87481574245777,-31.637651783573652,-188.91971863007902,1.0
5607,33.98309690754759,-411.3248425728008,53.31034389063372,86.8747801697791,6.626670904906516,-241.8513999977338,-36.47469934793822,-196.4727545061516,1.0
5608,-161.99615858267225,-39.95103322469551,-121.30164370400371,286.3395251852313,-1.3148023386824108,-237.61468772112937,-31.97208757656453,-183.44867140436193,1.0
5609,51.91831290841038,-47.05730532282158,-83.09514677813888,-7.60571301210009,3.338163853375704,-242.87815655932724,-33.71152125368404,-194.71056848995397,1.0
5610,-311.9253946267445,17.720306625552638,-1.2508430895470823,-151.18737177162257,0.9353658689211062,-245.0189960577095,-25.45244406967322,-192.12156276844945,1.0
5611,-97.70324017687494,-317.1166321993268,94.78996141753694,-48.524297238276624,4.033401889786251,-248.56009838960978,-34.11494388315676,-197.4162420328786,1.0
5612,-117.10000203180772,-97.45719194123032,-68.59975460062542,188.36449783994857,-5.4041995899855015,-243.13009561684825,-26.154399164137367,-175.64007926989922,1.0
5613,30.550118812030536,-670.3773431156192,40.09190570826809,364.99347028308193,-3.090564356732858,-248.23359496747656,-27.406720945645844,-187.01298227707184,1.0
5614,-246.701964306421,-194.1184191784674,168.79750363673065,100.31991181370405,13.539509634192823,-248.7326620095378,-42.66505515423587,-216.57342495411407,1.0
5615,223.84418102334203,-475.86869172182406,30.188704398674737,43.490623102654546,13.386858664927699,-252.32902203252272,-33.364388102004355,-211.0243358660223,1.0
5616,-85.39827532171884,-194.02950718999944,70.05900999545385,232.71022142373985,10.015365944488481,-250.0002953960567,-34.5914792177177,-200.05450821280186,1.0
5617,-240.8045898486529,-353.7675144154027,291.7947629751419,203.98776798590305,5.491505868500469,-239.24093785106805,-36.47971027374823,-199.17606764779316,1.0
5618,-214.7222872218095,-356.72103735799004,167.34940406030736,-154.81884743672074,1.5952742187451525,-241.77549138382875,-37.475065988926104,-194.023395377277,1.0
5619,-219.04530817791482,-247.10493017295687,358.3094893493208,644.4826111405387,3.2546750308378516,-247.8713317474544,-30.806236121244403,-190.3429312581736,1.0
5620,-204.69650802391737,-521.7288407182652,-89.63607935142012,372.93365131246736,-2.3236449307210902,-240.51729319518645,-28.8254736403292,-186.19968038661455,1.0
5621,62.001612112706006,-608.4624882183933,442.0755535727425,221.69371071288163,-3.3950830390411273,-240.94227963061587,-28.0900343169931,-179.85813315925128,1.0
5622,-98.51328345730457,-385.46721830511166,-486.67834706581397,545.8924817987736,-1.4596599088787374,-238.7315933654455,-30.927874429167602,-188.88989253908784,1.0
5623,-200.2321987871856,-257.73520951156354,136.9703750977651,192.33377021374994,-3.3893374549401756,-244.921818786261,-26.167104148184848,-171.38188862244854,1.0
5624,-162.9944560124891,-113.17905255591518,214.63570817827087,392.15114259020424,0.5282151076840874,-239.54065284527084,-35.51203241026963,-197.62382803918516,1.0
5625,-177.4375654411009,158.6846553934247,-271.9461102274243,75.76046182257919,9.489518682997245,-252.32113445766186,-37.24741640867189,-205.40625328240566,1.0
5626,41.61347483725315,-176.14992507267414,-391.7851990158897,339.60830544511185,7.454041712208702,-250.54694793448527,-34.816967667681794,-199.488567317154,1.0
5627,-36.68035229618805,-269.4059822326373,240.3486286848669,141.95014561544116,-11.092238394576109,-242.08395914754053,-23.193244323533087,-166.30603755784415,1.0
5628,-404.3509556502725,-126.74161202909443,-245.56619032534252,54.01407400092728,-10.867598808318343,-232.2367167374501,-29.826268603600525,-174.2635299439097,1.0
5629,-88.40058262436403,-124.5730983311608,201.83991481070143,340.2998770518882,1.8734129057468074,-250.6430671908176,-26.483822581721718,-182.63546332004748,1.0
5630,-80.78292157675517,85.79731254701466,-53.9537923873489,-163.83898602223854,10.024691461995053,-249.23419019653855,-36.49876172626141,-199.37686401795472,1.0
5631,-349.6775298134898,-97.93973597436417,281.8623357645708,175.93620770134785,-4.9125860409429025,-249.79052817979382,-25.682106299162292,-187.68306932143534,1.0
5632,-22.67466513422849,-579.8122235199054,352.2608614316306,262.4494380383298,7.740635597130742,-239.58799120286574,-42.85387464993452,-220.5726836704138,1.0
5633,-104.21551200735986,-513.8907266881455,-239.18920758216336,392.21235524315705,-0.7913996973204813,-241.64042243311962,-28.242106762662814,-174.4958108009399,1.0
5634,-215.86480341281978,-153.44354081981942,283.26175736761576,1.602405648810401,7.903411419618962,-245.88215801132964,-35.63157442602973,-186.48638945634423,1.0
5635,-255.8101974290068,-278.254149842308,-104.883975544221,170.2995226676704,-9.411200815145797,-237.7712383296433,-26.48779882946475,-176.085688181121,1.0
5636,-330.5244480801044,-225.6416279210327,310.6190442995619,430.08621878054083,-8.662557795792521,-242.8515229193531,-26.226327842013703,-185.68453599304974,1.0
5637,-32.505531323743455,-752.3883689303954,384.25850284045157,62.46864567249355,-3.8487367110597575,-241.43440019610105,-30.2878568609207,-179.89000240783338,1.0
5638,-277.689755045931,203.92249545482724,127.87243000286186,464.03710997349305,10.843377046555583,-258.4899333967155,-30.328865188933115,-195.02058602618578,1.0
5639,-18.107690622031726,-484.66054332530655,-542.5627834234991,340.7679725421098,-0.4141088372467403,-244.354148446453,-33.923754411815835,-182.86697387019956,1.0
5640,-192.6404244450999,-49.149552635903724,-33.329016499666665,-161.52285478374236,7.455302349081695,-249.54001395579886,-33.17578000285227,-193.71188378355427,1.0
5641,-285.829178820309,-529.4786578701753,485.82568670151056,447.45774215101727,-13.382365691597169,-232.82059286850728,-27.12324138193817,-177.09632309931536,1.0
5642,-408.912233289033,-23.116259495106938,161.72727588263518,346.50111038724185,-5.443049864928291,-233.83567003566768,-34.71366716041264,-197.867236254151,1.0
5643,-303.62014146426975,-488.43533332759216,444.50199258878376,454.4424549903514,13.845755104739148,-249.8372831879022,-41.91682265431317,-210.5518976277398,1.0
5644,-164.67599470608246,96.32947009670386,-509.9624682339903,183.25451458799574,-3.366711010258161,-241.0020307470976,-32.602008689944014,-174.01483497932645,1.0
5645,-269.67383972640266,-101.21385229666924,-345.58984014085263,17.343401389344848,10.297071324714723,-251.8003319017593,-30.61848801761922,-194.22531300784064,1.0
5646,-344.37760068754517,-0.8790232450691438,-249.95048637157558,155.87231415316813,-4.900508774538877,-251.16015168659706,-24.090669931629563,-174.50073394288648,1.0
5647,-309.2063494900863,-60.68429821726051,266.2887921085451,381.08291258823556,11.084179545279099,-251.8643642249668,-31.422949408885625,-202.07582441192054,1.0
5648,-46.26828132065175,-764.2710729567918,408.0777392513845,138.2714857062017,2.025919526806243,-252.65254728726566,-29.150087619411128,-190.21409541437745,1.0
5649,94.56269539444816,-592.9220868263288,186.91720881812444,130.98807873029918,-10.390406164522473,-236.33731794607368,-26.115711051111344,-177.89364873399953,1.0
5650,-47.51917316471437,-105.84192541541921,75.20160040944151,-57.93565372096783,1.0502039990003713,-238.06959979573935,-31.418443321293505,-190.3361007410628,1.0
5651,-254.78058325355795,5.852101967312362,132.19639158509426,303.8273517850197,-10.77181845738968,-234.79871323122723,-24.225314387441024,-174.36521108052187,1.0
5652,-437.8451808067239,-93.73147760272019,-159.47169392517156,305.49180092670724,8.554937277087264,-253.69016617814725,-37.790518838121095,-195.36011554320007,1.0
5653,-81.9786913423331,-497.06999998389074,273.3877980117951,103.80432457912745,2.9945645969038637,-254.27800091770433,-32.96992686080735,-181.93081286286957,1.0
5654,-149.99590336237972,-121.88970845934097,209.72300734276521,288.2397093246731,7.635565333224226,-244.6739252241718,-34.771205134802656,-198.2856433034647,1.0
5655,-153.91580527932805,172.5338852224524,-539.0670269460971,104.70886689532347,4.499600470946225,-248.93679961161163,-36.134775664495955,-194.13406648793782,1.0
5656,-220.60316830788676,-424.11347903648016,330.121549586051,249.13874306144038,-8.11839601582023,-239.291239374373,-20.98334520145208,-176.5812947371856,1.0
5657,-102.33867278630484,-4.436168147790975,111.51374473074631,207.74469750740928,9.656797706348272,-243.28532238209277,-37.61801732161726,-211.3355922409388,1.0
5658,-185.01551175751473,293.2089835841477,-65.63392580457355,162.2717774340814,22.846045746180728,-259.83162146519646,-42.42349892602897,-217.03536362176496,1.0
5659,-68.51873629456959,-558.0514420047857,322.6496747264215,82.71038601731853,-1.1832112291053245,-245.420079555234,-23.418301442378798,-183.64884596408422,1.0
5660,398.8240780020595,-534.8081330653014,4.169149682072271,-3.9987008096681986,-17.908160747051042,-246.19776062296117,-17.58297018678911,-170.41155385956563,1.0
5661,-306.04542005066037,119.08683253112838,-489.41711970770194,75.05327733789483,-7.889979443794989,-239.2070054830653,-26.787154837274763,-176.91618210270113,1.0
5662,2.859621867490869,-416.156599451238,130.59044011149626,-101.79778752221375,-2.5228832559364647,-240.81766126638252,-34.028213664604756,-187.456549174871,1.0
5663,-168.53781749751425,166.6170857433632,42.25694101614923,246.8349403746159,4.863275488119003,-239.6222892961822,-38.16294772648328,-205.67761120731953,1.0
5664,-430.69106153123863,311.07264173331265,-428.27351728500213,194.19028238088947,19.776356654397766,-262.8144404532438,-36.97045797046013,-214.37577261409012,1.0
5665,-96.88601075236278,42.44767125753741,-631.941895194519,412.55461822368125,-4.938103256713411,-234.6998967164145,-35.56496341907922,-186.96345831116165,1.0
5666,-352.7836160392323,83.80043831303756,134.91022165310088,433.94844489530976,1.763254198840348,-252.9081061789445,-31.119737341112874,-196.40204498248826,1.0
5667,14.989968228229422,-653.3386468346638,512.1677107601948,431.174031809257,12.179215091986755,-251.89257998920235,-40.80369110707269,-205.85571908857767,1.0
5668,-96.1872406556597,-159.14014020007687,-138.60836189977928,-8.022880624769236,0.24488189713396447,-244.66607104589443,-34.44109211697611,-191.54495326344195,1.0
5669,-209.54900426750166,-205.03388114684458,-176.7511709475142,164.27164745899344,-7.950514845156281,-237.7584467049966,-24.395935912668406,-168.2270569629618,1.0
5670,-168.03986504706577,7.328019717799372,0.16090337514429454,12.384226703679357,-4.800653527547558,-244.15088371362583,-31.134429809043752,-189.9874656371966,1.0
5671,-627.3673474579052,30.357798820303938,274.09879236149425,687.4436998487728,16.938147943923255,-253.3266682465919,-39.449372346237155,-206.06095685922955,1.0
5672,-206.7122721045051,-317.45611595209783,314.5326647630416,407.87460456109386,-0.35641320356373773,-239.49294354471448,-34.37441713463175,-190.51470270408714,1.0
5673,205.14206087304237,-528.4404733100406,137.9915809703766,329.3896654204046,-7.429484262897784,-239.15419239024996,-30.026283220210807,-192.2939425364196,1.0
5674,-1.6449707853444018,-186.47061263191264,57.94702842000379,-122.19910197905489,9.270581165098049,-256.1514872342979,-33.85756468541197,-205.66804414261438,1.0
5675,-282.06746704684906,-79.62482120291959,133.1689168867158,228.59597963459527,1.4855486604230885,-248.8173810676528,-26.459639007340076,-201.0123537067201,1.0
5676,45.447753725897535,-418.3279438284346,213.36507853985555,34.18825280727342,12.600794008731349,-254.00256425831802,-40.61028130551438,-206.27514808516258,1.0
5677,-644.2736276485414,221.58015288973755,-508.85641203432846,337.72921900911876,5.9050195385214765,-248.42216741996887,-35.46267466297794,-198.6860315239265,1.0
5678,-118.26010931760425,-221.8839875466216,132.57979351076204,-33.83088253070052,-13.380474640689469,-246.98024189330104,-15.714928402540917,-165.54499325602552,1.0
5679,-138.79803686334424,-249.0412547709242,-210.0114964151803,64.10944090204221,8.251090043645288,-250.08623762019062,-37.865798521899755,-208.56067077303123,1.0
5680,-72.70107835278296,-255.20704841069178,225.94979148364013,181.62546245971663,-12.684799566572819,-235.7509963491065,-28.597780522940194,-184.61104181044533,1.0
5681,-280.77406493558766,18.88244322972026,125.5261049698359,171.11223995638434,9.244336538172945,-247.05895330934547,-36.96880636677171,-197.38095079983228,1.0
5682,-9.104897455570038,-550.2016322946193,317.68739462669464,-0.8694267070539885,-2.551348737939265,-240.95481412381463,-26.02391173710683,-189.45655444804643,1.0
5683,-39.64914163889625,-289.761590281651,46.4320894924044,247.4806510263258,1.9221270924861162,-244.8823603717729,-30.766228602678463,-188.778227580419,1.0
5684,-266.20108110359354,-491.93754455531484,-198.58860141058074,273.77817735874635,2.954037971067466,-233.12483752658036,-38.48852645452414,-199.5215514472081,1.0
5685,-160.04168520618816,257.51273456404317,-12.166716405439427,129.7126708717046,3.3321658087075154,-245.02297616871383,-38.270914113334335,-195.55523421379795,1.0
5686,-313.72492190115696,56.983088414978276,-451.49681757857564,25.174766879079314,13.034631042448598,-252.31023136668514,-36.94665879862676,-206.29485943428577,1.0
5687,-99.76568267612801,-449.7453431084542,270.61215682899643,184.3913134357203,7.870073912066846,-257.8594166845057,-28.17637650883744,-195.50189397861362,1.0
5688,-283.9007142681446,125.44431015339268,-270.34026413396595,-121.67579806170576,1.5867382689621456,-240.96746637250442,-35.480186580106114,-188.58320500335944,1.0
5689,99.0374312345931,-144.57943529626056,-26.87773132393825,-107.03117029422691,-10.619551250020306,-234.97778605335662,-27.960101594957603,-165.30136478634347,1.0
5690,-330.62208530168846,276.79417684985,80.11058709410642,307.61162483481115,-5.385644647383755,-227.28834979920825,-33.51873960289592,-186.21185640494193,1.0
5691,28.490032570835176,-275.67098164237257,79.10641868911547,-76.43151327958151,-0.4150878528312214,-245.72826501623862,-30.580939165072735,-192.8917842729205,1.0
5692,-312.82128980226514,126.03620123072533,-2.488328357126268,153.16853563334783,7.553746475132916,-254.15614908265212,-35.18455303453122,-195.20578942702716,1.0
5693,-114.19995129083699,-133.31267925581398,125.1032276340498,19.66326539578236,0.638174731632615,-240.0516552989073,-37.61656949138934,-192.16381345940476,1.0
5694,-331.4453121586305,62.71802064036871,100.59745930308357,200.2584314149543,-1.734421827255788,-242.41071781944055,-30.3721285727486,-190.97050338661538,1.0
5695,-424.44879445116175,112.96102775886187,-478.35184953809085,152.82314706116358,0.5205584041403165,-239.79794561378696,-28.39199379338495,-186.69763510287038,1.0
5696,-180.4107032758369,-351.99700280457273,296.1033958083012,210.54408557883616,-1.2519551664760695,-245.73789510518395,-30.203206279853795,-194.97043564382327,1.0
5697,-215.51902745064075,-268.2013082411072,-122.9190450413024,262.9921792017071,-2.6428694948021265,-239.81716444982172,-30.82092704352542,-182.35381469194957,1.0
5698,-151.33425738569937,-15.625702071393931,-116.64232571147252,136.9485020767414,-1.0232521566801331,-241.52168049345468,-33.513049235582976,-189.21271090715683,1.0
5699,-392.4653404382684,249.9792010625528,149.3184108656727,461.39234700879496,7.456756041393297,-245.68897800419583,-34.4912198920708,-200.54594033203992,1.0
5700,-41.189320608467895,-857.3980387850515,456.7802350279283,43.74256685313942,-1.2490296978500157,-240.70465178138818,-29.669997629093704,-193.72384970579117,1.0
5701,-204.9835655019725,-58.302152250300956,-613.7937774998722,422.28103452061055,-1.6168793000355004,-238.48585005891715,-35.1530670188125,-189.85048087412875,1.0
5702,16.957704236748206,-221.29237894922403,103.03089658236021,-87.24603971910642,4.260983142544063,-249.52462966773658,-37.47159470232772,-191.89468062210977,1.0
5703,-63.73420512275669,-191.00249466080993,85.79944368629148,-82.73483287187608,2.2043058793065846,-241.24295938110865,-30.65381704051248,-192.63502725221082,1.0
5704,-569.9981963075128,187.99223180228535,-672.8376701671538,114.49982239358238,-11.659224790700902,-238.496913021604,-21.73808980605309,-160.55627235892047,1.0
5705,134.35751606015026,-306.503319191697,-206.70068388233074,217.9218596231795,-10.871861522365393,-222.14224012501836,-29.90492433988945,-186.75327937306855,1.0
5706,-27.276422766723684,-553.3399603279911,299.1187512488581,63.68353073121751,1.4005393442780154,-242.86358228353163,-37.377354591821906,-197.55431471156479,1.0
5707,-420.66737076051845,89.29027265918417,-182.86759754607388,299.5663447278122,-6.879615594291194,-233.43951583308342,-33.48152533255901,-184.81745035191983,1.0
5708,-83.36926783094951,-352.6862293602155,-76.72133716291913,622.5459926932324,-9.135671173852286,-239.27255581196135,-27.22910460656733,-184.25169547290508,1.0
5709,-24.26541428958602,-385.38140825917003,285.08864446244854,282.1615917202608,-0.31586926227012246,-247.17400881763095,-30.11994226601159,-179.00752398818412,1.0
5710,-505.86574060031955,130.6779477500311,-280.38896136132473,42.69963921589477,13.064729323549269,-247.52257908876453,-42.26196462640439,-218.50641446829303,1.0
5711,-55.312289588136366,65.33148709581802,-168.1451945362137,49.522126988307406,-5.678726862708658,-235.98766582760283,-28.189495526180266,-185.42831601041036,1.0
5712,-481.97011858670635,-156.47764896739477,359.58800771044736,467.25189575757395,-2.9504603832725342,-240.94935797391162,-30.114301391225784,-180.40104133947565,1.0
5713,-411.5317926135507,-204.62833543986383,344.6392243181079,517.524029667011,-1.3426575952072985,-248.80446614429096,-34.11470585258171,-184.94841551605552,1.0
5714,-136.96111439359635,-89.25479063208016,52.17861111152913,47.93184403443418,-3.298693034287801,-245.26313837628496,-27.7041212733659,-186.21951285924573,1.0
5715,6.26055922026032,-276.8532022990089,120.4680512528169,-91.79340080192007,-2.3697059064317822,-249.19923844417983,-30.47681418920992,-180.77123583991389,1.0
5716,-223.70178724354597,-327.2526490805356,-71.21338174520295,227.50181542717752,-17.327484821477125,-231.11513305647912,-21.29266030888563,-168.25253901626536,1.0
5717,-18.568943550362672,29.10435214491369,-312.3137899866622,136.81611618848132,0.3097196844911806,-244.7890474699114,-32.0992078411494,-189.02470315876042,1.0
5718,-334.0697614746713,-35.47090808954931,-191.63904878741957,30.965432231777168,7.698922886656746,-249.29379482836822,-38.44355696042503,-201.8739263720902,1.0
5719,-201.9271395439938,-167.57194549263068,162.87098732605068,155.34255801790493,11.197332050866185,-247.40007526600152,-40.30967433539813,-204.5409566925801,1.0
5720,-121.04447692010581,-440.3912436525575,56.44199963812011,194.66459708915488,11.787446742838153,-246.9855490029605,-42.15003554456774,-222.03465268834714,1.0
5721,-30.748978477699353,-13.702969118634023,-328.7606549134214,271.12095422532263,14.039788095142637,-238.34131242175727,-46.411502623574926,-214.16827127588516,1.0
5722,-98.6427453065386,-548.992493024596,-216.8498247565846,308.2590141607927,15.616891199741948,-237.23019317391518,-43.30429117974516,-219.4902117391931,1.0
5723,-162.99106151477753,-126.53209710537112,-101.14970585483522,13.454898027076778,1.9988169318549032,-245.81999132503952,-31.181444661806424,-190.07206179086802,1.0
5724,-140.45496332847196,155.2547843272018,-61.04899530206729,-7.140506980462247,3.255628831812262,-239.76036589723918,-38.76153297677857,-204.48739214807617,1.0
5725,-277.4892197497377,-122.47284793693302,-280.55326897575003,-266.2390648925101,4.323456985605155,-236.3462646984615,-36.69768040199179,-200.88462890432513,1.0
5726,-42.33698060473452,-720.7904852031925,69.35061447338514,188.7538315067071,-0.16340408921762872,-241.6192100808745,-38.47468648355136,-191.26910853478762,1.0
5727,-372.3616341650339,26.227860406480108,219.99115205203438,-99.02465773788474,1.6176176513253009,-244.8203486771601,-30.61769072109506,-184.470139866752,1.0
5728,101.16878771963927,-239.56846545271745,-369.14719220394045,477.51347230262076,-9.8389610153189,-242.76211159545983,-22.117748171376217,-178.20464603763438,1.0
5729,-164.882049453561,-474.6706987616826,334.7456861131465,153.5470488008094,5.705308962291635,-253.9750887065518,-28.6723850658078,-189.38910148046452,1.0
5730,155.9136497477096,-389.9238991355555,130.66093760311927,-42.70088579103537,-6.718783835297723,-245.7546848004684,-28.259506615045034,-179.1250588664695,1.0
5731,211.71891108765232,58.67919264843664,-162.78819551710774,-326.9452535114881,23.623630424041963,-255.91760246827693,-39.993292259003354,-219.13752057796535,1.0
5732,43.828576988374834,-1024.4837297813908,513.8494876669315,93.77245946384251,6.048745018111778,-238.96142923406836,-39.75345041252947,-200.69426590295734,1.0
5733,52.66028514201655,-823.7484331549376,522.7917315082202,278.9015346823231,6.111980313690255,-243.68370340744636,-38.57259855680237,-204.63016734802332,1.0
5734,-178.6923766234282,95.75352996677408,3.801975629490162,158.86698241683865,10.120015010697578,-247.2311688541807,-35.778597835480646,-205.14689914014411,1.0
5735,-324.14651928761253,-471.89455211822786,373.7518462019723,303.51894530887273,10.608372353643528,-245.82150066573095,-39.28662996390329,-199.52980043226762,1.0
5736,-9.956917483979533,-345.3680244776538,301.8581489667336,268.7641007115434,-28.526445937246596,-224.17285591322988,-22.02305903076352,-148.02280726786938,1.0
5737,-374.0523187737121,174.7873703057715,113.75557689070521,358.3864365279462,-1.2625229505233109,-247.6870559418396,-33.84760533445077,-187.1974372701637,1.0
5738,66.6562728442305,-244.66757359666752,-653.4016282344845,332.1930462302098,-5.894490549175052,-234.64339245648137,-35.66473993450889,-188.16782972472814,1.0
5739,-241.24305177716155,-176.09724092536084,-60.03458467009087,46.87496276503995,1.3731316588039761,-249.91450079079277,-29.709872367779738,-180.7594629133915,1.0
5740,2.835866071441573,-752.6207407863408,444.47636970323555,284.29446926058307,2.7952090837562773,-244.51475848106637,-30.30502770088508,-189.68982904531737,1.0
5741,-158.15155956930843,-494.17013133783223,37.2570386128795,108.74644322116839,-0.17095482788244087,-240.18074783133247,-37.85356289376827,-196.5379567411708,1.0
5742,-92.49634677893225,-219.293993412445,166.56667134219452,19.581885926959618,-4.308651669478105,-246.56707998502137,-25.677748054136597,-174.46565895541457,1.0
5743,-145.82074980627058,-284.89289270103086,-118.93819866958357,191.71584313798186,-0.8698788163385385,-236.99150261936578,-38.130847025828395,-198.2335134590513,1.0
5744,-292.53576370876414,-308.41616281891896,300.7949799971084,410.22544705771844,-0.07502832070192578,-237.94667597118908,-34.76422973015151,-199.0642785602457,1.0
5745,44.30782775370772,-791.8943193970487,399.9716310337213,121.3782730125554,-13.49906654589178,-231.3591821906974,-23.23084423096361,-168.09732846291317,1.0
5746,-156.2865165209941,-175.8618193090835,274.52865745750563,246.57349041764732,-4.015084703728806,-253.33042039170377,-29.66098832342081,-178.63713805614225,1.0
5747,-281.58827800508857,373.9965728018221,-162.4459278336911,31.080931400858127,-1.429728023296796,-241.1673781600109,-31.676036002191466,-186.02928565618635,1.0
5748,-17.837536310131075,-537.5228520135837,301.27490246639024,45.49296860226468,-3.21583838731529,-243.23735584259714,-27.64709011480971,-182.6400624485611,1.0
5749,-601.4068952935692,221.9115160463801,-246.70934081285,144.06620414725415,-17.00854911419505,-242.36720260112682,-19.160361570711103,-159.72472455979593,1.0
5750,-404.618956160553,288.0627866932532,-199.2280021811686,-88.55002257880625,-15.448484199353732,-234.5182335425529,-25.28225802791134,-174.12661209788718,1.0
5751,-346.5125878693924,-122.70163312912874,-122.78866950229519,372.8244583349771,10.409372736081572,-250.74580501870264,-34.42601104917083,-206.081502963125,1.0
5752,-5.340984594412168,-519.8895227786004,14.197361666341045,135.28786939453292,-19.079315539246934,-230.63406602346492,-24.015854108124394,-155.12600572729463,1.0
5753,-335.55967166405236,-162.40250678332723,364.0072793596092,612.1121881251305,-2.337864206933771,-244.61730883410146,-32.03085980764927,-191.8999226071221,1.0
5754,-244.3974632955709,83.97668589887397,21.739544645364294,82.01285192693808,-7.442492576987641,-238.6665631034265,-31.3008823389358,-181.01677700846065,1.0
5755,-292.4685648207361,-437.0323013021773,127.46925785696565,120.6210367894939,-4.627937836909386,-236.5185439872244,-27.854753013709427,-178.71602674219062,1.0
5756,172.52171604353416,-365.26583752261826,132.55691499802222,21.984650436721243,-2.2951271242076174,-246.7148350319727,-33.00798659237232,-191.10873190541312,1.0
5757,-239.82280636007295,-336.7339764792255,165.24296756694733,-19.41234557063918,-3.234229687516793,-238.6683138450994,-29.959403004499052,-187.5475295720641,1.0
5758,-475.8854610573209,-431.179910251417,23.213119290985862,82.95368811690778,-4.722924884554383,-241.7856451921185,-28.113624796017586,-171.16978458644948,1.0
5759,-586.6739550658258,109.03090552337078,-582.1960027169126,167.1184539082591,-8.908852906671143,-234.0425030117243,-25.64916983082751,-172.06507999144804,1.0
5760,-167.99472638261452,-625.7199150196294,203.58443743622692,3.3603440623239944,0.31013774037618,-233.79480808773536,-36.69028037288183,-198.8591413860054,1.0
5761,-198.87050050476523,-253.78170978042812,-53.16697135310313,-64.82270820812302,11.63804767700685,-251.33003659041273,-35.21641476389066,-200.08438737585803,1.0
5762,-220.5749540391855,269.5161372372468,-166.0536868690771,-80.44344510440622,-3.869187855887726,-241.22712424085495,-28.490161793077522,-184.9324784210308,1.0
5763,-187.84040288730895,-121.972966955708,88.38378717345438,38.44899778009625,-15.362454192729121,-231.55114984918126,-19.121096353299155,-153.7973132659091,1.0
5764,-264.4630322782372,-120.85632296542931,196.09913814408753,210.78907327126691,-16.432270394842053,-235.62524458938984,-20.109444084665295,-164.16767612406375,1.0
5765,-254.92383082405019,-53.56830679043183,239.35375691115084,492.95717738369495,7.454719462265121,-247.78642774613763,-38.08245608218547,-210.5117045841418,1.0
5766,-101.59853294916851,-198.53314227950477,-24.297231069563342,12.794207054650064,-7.046427701260173,-243.3283164860077,-34.12757457413299,-177.17562694763294,1.0
5767,-123.73046983371556,-117.09137478694538,145.2097020054445,122.73107387180295,-2.785191990942008,-242.79429423590176,-31.80246433848007,-184.04294868376635,1.0
5768,-93.67939035033376,322.51955272844833,-300.4223448537495,-389.4210764678944,-0.6152451777238848,-237.05801496443084,-29.46542361310181,-192.80527898033955,1.0
5769,-227.24027684061764,236.1096052943367,5.418099502350526,215.02309101851455,4.976716067892783,-247.0409324105231,-34.47131659652828,-191.02980190168986,1.0
5770,18.08604048343092,163.228335816809,-101.02432570201607,-157.39490104180044,19.663065416860206,-261.80458273643933,-41.56355596726838,-206.1522930723813,1.0
5771,-152.65630736695607,204.5930316969736,50.83690905696774,393.92923182013703,2.1802095989685784,-242.2895984729517,-34.3130957359463,-192.962209442426,1.0
5772,-91.79559626761076,-465.84478269446413,105.27447689708214,408.1170328537425,1.293645610847186,-251.98051212290736,-30.816209798465927,-190.7749349594105,1.0
5773,-121.1839756922219,-165.21266206522873,124.86184029075966,22.879203399180458,-5.236300126582404,-232.88562484916858,-36.33769165272387,-178.27167325886683,1.0
5774,-188.63893196961607,-197.58874992573445,189.6453712626768,199.71377938235784,7.010917244951433,-241.4043925238652,-39.78571009937019,-203.5901364719457,1.0
5775,53.03362401023235,-440.81986926525013,-273.74031454393787,146.81132963982202,4.308692492715084,-244.63907902311794,-29.33201152131138,-196.51369056336242,1.0
5776,-296.97537756633847,95.57098051826149,39.7096665580428,125.64196727546263,-6.944259221610458,-234.59914413132344,-25.754027027434756,-189.88227872807013,1.0
5777,-49.93632979044897,-473.5698262936415,304.64632020234694,102.19029444730872,-6.126704364540529,-238.75109653562237,-26.52673698433186,-174.19643569289855,1.0
5778,-50.521104566665564,-1.1699294826230666,156.00514948450785,317.8960828726247,9.321429384372353,-242.57730407691844,-39.03610311455386,-207.2087922893071,1.0
5779,-221.54886265639266,-14.476480548875115,140.6521909789201,136.3063731852399,2.4910276909203217,-248.9221272332524,-31.067063595219757,-189.58264190250898,1.0
5780,24.364208017729737,-646.2378750267922,247.22992710521586,-93.89479215140733,8.01483289063599,-258.71618656625697,-32.15126888985973,-200.94735095154948,1.0
5781,-425.350665183983,112.26122092877655,-165.78757808820728,21.81425202617582,1.1450994895375797,-250.5413518198983,-36.625637491452125,-197.3163484214445,1.0
5782,-204.36250843787494,-375.2542607080906,328.0461651362021,391.94612838338935,8.386295833700869,-251.3946105384403,-37.77781280671592,-198.7556226565876,1.0
5783,-80.8709457128471,-220.3349745753755,87.97594456697449,11.674819536100834,0.9757510864843414,-245.00611717475235,-31.796264051335427,-197.6327318770981,1.0
5784,-286.4439381385485,411.61893546258915,-72.65300971536229,184.16992294512292,3.869533584182299,-245.02435144121247,-34.91833087389656,-194.62091731164958,1.0
5785,-110.10699541464373,2.1709853676603608,-183.45227636893918,29.50217676204332,-8.001113162079259,-242.8123450204043,-25.794772891042296,-180.37643562989678,1.0
5786,-223.61925597359513,27.395951617232516,-678.4046600106399,402.5730879472638,-1.4528354565339083,-236.70593286889454,-35.00141561453894,-193.2666253545472,1.0
5787,-25.304023774309027,-96.42218107270905,58.70732104697098,-91.83818334949648,-9.878996254436899,-245.7841968523571,-22.12382103265078,-171.0195032141476,1.0
5788,-194.54198614254668,-279.6468485079706,279.94366750791323,280.4969023309092,-3.682716223896506,-231.3535047868835,-30.9616723714785,-194.25612012779757,1.0
5789,-504.42856151790363,-228.24782788759822,53.90952224314156,160.83026905722735,5.292494102363424,-245.10068901895104,-28.140423549634306,-183.51111887482344,1.0
5790,-71.81774444788368,-94.71978430215098,88.5275539202982,4.294013444611999,-16.36941709618697,-230.51228959819588,-26.125285493668798,-164.80669382076354,1.0
5791,-452.80364372071045,-255.64384158125816,-255.04133579223512,61.78173442484531,6.665189456764772,-246.35141359258574,-30.67413193945608,-196.38369344936476,1.0
5792,-300.16974674048686,-41.55273779983191,202.87739796135713,468.99791989035543,-0.7162458266692917,-239.06611419114083,-37.855774316141336,-191.45589253218938,1.0
5793,-93.1386274508506,-425.24438030593694,283.9690638449129,80.06037449813915,-7.413152182747121,-241.9984693468034,-27.17236527613688,-178.58412174771505,1.0
5794,-183.22468744204252,-300.3187098249261,290.05138824500307,-35.55565018313307,-4.094035084348148,-240.88674565523158,-24.30386009853154,-181.44426549997945,1.0
5795,40.459743086861664,-145.18640222816148,44.50769065741251,-113.295084796659,7.405129733162174,-237.3826179788178,-41.74029504299345,-206.10765899163445,1.0
5796,-276.8681015511302,159.38416020593203,-68.59326665766963,-61.84183484806178,-4.875035247935047,-246.09037125660257,-23.350863488395262,-176.97050241734576,1.0
5797,-72.45080156523154,-439.79392958077364,332.69157937663977,203.22884658632995,-3.879899781190093,-231.02305525586954,-30.33740216769728,-189.03072968505566,1.0
5798,-51.53008698671404,-147.17658225666375,-81.171110505952,210.19177488469114,10.241121258859868,-251.34138116063815,-37.90834905287467,-209.3568562367301,1.0
5799,78.5688272161729,-447.3950441631958,93.33604940419255,-127.40898823441991,1.3727488687531673,-245.76170302303632,-33.0732043972091,-195.7694430664805,1.0
5800,-16.167692873333593,-249.72726696655698,105.50152563679138,-212.18942513219633,10.805997230084936,-254.5880572091271,-34.202508780543496,-211.02435653656568,1.0
5801,-233.28230972347112,155.41862522204957,-231.10311151951754,86.04672039942947,-6.315429975757745,-240.9729196755993,-28.04858019541252,-173.59506026063178,1.0
5802,-280.69798453437426,280.89159494841084,-330.5177153651322,106.14373471016978,10.374240032769007,-244.41989091463577,-36.88885872074188,-197.2632451687119,1.0
5803,-141.90461153589771,-611.5009461187162,418.5583475864842,554.5552080057481,-0.9945581462474644,-246.97221963824066,-34.25827163892504,-192.14501585959175,1.0
5804,-140.58590912816538,-218.60111519572905,200.5489450470596,140.00778340608971,-3.825783825319193,-248.993927774545,-28.449637781318472,-175.7834677744886,1.0
5805,7.184160810502194,24.4026335720277,-42.31990250311617,142.02966442778805,10.763456802853627,-244.34441148960363,-37.44172710197075,-215.3028458099983,1.0
5806,-266.6251510967659,-416.71349948546543,355.6157416694388,306.4505123861567,11.295868510674165,-239.75536728058373,-45.87043934263636,-220.06882591964035,1.0
5807,-72.03680430517704,-64.77233127239239,-4.5516188140562575,-276.16537024170566,-27.27336097660583,-222.70780955260847,-21.784362215746796,-145.19923062707642,1.0
5808,-105.83265649362146,-241.45531722924397,152.8762735859637,176.81481472907694,8.373257944940445,-246.3678893473256,-36.89197418981128,-198.5390268875414,1.0
5809,272.91810110108446,-696.3612302049416,-152.64132649626575,183.69548176904078,-18.130226134813906,-234.82745065131795,-17.014954416909553,-159.69910786231767,1.0
5810,-71.04711508937652,-160.7653723485509,-148.6988462971349,-29.147049352632525,-10.811907224707111,-232.11047334598607,-28.449701265756016,-170.78257227732848,1.0
5811,-207.1747987091084,-146.56066470127348,99.82770861069588,-132.45536024822272,-2.2579088718268907,-244.70138651060262,-31.637484448122752,-179.7180296940784,1.0
5812,-446.4099935254994,73.1698835603626,244.77305987399677,518.7933935938518,1.1386299354127318,-235.8853812167362,-35.96978999671889,-195.51577274577897,1.0
5813,-303.8583087681505,58.12861320900908,-462.48977027403697,-38.03338285827955,13.752434649460652,-239.90114699700507,-49.41480073167716,-224.0107972649471,1.0
5814,-34.31878985016987,-131.73744522397942,-185.51073275786337,-120.54844845719659,12.443377925158558,-250.6094441989568,-37.24576490937048,-205.96154431884392,1.0
5815,-178.16028750905994,-344.7263866609389,-57.679217168043095,367.26601185172257,6.944465675329317,-249.99594624198477,-27.62301610760245,-207.03891997705156,1.0
5816,-296.2749396508474,-359.41481944124945,447.19775350064754,495.8636675491577,-7.353442303960987,-238.661447281885,-32.140656552229935,-188.0196578354875,1.0
5817,-50.96884498900951,-685.8118292266539,296.13228066618166,2.354720901022378,1.1041070682732228,-242.40432096186547,-29.91752695741752,-191.66232950681712,1.0
5818,-8.172410463814783,-229.2540226161413,176.65022147473994,81.96130339088056,-5.309100232098295,-241.67434772502213,-27.998783428482962,-192.43013635539572,1.0
5819,35.61999212675913,-306.9448140461573,232.9016333306611,-197.6700179319028,14.399457113054218,-257.52288571051037,-36.38648348893796,-201.3935763096564,1.0
5820,91.955899683406,-87.75417258403931,-245.31902824106737,322.10575831808785,-8.211837521525032,-242.43673141342052,-26.521090893774822,-172.43718444533997,1.0
5821,25.93853281152514,-378.1659807499201,-138.16638646761623,315.85986042489947,8.950677892850793,-249.20260517675587,-33.39077470517347,-203.8530818002434,1.0
5822,-253.24998096083542,-59.785324515237726,275.6759005867086,567.0621297874277,-10.218789869563963,-238.19993795347068,-26.890033969041404,-169.70800384086021,1.0
5823,-394.42959991527846,823.7035476720289,-224.84245812314566,248.61391818191478,-8.159485693104479,-233.30970473333568,-31.752851846033963,-184.93611341850124,1.0
5824,-227.73369674654455,57.89202045406703,-169.80202431191563,133.1883795021488,11.063542599740188,-241.49469692642145,-33.59038506095478,-209.9843737145629,1.0
5825,-392.01573247186036,-143.22071525414023,-48.06788442033027,198.4109808738944,5.318117808517903,-245.2854810068249,-36.89349365624842,-195.8593561671325,1.0
5826,1.2476695477610988,-407.3288188660475,-260.1864733608745,447.0663933083893,2.9959979073832534,-240.20686538413273,-38.216087684957564,-195.76668151844433,1.0
5827,-236.3969129834814,36.69242787099638,134.20810836460944,258.6762975050819,-3.225427845446732,-246.35298807651074,-29.312248907305303,-181.89074293578275,1.0
5828,-280.0455069302488,-233.06716615680702,216.883486988675,271.0178823110117,8.706159232998266,-253.65633876476303,-33.32442438910335,-189.86920070850732,1.0
5829,-182.98229985989022,-391.9398712488048,342.9426083142519,351.5941441656984,-2.3433835328792134,-237.7617447112655,-32.27283789843326,-190.82671684102246,1.0
5830,142.53877680402803,-0.020622484682975006,-127.57786852676465,34.631085005511906,3.1675001626116384,-229.3242427446181,-42.328368207536144,-204.62825173857078,1.0
5831,-54.843078171364134,-5.3113740245994245,-250.54899167840406,14.473155381786796,-10.469816610509335,-232.50891186805075,-24.344776643955026,-163.66624966105474,1.0
5832,51.71055080082305,-537.9173577446155,260.05008501650036,91.39277852887558,10.134093576928125,-254.50737415505802,-40.54103475099888,-193.7447647605204,1.0
5833,-230.2575503803637,-183.26929055422488,165.89302462675317,147.87632078360357,0.8998845910570468,-238.42273447462424,-33.15126212263156,-201.21667048888187,1.0
5834,-330.3542110658387,-257.86886186462124,-185.16214815774185,405.3362886075154,10.032935782139537,-247.77226501408717,-38.57520589270058,-202.51952929060786,1.0
5835,-334.6654282464023,-72.83963146649455,138.9263846784833,143.29557019122348,1.6723412865419092,-241.0787090439458,-31.343424081885853,-193.54371911893367,1.0
5836,124.07510945377767,-594.6497287184568,57.346018504025764,163.98749964524114,21.983647303003217,-247.48107306977644,-45.50697722763293,-223.57195875286905,1.0
5837,-250.06265567081076,-439.10167224986765,328.2510898465573,311.91950106155,-0.16177303732588033,-243.06996603047733,-32.163332501571595,-191.2623401036679,1.0
5838,-190.98010961966793,22.941043441620312,180.70245635981848,401.5611742578885,11.39105660333832,-241.66880219461697,-40.11157484658949,-216.80270625894744,1.0
5839,-682.3679497698657,-6.826301523942235,-264.7129203683346,225.84334675341475,-7.474027422312044,-241.3581799407898,-24.092832242683535,-172.12838717420527,1.0
5840,138.72309757118566,-324.1960695580943,-126.60808825818775,158.16677846510945,1.9268926056809315,-240.47640269434163,-28.535091911968077,-185.15764969426263,1.0
5841,-168.27566331426317,-44.34238681800649,-588.2749031124279,203.39521469811365,0.07519232618620508,-247.4698966378818,-30.408765711161852,-198.12077751654923,1.0
5842,85.77938020604901,-343.95855402570606,-266.082308701251,705.8029745877456,0.0737206827098843,-251.68889611246146,-32.39244691689636,-176.1814507841493,1.0
5843,-179.57142466868962,108.51866812521047,44.374917205835594,76.17562991183249,3.1996379702035247,-243.45553789708447,-35.6231900939233,-199.62929730158638,1.0
5844,-237.19460017128188,-25.715258431213183,-392.4738619776892,163.14311798999123,5.605361654898311,-249.47664610492455,-31.549592964262267,-191.8039782675808,1.0
5845,120.81249047374305,-166.18884703706942,32.72087979659375,-135.85611289516518,-9.41049524785973,-234.51203554300128,-32.36282632686424,-180.71033000738467,1.0
5846,-235.4153630379346,-282.8972898808958,284.753262300688,262.31489116296336,1.7097345287832704,-245.66561219084224,-29.457001529231725,-201.4611113357538,1.0
5847,11.643100140918072,-423.2380662093332,-544.5793465569709,318.45968122068217,9.328446232980781,-242.9665634430505,-37.43604648411858,-200.4742773251432,1.0
5848,-37.51372517382339,-707.9335986885706,359.32093765695186,136.5263582170241,11.170412567039204,-249.2661660952842,-38.7543568188246,-202.51207260113875,1.0
5849,-273.71530503016197,32.187583767857795,160.3835325935752,462.96756133570193,7.4834615667131965,-248.83784840295982,-37.60624328566869,-195.53762891517943,1.0
5850,-169.78302245190093,188.74087861556333,-89.17444573310726,-13.311557448315448,-1.911073111154618,-246.8445241747421,-28.394677812000083,-188.85858883909606,1.0
5851,-16.22819392241155,-581.0465573646007,252.73288258015768,-88.34026379228396,-1.1756956074559008,-242.08323229825993,-30.148778195031603,-184.77762478748184,1.0
5852,-488.3451217167729,250.19891298032078,16.9592715414961,248.89723931166495,8.340272752083733,-236.97843937233563,-37.932841650494865,-217.94565844947644,1.0
5853,-7.915080968291699,-309.6600418913084,218.0550863474621,121.5818920689316,-2.192919763454624,-234.6285663444924,-30.326764104921807,-194.92961771479156,1.0
5854,78.68456596598348,-111.1592283881834,-22.105647526465823,-290.66387103051716,10.352809413060976,-245.57735237963698,-40.22391038603543,-199.734583102151,1.0
5855,122.02873451617991,-619.2119861120328,209.3241410162543,-177.30330034828447,-6.557080828150844,-240.43211671143018,-29.672828899197064,-177.52256526129182,1.0
5856,235.78789519418925,-130.71225920724737,144.37343800622818,-207.86397312730887,-0.31929788714992013,-250.5341236047506,-32.330724608392615,-185.3442022120334,1.0
5857,76.30906846728855,-319.6671627960679,-152.06358416290482,412.57728433085606,5.884015205296032,-249.29974019599757,-35.85144132509146,-192.6469605632366,1.0
5858,80.89205208668608,-282.10588851102216,16.725199025276495,-235.91493563633327,7.382083342415141,-250.23439887885155,-28.80746423722833,-188.11908315618393,1.0
5859,16.966088234404218,212.11580642525553,-117.84912564425835,156.7555126993625,-0.733900725427254,-240.16757864006507,-33.61973799101484,-195.25670344253288,1.0
5860,142.42411444197649,-531.5713961270817,87.19002685300681,285.07397837541595,-8.332348727362374,-241.75000602290416,-29.436693572157235,-176.54839194809477,1.0
5861,-154.64295793547856,-426.05271539421636,266.3007894056202,229.2953453606491,9.01422489342353,-239.02179009149327,-37.50254475802192,-198.5157454733232,1.0
5862,-422.5966125991407,562.1325126854261,-100.50836181064477,380.47929671790024,3.566887830302876,-252.6641553397334,-31.46949059986671,-196.15976915611634,1.0
5863,-200.67904093523455,124.04605095600574,35.57053383914857,74.8056162828957,1.1521613343254928,-242.70139586487426,-28.269378064321472,-188.726669720866,1.0
5864,-214.55071967311827,-481.50426468242733,310.54816810343834,210.30271774895004,-0.12290909906809788,-234.59808104910775,-33.44939595260697,-206.61352419327017,1.0
5865,-433.6633582026579,-103.07681519979539,-551.9503039816553,126.9385901721925,-14.160919176647319,-230.1805188214085,-20.55700190478862,-166.52829853181342,1.0
5866,166.10023323197964,-172.6572459746718,-485.05321873505807,263.4844763737808,3.568000404660772,-248.58743825870246,-31.817290566344322,-199.4077527661359,1.0
5867,-323.3413773093894,-0.13110411687500267,-111.01936286530159,215.09561237646642,5.651356605722509,-241.58719627604506,-35.38251746236861,-199.15871283091371,1.0
5868,-141.56647045155896,-621.8523925050766,288.6926126801917,90.25967783173878,2.6634925165108165,-238.81242501108105,-35.33540467035266,-200.113150179257,1.0
5869,-330.9733041256992,14.882436258214549,97.77975982319593,164.40371644642315,-19.13832209939696,-221.25595494012973,-25.656401474307984,-174.05966349374873,1.0
5870,-86.0560545478928,-53.84351875889555,116.79652451537126,-124.01257228648271,2.557699327063907,-246.5271568034331,-32.45778757705418,-196.8251790093742,1.0
5871,-299.86329991702235,139.86706706934234,-436.38040262740594,116.5068862937811,-9.425139599199074,-244.01748281853855,-20.25700364745051,-171.79643397645822,1.0
5872,128.82732897760482,-522.9121148904986,202.57257860915874,-54.762240430721,-2.3499046990361383,-239.18724244531444,-32.726826172831764,-187.7005739805505,1.0
5873,-310.7049596396529,-418.75941697967096,26.750791088180325,165.04970577217472,-7.987734205912123,-241.74090649719372,-22.99374044717019,-170.4878956120134,1.0
5874,-106.37599424626865,-264.53469769547564,228.1921272524457,203.47582313929738,-14.747082781413306,-229.86906760962964,-26.71684391374023,-169.50972408764983,1.0
5875,-435.65595391351576,336.0185546528266,-750.1490087843488,-166.2528169166588,1.3457876713515928,-246.21207520771137,-29.906683702706882,-188.39584579005094,1.0
5876,-24.04036925159696,-291.63405104110865,229.69052184934847,183.69042425858757,3.341810755378804,-244.5235180027708,-42.0055425469514,-197.24979259847174,1.0
5877,221.61947527330526,-313.69959020560617,253.67394198283245,178.42728990855875,-1.0536091913902799,-242.50655850917533,-31.489690278980586,-194.44132830759239,1.0
5878,-45.89017287539829,-397.43793885715434,-153.72513547138306,152.63793682804788,-2.0649385884442872,-246.29475137880937,-26.56620861518821,-176.69950665863513,1.0
5879,145.1690343009644,-373.79297906870227,-121.35028328871375,236.4553346296587,12.081021840649877,-250.34785061122687,-33.10608684369094,-200.68646753599793,1.0
5880,241.0679092348316,-474.66558776897915,142.57469385978408,-163.0354806301802,-4.598687363250368,-235.9120760770975,-31.980171172891442,-187.21780965214754,1.0
5881,238.13210785306617,-951.0169909722041,398.8078445479981,-94.96014610190677,-2.68323640681116,-249.0726978325693,-27.561331283682108,-172.49020764901755,1.0
5882,-388.5722612125088,208.652355458923,38.77649753938681,153.59720149467563,12.508393624892014,-250.24695452914222,-37.120179257860215,-209.82007688818828,1.0
5883,-393.55150709054413,356.91751428376307,-369.11287724701344,85.70781896256936,-1.3099212067994643,-232.45766447027808,-34.524153307681104,-195.16348218075217,1.0
5884,-525.1796677807681,-177.47214747159816,-203.52502571791064,155.12665723607768,11.803373019211827,-249.2221622772224,-34.16051864898162,-207.307236415454,1.0
5885,-447.7224542606553,335.5911789971073,-643.997367103809,-269.7318723968025,6.509912056926646,-245.223118319411,-34.27298053427896,-213.1446572918045,1.0
5886,-93.37918655259895,-278.6184353660395,188.22269273440955,31.643363649464984,-1.5873252072260358,-243.96458495326095,-29.73309714717009,-188.1797395365232,1.0
5887,-414.11889294605453,331.81295766551756,40.47745853543907,449.96972365172263,6.895623100607078,-252.41736921805906,-34.84437592753678,-203.620645754425,1.0
5888,13.198800970577484,-651.6633837255531,221.79720414819522,505.6191196063237,0.039239750901049364,-240.1808864465284,-30.192435500977997,-184.0551197786205,1.0
5889,-192.5666962633587,-255.55146466910585,85.41379128200349,-46.413389840574304,2.6368255819216655,-248.26174794932643,-34.526345966173956,-196.20527326234134,1.0
5890,19.051905335877372,-237.05533831752476,164.41704571211534,100.53265630428001,1.5630527224297348,-239.2675253202963,-29.217412059842815,-193.1786035907014,1.0
5891,-19.395735098584588,-297.63402086295184,-285.06172333892994,377.93855187237347,-12.142523066230403,-250.7667843902073,-21.522626277757702,-171.70601902473896,1.0
5892,-351.6665441788741,-69.98547664449187,-56.52875748180399,-65.50929336788505,7.60147180593292,-240.07205346872863,-33.437556466797155,-201.06025359170204,1.0
5893,-424.38869955673135,227.43961451352553,-427.0681230991799,415.24365523883057,6.880657147581539,-253.8586640693044,-32.43731838796561,-205.11997439594757,1.0
5894,-430.7939966934694,446.634965736232,-441.40453907945243,7.281079654348388,-1.3088451817770532,-229.54899253007463,-38.392596592021654,-188.64096075846592,1.0
5895,-314.97128590109077,-551.7339317838602,-234.1326460687792,255.62872062822217,5.199475745299291,-236.8439718900769,-35.47677195346436,-208.04871583322281,1.0
5896,-270.2116405711009,40.21190038981284,160.79872846844998,395.38876609004234,2.7193341260630737,-240.53793803684772,-36.17487328086309,-188.40364934256536,1.0
5897,-336.4849617462105,-948.3232815224502,714.5650912036186,607.1885484036354,1.1339337813278556,-246.47435027650732,-28.91752107358911,-192.60426064887412,1.0
5898,-261.9740320260406,-196.69692172200484,87.17973896256652,-50.75838096510496,-3.040075621052379,-244.249782292785,-29.927447066258384,-180.35450242226955,1.0
5899,-382.17095496573137,158.87185912088233,169.29904218416308,421.6654522892142,2.2580791526934645,-234.5622219749539,-41.36535079073749,-204.57557921142853,1.0
5900,-172.0406175475738,99.0450818222854,-46.1863307416694,19.727007882670012,-5.809119035378367,-240.28059781143645,-32.439316144933635,-175.8841210902359,1.0
5901,-157.4704988432376,20.84300192554278,128.53418048678847,291.04284390608586,1.2577425611217488,-240.94144935254295,-37.002817100706174,-197.8241491989677,1.0
5902,-368.6092358552688,75.10327055807906,-238.73664942899518,-51.455785515643356,13.91536005865969,-252.3326163840796,-43.893819882926365,-210.8497190447412,1.0
5903,-102.2657451494764,-226.9742733536771,-187.16886267584036,101.51462633404967,10.356511722451307,-249.16048388683606,-37.01568032601298,-204.85608718571945,1.0
5904,-402.5220374998813,-314.74160527102885,382.01681171686,476.4386453618048,-6.257319396041579,-239.95562353198338,-34.903516533323895,-190.47662664082017,1.0
5905,-575.4009271803716,521.0475975505284,-37.53265465582061,417.55264958131113,-8.428954475603321,-241.49909970948295,-29.191536400463658,-183.69234810378896,1.0
5906,-219.5828350987439,116.54382863733042,-648.1728152576023,333.77877571891736,1.643793081967443,-240.97732586170775,-36.241395834854124,-195.36440187424157,1.0
5907,12.383546323068773,37.43905492919202,-123.72504020244892,-142.288096397915,3.8844459167426724,-247.21212332548623,-32.93727147135178,-198.7265078721828,1.0
5908,281.81291485529783,-731.1591584152887,285.1857787971923,-102.58641611918277,-3.868377890454184,-243.7545158384273,-32.12437008001012,-187.315777318216,1.0
5909,52.49365296899424,252.1707036861518,-186.1224500360337,176.33766695251632,1.5388422098310113,-237.59519304246166,-33.663427911997665,-185.7948109540325,1.0
5910,231.0279389801961,-387.6397649627863,-80.0380334122646,360.3142772445103,0.09625526480912727,-247.07308317844434,-34.142467114219286,-190.94105588428377,1.0
5911,91.73207290688245,-324.87367998815444,76.92993678251491,239.3890956314899,5.007664568828858,-249.49089026579375,-28.131443788962095,-194.4505611641727,1.0
5912,-132.4977780538775,-441.5475708309398,316.22810285753627,205.905245135059,1.0023689461768188,-250.0180379503332,-27.15973121139859,-180.73180843019074,1.0
5913,6.77880465266405,-462.3543629257352,277.4231434682258,29.30686673420584,6.93371511104833,-243.80174395849446,-37.72993027392799,-199.5373073444201,1.0
5914,-132.41484426034035,348.72742763259066,-606.1731012147053,99.884717084878,5.802526096302993,-247.94338962292747,-31.387428624809576,-196.3811828595474,1.0
5915,-53.67766581407736,-285.40190595619276,174.71733699535724,-54.05007252944962,10.026104340961826,-254.92427560764878,-34.582442452906854,-208.15696966057206,1.0
5916,-232.08716028539476,112.31793646740265,-170.97906295197356,299.4388698551638,18.958548363069664,-254.34460188012622,-38.59678896221822,-214.24529900324092,1.0
5917,12.404817339672336,-133.21978052375187,85.15962733839889,-61.89999247484006,-3.227192816116138,-239.08681198384036,-29.334810997844798,-183.51498532464618,1.0
5918,82.49707398699839,-150.20096784150752,26.209075032225293,-109.36732979358919,-13.155824025824698,-245.19384893731575,-20.831238949147846,-161.5311484788092,1.0
5919,10.296996358036692,-645.0338231983131,404.76822293575856,252.29748233735378,-1.354120168417761,-240.50856329912375,-29.894255536888327,-184.34431614806792,1.0
5920,-335.99071088909426,492.615013026756,-44.23551274875792,374.5175943477034,8.16361594609423,-245.72928879826642,-39.01450920320756,-204.21525399776488,1.0
5921,-196.51902687850938,-84.09686261660816,107.84476536384422,157.04865332973858,20.135827396228734,-257.6256874227589,-36.797199933958495,-217.4168634862159,1.0
5922,-406.1900746672645,179.5119415056356,62.71100470672635,369.87298672811335,10.248408974923485,-245.29244211186148,-42.912320813446954,-208.49967801419717,1.0
5923,-30.14398534973537,-199.59996137785697,-126.77804656297323,269.58698908148244,4.74792345483853,-243.2521820677505,-39.308070984078654,-197.92084097767196,1.0
5924,-273.4173862441321,71.74107998923027,86.28215655739858,219.31187437064722,-6.379445792011185,-247.33972787747825,-27.921356037408458,-177.2679515254798,1.0
5925,135.504442692389,-385.7834114462464,269.58872147818226,-102.72013544936307,3.512376601018064,-243.34511680209445,-31.163064685555835,-185.54535131803647,1.0
5926,430.96302401259356,-346.4434309339278,243.6762920080462,86.47724916672387,6.8932911838509705,-247.57148658558853,-32.89907878879463,-193.7284218290992,1.0
5927,-359.1889528492609,-164.08879983827546,-205.63691048683862,232.94751759675637,1.4569078389685965,-248.83485749762096,-31.972355908915187,-184.5559451965759,1.0
5928,-191.81154298723837,-169.83901386835737,91.47004548835352,-28.54839269549636,-2.337385030142664,-247.12886716334685,-27.35086319767056,-195.89573098802853,1.0
5929,-293.6034950826226,2.5009837700461057,110.70194860110378,240.1617344717451,-0.9662079890474127,-240.17883581926412,-31.6928074027737,-184.82997320697382,1.0
5930,-344.39687696194346,232.46862837304016,-377.0513129645619,156.07390187480368,-4.138442170532997,-240.1212332107687,-32.797759912249084,-187.52452288346657,1.0
5931,-131.5205495891689,44.180296968692325,18.866610736493563,18.34830595997672,8.585295894681716,-250.33575199076705,-29.778722235992447,-199.41698722005086,1.0
5932,30.869789861408805,-517.9932433495222,250.30387249591516,14.52398925048115,2.6217725731541366,-243.38831144077145,-27.97124777987958,-189.18768275090727,1.0
5933,-204.10267446839052,-417.32253167315383,340.33154368653345,160.36766061872794,15.718903776719443,-257.1585812030474,-41.53826580327523,-210.2866096635976,1.0
5934,97.62111928547358,-418.3269152630299,-16.216336997192027,174.76796345262673,-2.0522472575119326,-255.04281378449463,-21.55318764214843,-175.84394966085745,1.0
5935,-444.08461738207467,653.6421467289836,-492.50150912854804,116.48814175566228,-5.173734506306099,-240.99014205544717,-26.982882254630084,-185.92692776669455,1.0
5936,-56.652416222538825,-527.1170787833753,305.81016923209114,53.56287361897296,0.6645975543985285,-242.23902038686828,-33.97657950960352,-198.10030042992275,1.0
5937,-362.0939055690114,-111.84236223866293,296.66950340569565,443.9137551679574,8.121258959167381,-252.36904761448986,-33.52431595806157,-197.05938879593285,1.0
5938,-35.414375793133914,-400.0827733526022,261.8637551610707,160.16897283830346,-4.933612957086996,-237.70367318965074,-33.27322706097223,-182.24451969241863,1.0
5939,-76.38532600666605,65.03155720769205,-584.4544289560187,10.543159796600765,1.7140891427722416,-242.8817981739292,-35.771936809150034,-189.9073032293457,1.0
5940,-111.85612552177673,-2.1195464303405576,-66.61561693932639,69.75313290737387,0.647511701085284,-247.40140461819627,-31.401269276727778,-188.9519641109914,1.0
5941,-184.3143848334923,-235.71355748941292,115.00882187197597,-86.27472534424373,3.5266505373944512,-251.26211100714414,-29.058767305319513,-191.0524621780845,1.0
5942,-353.2153026892991,-336.7399444705187,523.8390422669395,817.9187073328343,11.7107880481423,-250.53307240982497,-38.4588108264534,-200.8001092266051,1.0
5943,-402.6425635227427,323.31987942266403,-756.1470597339614,180.98289106860938,2.873461742132106,-243.44615526283383,-31.225523816818814,-188.64328941849405,1.0
5944,-327.6471131880303,591.513380886094,-138.04414560447026,191.2748600515804,2.82118655963583,-245.02014517827865,-29.388938345076845,-191.52609500615324,1.0
5945,-298.2990814665063,23.48803145363647,160.30656716474695,277.46720746932743,-4.780577043823829,-238.77213416364202,-32.585784128738375,-183.1072629303757,1.0
5946,-82.14897682272961,226.55666415405992,-147.5215710411014,-78.5955104692201,-1.2026844754309973,-240.92820252484248,-34.937685470370496,-188.06615353891203,1.0
5947,-302.4018679698069,-168.53331221409755,258.92318064614255,354.5283473336686,-4.253155784707722,-234.42505065975544,-28.997968667628687,-191.10149511049752,1.0
5948,-296.49890729710353,-117.94388452319878,178.6008054490321,234.4470704272287,-13.878492089390475,-233.05839923047355,-22.98641114016211,-174.51666764007294,1.0
5949,-170.33939147484242,-613.7746322448303,406.09214596998714,241.1781241191485,-3.4316974392633828,-240.17839297597408,-32.07893654835639,-185.172200552074,1.0
5950,-643.6394482801732,78.88397034560492,-463.6253917482951,430.2618615836254,3.137220386271065,-246.85289278964675,-30.891183313780477,-196.00936313897532,1.0
5951,-168.54071822567957,-117.0630304777267,-311.5699113609806,-37.39591483987687,-10.39204539325991,-235.82254457236462,-28.42469940529048,-175.29814901748912,1.0
5952,-256.15366014827305,-102.28006907719944,249.00826680182342,390.72233509208115,-2.6567242925930588,-248.86894412730942,-24.18582697455338,-170.61722231115857,1.0
5953,123.5114145301536,-529.3725060095294,255.70669021748094,-12.760339472486116,-11.62111181624153,-240.7105251858864,-26.24606478098552,-180.5623670288503,1.0
5954,-272.539545544202,-21.15106405387468,-499.9516325653717,71.96078223393492,-11.539908176798575,-234.1079445608249,-25.187567323481694,-168.34505852448135,1.0
5955,-392.0777777258706,44.368830218872986,-305.0447988569586,173.38135170387565,-7.249821140648255,-237.98071502119933,-27.331803964289726,-177.72434638842986,1.0
5956,-178.19267301987088,-9.833889873800693,131.5080057049637,331.90148344622247,10.435526096967962,-255.12731428941112,-34.079211231338,-207.51787376480652,1.0
5957,-108.91473155815218,-114.38961198715276,81.83978129266482,91.91353776849466,1.6277176168262546,-240.75787632109967,-40.94053818614195,-190.2432841490354,1.0
5958,-203.7143889138648,136.45057876853906,-59.48092352138035,42.240133023503624,-5.91143214296663,-237.31019261475348,-28.071465135526633,-170.74856124685613,1.0
5959,-64.63408139899025,-262.34046196479613,-298.0274011287588,322.5027051685488,-12.16825572014554,-234.5598120904897,-30.33660336772813,-170.19257538916125,1.0
5960,-85.79651560820906,-74.21948098633764,161.80555830015544,326.72776037690727,12.15091712923842,-251.63288225840466,-38.74355922250081,-197.1852614836535,1.0
5961,-43.72385852574476,-74.3991284531795,-269.0275315588445,-155.39415565681094,-8.357813816718485,-247.542243184476,-24.36309095994412,-167.454321711152,1.0
5962,-273.1675104935404,289.9588989037149,-42.33237511053809,200.7621456270431,4.3948610465645395,-241.1774943020693,-30.469807276711173,-193.14904343130146,1.0
5963,111.70853547889425,-864.3116429668142,408.1275035225719,59.93473366092026,3.937718154158526,-241.3026749556808,-35.176040070040905,-211.00763320034977,1.0
5964,6.645743727764475,-382.142210162788,179.4570887243439,22.757366704151295,-9.583100160480463,-235.11871556826222,-31.49553578334246,-179.11585332286222,1.0
5965,-59.428113239951585,-229.05843955832768,86.13935200994322,-109.20399875541817,-1.514294806751276,-244.14079446194725,-28.56432694365472,-196.0618664291417,1.0
5966,-288.4303671014443,228.28497346041416,-95.01864592219147,-282.6895958973545,5.621721151314557,-247.0409720166175,-30.104917236966344,-190.16579552704715,1.0
5967,-82.87991267877194,193.5832914170047,-61.92223466970175,155.59187984471583,8.07404764357726,-253.76856279495857,-31.585118026364942,-206.37440749286907,1.0
5968,131.7082535201838,-156.54569301574193,-323.6032591129291,192.60667177355043,-8.662389104004362,-239.8522722989271,-29.099378701375656,-180.98166018759898,1.0
5969,-137.3215953286871,-430.63322136978456,285.54657185294184,231.0135242905115,11.133426814165006,-247.48475242094102,-36.13456978901042,-198.3018745704492,1.0
5970,-165.3068688565427,-171.7243577998095,-358.0126830006028,-232.5151383865753,0.6398167463798567,-254.4136692365421,-29.956058000175467,-180.77590227829208,1.0
5971,-449.6362031817155,407.1366433778783,-778.9315410638114,342.59914863487194,4.112385114332806,-243.44013138442537,-37.94113804798051,-196.88652175996427,1.0
5972,-45.28020415432445,-16.314562314590276,-53.75022632416289,-235.97376386929213,13.04112981240483,-253.51993311687878,-35.47074428706068,-199.45719800684432,1.0
5973,-110.83292420585113,-631.1265323708928,94.59847867101399,467.63106863020533,-0.7538261472883474,-233.90361402741487,-29.529151714967572,-188.8493711529616,1.0
5974,-327.1527774474494,86.65621780597874,91.3033341576925,287.526745305109,6.190266987505756,-246.17359569182327,-36.03457322240004,-200.53060485846015,1.0
5975,-322.82228444507996,173.60313955281694,30.198721218343593,182.87710568950496,0.3577536296758177,-247.1888561495082,-29.29139906947442,-191.22709996858745,1.0
5976,275.24635755722755,-666.138465783847,324.25587794856796,85.69718412727764,-7.34694503025259,-242.3335839276212,-24.822897601905403,-183.29113161706812,1.0
5977,-290.7544820373329,504.3177930152805,-257.401411299454,-174.7457441277395,-0.1633551840933558,-248.12654087687852,-31.09261096827743,-187.66399282638784,1.0
5978,-736.6075251499619,-218.38484462228038,-166.88022039557507,203.9329399378856,-3.892515421134852,-236.65068195700832,-31.65234618009004,-183.95200907806375,1.0
5979,-128.2249224312166,56.40298299294395,157.93641396910604,327.72808544660415,-4.184863791254362,-240.81857298367535,-33.2620766375414,-185.73632641966176,1.0
5980,-39.84238243385234,-218.5117310699911,160.23383991152187,24.23352383778603,-14.786482859059399,-235.09453618741148,-26.59833180009358,-174.75877143090398,1.0
5981,-213.89029351459942,-587.3665644507026,137.4267004405325,0.2906010063244757,-6.642837741207766,-250.4015019085743,-25.371156778732804,-178.31264959842272,1.0
5982,-317.8048491245575,-144.0726529236802,337.7893864869298,487.8471904768178,11.397379309597152,-244.93605493563658,-37.057965961351464,-202.17237302466893,1.0
5983,-60.09905049462295,-352.39059981630004,213.93424868987512,56.45722456127298,-11.034637246653547,-233.52122501727348,-29.280732581976913,-173.62758923720395,1.0
5984,-327.71476352440254,-447.1546031508712,469.202730909883,656.6202781382035,2.7568033896916084,-245.48470897685692,-31.593493931848414,-191.4422789064686,1.0
5985,-522.9828601133313,460.07051179199595,-544.846926291404,195.47672721618673,-4.02024741914866,-247.70257460374722,-31.9712346548694,-187.95339463039232,1.0
5986,-270.29352171147656,-564.4659715540392,430.71721977998436,266.8097349515735,-7.313269527648377,-242.07658352430573,-29.36189678926216,-181.2143536273537,1.0
5987,-294.35178195345566,-120.15741658532963,-91.13776190253789,298.40043482362466,14.227547458691825,-244.6096110773117,-44.06178062928905,-212.67625253961666,1.0
5988,161.1513859134569,-189.24404436101554,-386.87186121190706,322.37732094133406,10.676948814333441,-241.76267788856683,-42.477646903603855,-208.97402835171403,1.0
5989,-438.64334571684304,846.7889236023761,-257.59870619306713,252.1306350645964,-3.1411961525110277,-247.74318026145698,-26.196020407538214,-182.80276864517555,1.0
5990,-107.11696762676635,-203.5559605427996,69.85662937772649,-199.99483686258947,1.017152736276539,-232.343685819597,-28.042565320538728,-200.91177180711944,1.0
5991,-213.50204536750957,-128.26106228302828,325.78403955643444,-184.85802240750866,-0.48773172268882337,-244.55011534034577,-26.87264015486084,-181.11069593599157,1.0
5992,-469.61391599208275,-461.32298629107436,105.78414078762934,45.01449866517706,13.334059035153548,-256.04488584254665,-40.037285192191014,-198.82957986666565,1.0
5993,-101.94011416302735,-414.0347284961943,193.41691244116936,15.976397914096484,4.251612236497332,-246.7749184001415,-29.752638110029082,-199.9812228320254,1.0
5994,-274.7224672959046,-502.9055725478552,-163.84666203346163,34.57519006761913,4.273681059005149,-244.0761184036456,-36.76204067416545,-199.71649011195262,1.0
5995,19.455543189587733,-811.108034642206,215.92940678838795,574.7923084716289,14.080641555087919,-241.09318499468515,-44.97953329827952,-215.55794347724247,1.0
5996,-238.11535139688823,-378.0391873275787,270.2084351872909,187.27757058965207,-6.649099637671836,-249.19558555481194,-20.295123895775077,-182.03888139271945,1.0
5997,-264.65980784952205,-98.67783378101322,170.50929452720786,170.44145362085558,5.783035852451074,-239.03093221728162,-36.55579356062166,-199.86639347304882,1.0
5998,-245.6659478498736,54.98196831320641,-551.2993843200725,409.9191505607349,8.58478410225122,-245.8325718164375,-37.16830251931887,-199.99322817321232,1.0
5999,-231.83619011074325,-133.35808888865708,-234.1570961745254,273.37499140595753,4.145674053920667,-247.50198577898942,-42.35989613872739,-198.09160183311312,1.0
