,0,1,2,3,4,5,6,7,8
0,-32.48990680946522,64.77240340224755,65.56968498450561,31.125501334244564,183.69642280080967,-71.93656040492249,-106.63279407821528,96.05133878924778,0.0
1,-72.50022810473456,-16.41124652191639,70.94554777152646,-85.20704162916508,193.62253512730587,-23.57264977094409,-105.38278727123003,67.03383724851207,0.0
2,-10.719655411276918,68.10821872753259,36.07657960535469,-60.31700678673544,192.44408921174968,-50.86763152439076,-104.94352925463683,74.98001759614593,0.0
3,85.37443174658937,43.569360505986346,10.143944232858997,-12.575275917684392,184.37711468180285,-73.71770918865647,-99.98759473342143,88.81018765614864,0.0
4,10.973876788859988,36.074661342825074,78.23815908963732,-146.93928212243833,184.10981909023673,-64.67831659217485,-97.90330036438394,87.64997003986345,0.0
5,3.5429994463428702,-12.88607946188955,166.35722289715883,-61.38338307716644,199.049835240198,-20.696469702920687,-103.75598451819955,63.11873374214059,0.0
6,57.53733043473317,-17.532516490785437,-22.93837290242494,-77.98048228930901,183.6415337761308,-54.01474440938796,-103.18584306669821,83.38695442571391,0.0
7,-59.159417550168456,-34.06267572871842,71.83802203015847,-55.11431937780511,182.90520983015043,-56.5748554750842,-99.15072227868679,82.84080813128946,0.0
8,54.846250320298665,-47.027335571158304,82.07957900042398,-36.30231036423451,181.51355004245062,-62.84853260111065,-101.26220021637307,87.53192313302358,0.0
9,11.09245638052127,-28.548882532207625,51.012900592990974,-1.0693681171774938,176.31963553170036,-81.71194119414369,-95.21133984923263,98.992672243153,0.0
10,44.62466403214609,-99.74030021379964,26.981448858057515,37.04215443586835,191.33928892710256,-40.45598166018974,-103.90859983737857,75.01136055174945,0.0
11,37.503319351793685,-45.39877833984747,-20.91364203788756,-33.04376284414784,188.60125602186199,-38.61126826800208,-106.11895662633437,74.03132108776525,0.0
12,-96.4734236682024,73.58740680801348,64.19539137028197,3.442759210919916,181.5365185659164,-67.72458576218219,-101.97701290059496,90.66033094046739,0.0
13,131.52787545201153,-43.84307114044233,19.944229494380398,19.663119587922896,185.2106692184278,-72.57792505212464,-102.64438009318735,85.68536739709452,0.0
14,-6.193597116042077,151.80858014430052,-9.96111997902559,20.33696947107866,187.071335693687,-56.042953308430185,-102.45434891833344,83.20334357578278,0.0
15,16.89006595588742,-33.994878443115454,9.31861232715856,53.65769053455296,181.82960179538603,-74.0647535416321,-98.01109638025581,90.80654541099959,0.0
16,7.175697447816532,-38.43678383586371,69.56367238535901,-23.48954204767633,197.5270176091827,-46.70174063989376,-104.2887240136597,66.79688874227756,0.0
17,-146.17352826026254,-20.54959159177202,146.0420475131091,-78.51923518124148,178.17007198839497,-67.7702889231224,-98.1996053301494,92.71643398095091,0.0
18,-27.04248881862253,-60.12657935791882,36.02732801640245,-90.67044584030847,181.54825584627503,-72.66600113352305,-100.25620850102052,94.99657664278948,0.0
19,-9.801183712987255,66.72525075718855,12.127850966771309,-18.397556604379087,193.9915967493487,-43.70694787396326,-106.49440318417786,75.49150185593038,0.0
20,-148.36430244806283,19.045318516431713,77.2945394177598,-74.47620990840993,188.5929556639992,-55.974097106139936,-104.17077700169894,81.95424208605465,0.0
21,37.64020095694653,-38.24323781639517,56.53989955162363,-83.27335701945145,189.58132858762605,-50.61289062225334,-102.54812422816114,76.34708443499571,0.0
22,110.96672107758457,-54.786421369679594,110.65253856197086,-192.11300162598738,175.9458769228845,-95.87575689245334,-97.6009688479272,103.46563150705968,0.0
23,-37.10905047527763,162.24832620987902,-22.94549164801709,15.080526189829879,179.84903772245534,-71.89289174195692,-95.79775912204627,88.31521237031585,0.0
24,-41.277177395368135,6.876006262832579,38.34279753113089,-82.68599142774463,184.95936854826127,-63.08272819828293,-97.21764011430241,81.24786410346121,0.0
25,16.22539968102864,41.70390234248321,78.24674563768565,58.110541732912104,183.88216508640636,-76.64419556460822,-96.68516580439524,90.04133400640116,0.0
26,31.01455299373448,-77.84520863990352,-11.53712624614569,52.987436377169104,185.81718086142664,-57.1863858770216,-102.77755003612931,84.33573092191317,0.0
27,23.618624816622727,-10.084670509741706,1.2281836965557902,-52.93077027120889,187.19517180119868,-55.038510771735254,-105.7797551286506,83.0101452504955,0.0
28,-93.06549454101771,55.937314894416915,-6.902301828367985,-96.9658228022368,188.14058868089955,-60.49342630595119,-103.0398380667093,86.1183961815934,0.0
29,29.484287005047673,-38.25485295347582,145.92008104023114,-43.995109648435616,178.91817653194772,-77.99737208176234,-98.92631096485299,93.46559300341644,0.0
30,17.977219063157477,-57.209858419212544,54.24402701628757,-21.292454718040993,177.6315018973824,-69.91534653510033,-99.54151383494631,95.93900241221745,0.0
31,-104.36538678123308,126.4632477563167,51.72988609903696,-22.05773416291548,186.19456337838938,-45.223803188523796,-104.17782731751453,76.94718139465066,0.0
32,60.02477271469131,-29.92731716663601,39.70244427523348,-76.07632736593592,189.7514076642355,-62.31026207751677,-104.35584496582369,83.85878870366314,0.0
33,44.1010969645125,-33.67326440796088,41.61428924603056,-54.2028774958794,179.7538537133695,-84.63884363132985,-99.57922690542806,97.29010141874974,0.0
34,-45.666745740176985,-21.228073070093,57.29411925227441,-73.83569753707356,190.60201042768048,-45.80884548368769,-104.04474210128612,76.38660083643333,0.0
35,14.184659369983402,-38.44354174074736,105.10477736982789,27.61436664750143,182.77313559383146,-64.89836595281098,-102.96208153173062,88.47474740395609,0.0
36,40.7865624490083,-36.60049373319584,-2.9051633890453674,-100.65441176948914,188.44399986569226,-43.19159334992228,-103.7140796934604,78.01441527901521,0.0
37,43.19120609025501,-44.9239490598128,-26.5587925468474,-22.882408107847755,204.66294085724897,-16.322201858373532,-112.69975278200994,59.82255857699691,0.0
38,46.475027549533486,-6.483387624341663,16.680818072679813,-114.76338291414021,184.81765192112863,-56.91533471064142,-102.07244088223882,83.21760647182134,0.0
39,-89.42195978731372,0.4418949046035292,86.05381034518192,-66.92346013882346,183.51960676137256,-51.884417066910984,-106.80097924775741,84.67991589063278,0.0
40,19.832335101745883,-89.34976550288624,100.59251313284999,83.70010340003495,185.40819174178475,-66.58176299623413,-103.08902653366222,88.41669554029988,0.0
41,55.595593132795386,170.12707766790749,-13.961706292442933,39.103296719692956,183.8325479443908,-71.74213686476436,-97.60087145348268,88.84809718598717,0.0
42,48.67968483581361,-14.77756134642085,30.946516592186292,-65.11964949415582,179.4409698593684,-84.93952761657346,-99.8707824468898,97.27754379805208,0.0
43,-7.215170173659036,-16.902052152889024,17.84346689283164,-104.31391961883732,187.62725101904147,-38.09732615351789,-103.2736102590526,73.71349089816458,0.0
44,22.42480557113518,-52.2281845098766,10.615173903609431,18.934864057616394,186.86914321725834,-67.05291528357166,-100.53138737387332,95.02517066197095,0.0
45,-17.929316055979694,91.87204066395476,-24.354707248542496,-98.63829298647265,190.90600184996146,-46.286157152713585,-102.92998065451576,67.95866129860445,0.0
46,-49.24943851813654,85.49008118650193,40.7250365529758,3.5356920176589868,182.67503302665122,-71.32575648241365,-104.90308647118255,91.38835552634447,0.0
47,46.066280595441086,-29.793635636333693,-85.7746066810105,-4.964649910449237,183.92156612405253,-64.03701017594028,-100.95437481081525,89.37833487992354,0.0
48,23.789028937951212,21.86062267448903,30.170690619973062,-126.78125374142711,185.92779941326475,-72.52324342231456,-101.30079810753443,90.14667520133885,0.0
49,71.68238539601337,-57.857010338194904,146.9600669629398,-96.14162051660242,181.4243280807579,-77.85864770742823,-99.74364312605569,93.21797984864864,0.0
50,10.180386615920161,-20.076874836378174,185.61908704075302,-71.10314100948631,186.03798092770742,-63.16592436020179,-97.34378900401062,78.64983097711067,0.0
51,-124.38168422576676,5.450255728971587,99.4965969503222,-11.681243666033359,189.36588786303759,-41.799424816415424,-107.84560224335675,74.8920132632644,0.0
52,13.969542772246314,-38.05296035521209,91.66309376356885,-9.048247911196095,182.0430012135058,-61.47523936546764,-102.55726275432177,88.03776156260983,0.0
53,62.147011034519764,-14.713591645916255,-18.196992693237814,-96.84726722319436,192.36252406979034,-39.07511931970669,-105.35436439798369,73.7971685113061,0.0
54,-37.744383638787674,117.15855194369334,-11.350270474250374,-50.854470952310585,179.29776104537194,-68.98861564818444,-101.75816933681486,94.5218162533923,0.0
55,35.66541168403373,-56.32291278360856,118.03982618346839,-13.218618694881137,191.4239455829924,-52.89711569900432,-109.07965337512665,84.40795354012972,0.0
56,-76.6929040187154,-90.57328830083978,145.75769286248905,22.34719260189568,180.28715596737308,-65.828208785725,-102.7497926150638,90.73118453347108,0.0
57,27.67891614533061,72.26609599466201,-15.435929064450193,-11.25913395421258,175.89143233584815,-87.98920362081438,-96.49445809670937,98.99551543225319,0.0
58,-31.800354876887937,181.6646180272561,-66.95600124285797,-9.393615000645406,179.14646150224644,-74.87349492848844,-98.31594718795701,94.63750328531522,0.0
59,77.201737798882,-53.20397916846289,-7.922310455298548,-95.72876176957473,185.26552442400893,-64.15328467677506,-101.7525942159065,85.56969790309506,0.0
60,45.13724392088166,-34.90024085469015,-62.66912434415111,-59.24395744738917,184.47182294524774,-70.60549762890412,-103.53936235722674,94.12152053637192,0.0
61,35.5293932623919,-92.76584876410344,105.60484352823573,17.067341746149857,177.71471325531115,-62.902740284310354,-100.24291464193587,87.95133671658076,0.0
62,-60.72332112524753,-92.0479294892362,76.30353108044562,-103.9367964919653,194.08576457449587,-41.39178692483242,-107.3296756233667,73.94678294954448,0.0
63,-43.123708310841934,110.91382180515677,52.8612105907694,26.455320764090118,181.02870741561333,-74.12701665229295,-101.71974272094067,94.10633317778057,0.0
64,26.32829318059112,-7.905628363627621,31.023511648293066,-33.23442894945686,195.5538199493214,-35.85354118363276,-107.90426518171445,71.3356022858471,0.0
65,-47.26622009780564,-129.12891958771547,72.41604509526297,-105.276334838097,187.2704914703267,-58.26211591961716,-101.04882922249006,79.51214285034906,0.0
66,82.18247643984775,-67.67127940292981,11.769406414338073,-82.89652057352062,181.91164722742965,-63.68260320780003,-99.70999925175927,83.54259073424058,0.0
67,53.49579520460315,7.7917512937810685,105.84203993837231,-164.12609151212675,185.02185850169292,-57.17537592336985,-95.54210038060396,82.32817103297138,0.0
68,-38.445930733313375,101.23286115224013,-133.7309387194631,-104.19983522431617,181.51330271292906,-59.37014975102567,-98.31779246605356,86.06650314811493,0.0
69,22.20867052853087,12.451341168917423,61.27784469172487,3.9503730930454175,195.90527842703204,-32.90356151146912,-109.0777009312248,72.1086925562421,0.0
70,38.58007031208778,-46.324976202856384,86.87664433950061,-32.058097552420136,181.1590200756395,-75.02605864689579,-100.95546040502391,95.4435279156409,0.0
71,-87.81909940033229,-5.753923551363521,77.39713970416688,30.88128465124816,175.50483190752144,-85.43663613421293,-98.16993552142021,98.894077901846,0.0
72,33.52880875278893,-74.21683117694256,186.44903066449191,-32.42224126710204,193.54595818771867,-29.936234310554358,-106.3974310985608,68.5973283466204,0.0
73,-15.212771360201105,-13.44275106970414,73.60741672022486,48.82207593663538,187.40688847598656,-56.983418274896096,-102.21285540021299,83.7456555211311,0.0
74,-74.08003832954151,154.03984461532443,-50.4782463363705,-44.8808870800311,172.30285281353824,-105.1738334510216,-96.44895176428466,112.1087021665418,0.0
75,63.69893440727892,-42.998032028883834,-69.46193407913901,-58.5339309168794,183.88314549109018,-74.72442131712802,-97.75855732614426,89.68524524769764,0.0
76,46.68756055111968,-32.837818270198035,33.62622955889913,-84.61217964687249,188.73211137065914,-46.86257558877897,-106.83432799188923,78.34738532320048,0.0
77,84.49642731365489,-151.50143286379057,53.17118311039102,52.73469803443348,182.47561869719593,-70.17310638961328,-101.90976045891658,88.41146189644407,0.0
78,76.45799758557537,-69.02656940699039,-153.7732636791532,33.96700865611707,184.82122628719256,-65.31982029899667,-98.49297943714795,83.2215931909987,0.0
79,12.011931731464554,-53.291672470358776,98.19977115300657,22.072092768182205,191.91140363452965,-37.686399889772275,-103.03617752115967,70.5098999210432,0.0
80,-50.11725905997665,103.07141414399675,-0.026516014291722012,-97.61370673942889,184.2182121220046,-73.73933372277455,-97.98420463881264,88.0189930607402,0.0
81,-22.71728656158446,-23.746567249631447,62.0946324403426,-53.7105448058492,186.51064737631253,-63.35492830305888,-99.21750726145453,89.6730660742847,0.0
82,57.877469983767284,-123.07194560204921,104.52154420876919,-0.9105970505440153,187.58274151287347,-50.23918382800795,-99.92656958964179,72.23383119087522,0.0
83,100.57694036626575,-77.7924191891758,6.6471248004451144,-136.99711866288263,181.89844721891617,-68.78342810231158,-100.75801489985939,88.20540321264879,0.0
84,-165.07310700179093,139.8451984256199,73.4515649861428,-47.950139629097755,183.44965452747402,-69.44981029796914,-99.18032776043513,86.59349137166939,0.0
85,52.59327214637366,163.98705505257246,-27.249335659509565,80.0197232671651,196.26565146432895,-28.56930245954148,-109.87276682759321,65.87252821956986,0.0
86,-139.61708032262393,-37.138592462565256,114.58920940061054,-92.98558495247545,190.29797053982915,-53.70724542795087,-97.8601633894294,74.8833648087769,0.0
87,12.726641195162692,77.38449841919528,65.42149961245708,19.663683294343205,177.9478720917016,-70.89695827110762,-98.71002928180944,91.96755133819978,0.0
88,95.21448778496458,-92.96243623530707,-9.774998872365902,-77.76403615839622,181.41055105405707,-65.35813469597707,-104.45011694369539,91.54405345875685,0.0
89,-73.43724489780163,50.34316113365587,117.71669012460029,22.11168146824449,178.69476113255308,-59.12720158941265,-100.75482772127653,86.94895509690272,0.0
90,29.155115548808592,-26.591779978991276,6.500038485471466,-57.644755929343795,187.6755301617507,-63.23093090738763,-102.417037804122,86.14738873039731,0.0
91,120.39857641476743,-34.26886230157794,37.64527105157244,-4.459194547479395,185.3229303689348,-52.52418206798586,-103.42327775430805,80.19229226507939,0.0
92,-38.52942777847515,114.36081327047383,34.04669780003471,10.008920828224182,180.56568180699045,-52.94080458577804,-104.84614555694677,83.39577075898454,0.0
93,16.831103624196373,232.4017453228194,-116.69039515133306,-33.8356068491833,184.36436114455907,-71.50430418991087,-104.38096153913804,92.07039058416179,0.0
94,-21.753269250893247,-9.397463741139411,19.109666612334735,58.26269306998195,203.07196809932387,-9.73443733907716,-107.92531969253066,57.93712234575693,0.0
95,-27.15939636381035,-26.9837402053156,11.246945616918719,-116.54572924529462,183.50009005626777,-74.88201954611122,-99.06805780281425,89.68276766985505,0.0
96,-25.046423941437556,13.163296445744121,96.06583992284882,-10.952249826659417,186.805266795776,-59.676434744244695,-98.70529210563858,80.39920436124481,0.0
97,-2.4436695873643997,-0.12752752351480323,53.47838922055039,-37.25741428359748,190.0585260429203,-50.329593150347314,-104.5008366975081,80.67901729413752,0.0
98,70.80571720755486,-79.75401939354005,73.73340675429473,-32.78140073311703,187.74143949727141,-49.42313926318133,-101.09533833626763,82.2076306344808,0.0
99,38.512894215223476,-69.43433135191927,89.75188185929457,-24.129066372635798,189.43715973247873,-47.86368829558527,-101.78694829997364,73.38731876693696,0.0
100,19.68577150548554,32.28210147530602,-8.411798265403181,-3.697450845564232,180.8286121389296,-66.6636809836275,-103.95157081196587,90.34033334767756,0.0
101,23.515052952903005,-31.34317618615073,13.638863044602756,-16.865742503352806,187.38117018613022,-73.04091219301259,-97.90653304479436,86.11350957583721,0.0
102,-11.938067827612265,-4.388396380421727,89.76505185865918,-44.67279858550685,179.43218797848493,-60.22715602898473,-103.69770748889972,89.522336542778,0.0
103,83.77700101854597,-67.63451586314137,159.08461969579017,-139.16257447306464,183.10386417672785,-57.35331888043431,-103.8528310545708,82.50208359471782,0.0
104,8.033914706859758,34.55695082992692,64.36258438179914,-30.55543736126379,190.00938713645206,-41.971899227240776,-102.55160280026098,75.50887449860446,0.0
105,-179.81235487186007,108.55942231893287,53.10482327224213,-34.266647592542924,192.72660325293856,-38.388395354040824,-103.84940663888665,71.60924959648085,0.0
106,49.37322772711795,-120.80292162707194,115.79578660177728,14.456745515149393,183.566424140655,-69.06868276541205,-101.70653295419288,89.65444147864478,0.0
107,65.43129777166494,-22.382286152301955,-39.46014594698654,-96.18748935188549,185.6187460635526,-55.72714434914625,-101.1477968835116,85.37471848028999,0.0
108,15.91845994470936,-30.80881744550271,44.824473495619955,-10.865787198334997,190.29590143228023,-45.85724561878862,-105.17806825300411,76.65749762120304,0.0
109,26.392595067049985,128.23519071992538,27.57643266831401,1.2510616624647863,193.21234456656998,-38.96042328694406,-105.07635671708196,74.24985338603194,0.0
110,-139.18903097503292,38.52911019376635,-27.109914625497268,-182.3264418245636,184.76221784902305,-66.01157917833751,-100.3834678507066,90.06060054206156,0.0
111,81.24999305942073,-37.11501178112109,48.12529965921718,-110.11527641769922,188.7931898446277,-39.12350711955806,-106.21806279543166,70.92610655570432,0.0
112,39.25909863906693,-1.2362092097969957,-7.786107476947612,-97.70609850575465,182.47371402333889,-74.59792141767326,-102.64905495072563,93.00578947491067,0.0
113,74.18359792043401,-35.85901119203677,35.6599325165987,-100.11492075081989,181.93313609389708,-69.37859716113742,-101.99734724462824,91.31119098705383,0.0
114,-30.765962143586894,22.996504927558327,34.03921916893554,-50.437772664567945,185.8966289008603,-60.287448944445956,-102.71052019257768,81.85978151192094,0.0
115,42.49643697987905,-34.69602361021159,3.64689965064024,-34.20930871753101,185.41229331044985,-57.40236324353755,-102.87792565413025,84.39445612374591,0.0
116,-103.94630911031739,69.67179795651708,-1.9353308362309696,-88.36627044483171,184.07497251728537,-68.83616383207858,-99.55518613445163,88.50252135066782,0.0
117,15.506116601576919,-33.645542603748964,-64.0580880855259,-12.002084214170338,187.1805557634169,-57.76583030440248,-101.09810221993554,80.29783947281709,0.0
118,16.39777899260241,-49.20487695649704,95.75684538343039,10.259904172279155,186.15983872617932,-63.3174491389948,-101.81883750840375,92.45602893048449,0.0
119,29.519223745342053,-78.0034736179744,201.61396700992205,-12.75035328134148,188.69941449487843,-40.43106651711509,-103.89818621786539,75.64973923982487,0.0
120,33.46426298557284,-40.90564478602982,71.96111933994653,-19.409748716541806,179.4818987462825,-73.5535420059728,-94.42894617609237,93.00004162387927,0.0
121,-4.705370364081474,18.205197847417466,-18.703659510371207,-3.7444418432905135,183.7995014855919,-59.83890199996731,-98.95428297639758,86.87278895754012,0.0
122,-64.95468235123838,-8.384130875009193,72.89143575664572,-0.297527071760495,185.2930810557508,-65.29838159335941,-100.53844174196452,84.20713799049084,0.0
123,-58.28067721968409,72.68327953782463,-5.185181662703853,-82.56784808731264,184.74097263299427,-56.13942759801645,-100.24389065712516,83.72263263312716,0.0
124,92.67699993200176,60.299333390177424,26.510933130126617,-9.743397648634383,185.080515384754,-67.71978452056469,-103.22497316638787,89.62633036487267,0.0
125,61.4309020091937,-17.612345216368375,55.30233699836078,16.976655948717234,185.44461747483487,-71.73904171018988,-102.36498579102734,92.06567369503017,0.0
126,-83.85679188955287,97.26729965135252,-32.59562011880461,-68.06032417104541,180.25154080105898,-75.17678351892549,-104.28123288042949,99.24931540714822,0.0
127,9.797211691306796,-11.800354372555095,128.70784981485923,-62.915934444971256,179.61589970034726,-74.4871180232977,-99.43511125100915,98.56862907932006,0.0
128,67.80715344009836,-10.69386609144471,45.42472899887808,-121.0430274194461,181.61830407496,-76.71880669737851,-94.98165661418105,88.64414332644186,0.0
129,-33.90617282084624,46.15186578573829,35.10088153187951,-55.08669093973345,185.72221074964918,-62.511825779086905,-101.25436580390983,88.00397355722106,0.0
130,49.65084917314927,-78.5941501727803,37.71221218215267,-29.135993756109617,181.6623932167955,-75.41903494656711,-97.92435749171278,91.9976606936273,0.0
131,45.3258224211872,-46.83211605262386,37.68193131693122,-21.89329608335292,193.34987644456243,-43.6546311578814,-105.35196507282613,73.93954340923953,0.0
132,-14.106918868136841,14.961082860174956,16.69464598684146,37.82658207782531,180.43842369942735,-71.61491638280553,-103.47194282709148,95.68541391071237,0.0
133,73.06903103177602,-69.13957917843896,22.616930724892875,-37.756560880423685,193.3770354164899,-38.856283665415944,-102.59111726229332,68.54933794671464,0.0
134,-108.48766180854912,100.82441727254938,-31.342949700995305,-136.52367166752933,181.11842728312678,-63.12372929380086,-98.89496374436801,89.85406036201458,0.0
135,14.22172380518042,-25.35530756000195,-18.6370758559374,-35.363715843572955,192.42919762249528,-42.78437996098195,-105.07971537342159,71.82750679249467,0.0
136,45.28266818631062,-74.92098544316,9.809979423530852,-5.695978827423809,185.45060068062415,-61.91879190966106,-101.37396894192474,85.16279716369249,0.0
137,-125.94458000164397,114.9660872865075,4.869477931357341,-45.19493844101152,185.63063628628467,-68.36671467432745,-104.06202617823062,91.79934252676102,0.0
138,-6.731598760393603,-85.5331162975623,40.92446889576527,6.5281539723707755,198.57595327234378,-27.399858798868557,-105.76782102212874,64.23058820692279,0.0
139,98.93088063118358,-10.036387623806187,62.32752599440096,4.431258625840851,181.4191604203683,-60.71410233773799,-102.81164858485292,91.84656739135474,0.0
140,16.87523232615704,7.066767760512621,84.55526949724378,-87.4083480915158,186.54254415259203,-56.68909961249512,-97.98775647259028,82.51756010748025,0.0
141,48.740640628571306,-87.04052358497385,110.79489271585334,0.8106105421552046,181.92918138840946,-73.3495457958854,-98.75612347038818,91.85953925644809,0.0
142,-121.97980810178075,205.2932851469692,-27.09785051231637,-64.71632611598062,185.51170178720673,-79.62146137905677,-95.8008110008315,88.38114546199776,0.0
143,-126.35110068456123,46.40759174646899,168.98493804246294,48.366200567429175,177.62792139990842,-93.60037814053959,-95.32428295087477,97.89621997503792,0.0
144,-12.753294826960481,10.767018671111083,36.95709721676769,-53.594871546213696,192.05928943244206,-48.74496913356316,-104.93719421827589,78.23661411101844,0.0
145,-58.41637097376214,-1.3500921137511668,-66.0345076425119,105.34036930635034,188.4612867963962,-62.82301582251729,-99.68190681950266,84.14242203034928,0.0
146,-113.40521092534041,170.11560211210886,15.419933016989642,12.940000473774004,184.5035482238095,-61.97249409584843,-102.07071561924856,85.5579483352421,0.0
147,31.670004673032683,81.42405064094704,-50.45150719480702,3.5729205756137805,179.95663951130808,-74.35052250796814,-102.54686357414393,92.46323992433129,0.0
148,-2.5004530052084197,-0.05022999803865891,18.15890124959796,7.920765736063496,185.28319246173356,-70.83826042696465,-99.51155285037815,92.9115096142843,0.0
149,19.609408798337526,-8.440437678152723,63.714357647435584,-8.63305718403221,193.99202137837915,-30.65857337073118,-106.24038713783216,73.76537006826588,0.0
150,-39.77957809139151,-62.988882952762616,-2.231900813907528,-120.18385751222695,183.516711481636,-69.38683546994525,-99.28881561098213,92.78009111637358,0.0
151,-2.306054621800835,3.288090614528627,151.44553406155975,124.0339105160426,199.22095562892736,-37.38029467302425,-103.45014161848688,61.746611546819686,0.0
152,-2.686215601462033,99.18003090482303,6.539535114353745,-33.338925689675456,188.62604973659413,-57.505595786636306,-104.32564149412701,83.61140530671375,0.0
153,6.441010291628979,19.87054314704816,35.063465545310606,-52.49597419313123,178.98169406412612,-79.87535491951147,-100.25383135558099,99.83204542045236,0.0
154,-174.29964225641666,55.731996337051534,71.6398983674732,-98.77571124315764,178.98482786756546,-78.9199535067267,-99.96744810253043,94.42353556188354,0.0
155,33.610505176137536,-58.732006357759815,18.194728736528514,-7.2808274592253195,189.8810123569144,-53.61154435330514,-105.27562813445809,82.53850225219237,0.0
156,71.37051404470807,189.05231617987434,-73.86049162170276,-65.45997458054849,187.9012839389371,-64.28381409505184,-103.57074676977601,85.9755903188455,0.0
157,39.356542539780726,-10.353238470760973,-48.61675867775445,-90.6827419165005,192.91491792365778,-37.597589966091064,-107.03259754381018,71.45057765606884,0.0
158,39.87440939222132,-48.77587533368681,118.5078673017995,-118.18726524207355,185.3075128685608,-85.57728726100626,-98.72553246813479,95.22304993259576,0.0
159,29.02143378382046,-45.59396201604198,173.40561200520293,-49.34956609614643,192.6164263696654,-33.75893605552268,-105.19259739623094,71.18389801032528,0.0
160,4.5239023519388635,-96.62785168692692,151.62287653188693,18.480825985456274,180.98483198721638,-84.35738961302313,-96.89645809044093,96.21139017306162,0.0
161,81.98766194613715,-66.82548629074365,60.09984856471024,-99.7743393698958,184.88395394487358,-61.679323647016744,-102.51880660892283,91.39378240763433,0.0
162,60.369879536579255,4.603632690106729,89.92674685917997,29.682236735074653,185.30043361883048,-59.73471139286107,-102.0639144887701,79.19470834316357,0.0
163,-92.9977693393647,151.87013545994907,26.877643853139173,-21.995614826432348,182.22928519394196,-58.862369653597305,-101.8793553446676,91.71015732231655,0.0
164,-24.48978002310552,-60.68046574894272,-0.9247698860250009,-24.62840831406552,190.01783611000653,-45.091647430287765,-102.23984979518688,71.92945034479395,0.0
165,54.1670949991402,51.93260138258141,-43.13636864473658,-95.79937320526021,184.05583075640087,-84.15229548163813,-97.99195656533973,96.65879212769367,0.0
166,-32.727375405953666,-203.5996047172306,61.14447711818147,-206.90501295700955,186.3871029765958,-65.9003529381912,-103.579235136806,90.51286130698152,0.0
167,-23.67046787018764,111.58723796188164,-12.58750888818636,17.21651067431894,188.49838198612645,-51.30212729046217,-107.35347664499467,83.50179025508547,0.0
168,68.30963045869656,-50.38599589816973,51.97757799092031,-131.60600359939974,175.9813152823272,-89.96919924331502,-94.61135202935192,99.4469906909446,0.0
169,-2.696321780087252,6.676557682797374,4.9628184040963585,-74.38949034724622,188.10107204734987,-57.36784187781842,-103.3956949870121,80.4125833487684,0.0
170,22.37637000919038,-35.22720996875974,-15.703011743023543,-12.93386759189396,193.61263540559227,-46.51321636710197,-103.97989590392132,80.94783264302333,0.0
171,-160.8007332964396,107.5232942402119,47.00965455517962,-86.77056530360954,188.32614558084433,-62.281043023832716,-106.91890107440942,87.32276945249123,0.0
172,-174.02146584207176,113.60444835658095,85.19164722830212,21.143410777426176,185.22537653412132,-56.789537372753934,-101.13587271475367,80.84136533217125,0.0
173,27.17112381641098,-48.21804348787151,-4.335647895678324,11.483924415339835,186.51576864906798,-61.39742797884156,-103.41658540183587,89.21680568619499,0.0
174,-5.209826613865492,-22.614043616601506,249.08343633985535,-63.14901549225975,192.88937695754873,-48.991353040416115,-103.5345657300427,75.82729134049278,0.0
175,-25.583925562990416,138.8281628402739,-43.82658225755347,-60.3604092045261,187.49120150224633,-60.40811565421156,-100.18818583379255,84.4906369497589,0.0
176,-12.393273268448517,-52.273355828038305,56.05092951562099,-58.367613828293265,183.80353644742206,-59.92559760424911,-104.83066379915445,88.21596885736012,0.0
177,67.07849015016403,-98.96112296810774,178.07839211736692,-45.24804685875882,188.3019302946113,-52.59024166082215,-107.43596402788947,78.29432763660157,0.0
178,46.72083212952223,-51.2032626035163,-79.94044098447245,-6.097695876046133,185.7022794243201,-57.855799081187726,-107.74566597551382,89.87468701641555,0.0
179,-7.747534575871384,-25.192852446651358,101.416987529876,21.49904313005654,183.83810077683714,-84.89891849079356,-95.19274883237068,90.96656035156907,0.0
180,-31.612113572118727,4.451442573057124,6.696086530226553,-102.24860660651231,184.17449826817744,-59.1000301973084,-105.17229043919501,85.54601220138628,0.0
181,-73.33878549044563,100.77079015982669,-38.771063403500975,-134.60715629033578,186.1058886822021,-58.22028279284628,-103.32385917297638,82.1341556613843,0.0
182,16.434722094384956,-1.99433982883519,-67.70354042949288,-31.279071105863732,185.26842686750564,-68.74569131838827,-98.21445802420125,83.88413317953024,0.0
183,27.247051800108146,117.23928240049946,-7.798722253936107,4.795924234164195,182.9207003086325,-73.36032682521922,-99.93126897808169,87.72586134301861,0.0
184,-58.099003853416995,128.94728416510978,-67.95186304001952,-44.09199999416289,184.7176143104586,-57.65103266352989,-103.31140160055035,87.44943750030659,0.0
185,39.23785442970337,-98.8131781190712,129.36796490436708,-8.831134994776708,180.4255430636616,-74.21036306701518,-97.65659615724141,88.5403582070563,0.0
186,-107.43002855654234,114.54004599352636,71.34842911200946,-18.80387595833687,181.4231899165052,-83.12180812355052,-100.14147030119369,97.91192049431089,0.0
187,10.731662997621521,-62.75453776193469,129.03171095000297,35.27127591934149,180.0502303149267,-72.87941884828902,-101.33088715177439,93.65750844128934,0.0
188,-16.850412479779624,20.18806696602973,113.79787425958324,84.06160490048522,182.37450464400737,-73.97775743436473,-102.50574617790552,94.89483845020463,0.0
189,23.17956477085758,12.704786291033066,74.62012565752443,-107.41505661503763,182.94411153909476,-66.5924756203011,-103.31611008718465,90.28972305227626,0.0
190,69.71417934486081,-35.12256436502941,137.235920450613,-122.36514397686489,185.03425334039747,-70.17676809481901,-103.9406916478165,91.34018483045627,0.0
191,56.916720519077366,23.45208702090309,-4.411204921282175,-194.90885438881125,191.23543607700674,-44.80825122178029,-103.7662799864348,71.60827512761628,0.0
192,-1.8795263288198638,30.37539773806857,47.715007101136905,-48.38219594430828,184.02417648027875,-55.300098844177214,-100.04398717557493,85.0877582813987,0.0
193,-50.09574735767639,120.09846743534274,-6.457708093747994,-8.28398978816714,176.26476137914136,-76.7551229359265,-98.52170961625133,94.55985379058757,0.0
194,70.3427603088264,-112.82636824776856,43.706839447472284,27.43367454179293,178.97314349933242,-56.368565273424224,-99.98945001887013,87.89650964851523,0.0
195,46.23527685966423,-93.77038761719592,21.218220518498505,42.1135059790095,190.18054251335258,-54.89666887408795,-103.4999298141006,77.29320592484552,0.0
196,-93.41086100915683,-12.76121868537794,78.01579555660332,-118.4417219632935,182.02432073794174,-59.339007273793555,-102.89296530023024,88.5942555547661,0.0
197,22.48721268447648,-77.16342263185558,153.2457192388233,15.8661812038844,187.01941586165935,-80.00289044355917,-101.25577971832908,94.13426130777745,0.0
198,80.94012983813433,-78.40746576297894,-18.244197436810882,-30.93676187966758,184.56292581207592,-57.32272040054798,-103.73085630967,85.25997906466553,0.0
199,13.25815837818743,6.930338798514835,27.35813219375943,-73.11385170711074,189.4312374077505,-55.055400075436864,-101.12215422960233,81.6828338904347,0.0
200,-109.26894563756487,-4.959184680698398,90.79956209947547,-91.84210413842426,195.92177754677104,-34.43857685513261,-108.56612363477365,72.94335124027297,0.0
201,-6.173181836638037,21.136826862967006,110.43164588368812,-76.2300395717237,180.2199818753957,-72.20114760093217,-100.62624451532093,93.66401398542142,0.0
202,-2.059789544804808,61.04345682198774,58.92006184055285,-40.288213722905795,192.81387937635614,-35.61128116114812,-106.7773214211205,68.61948629476333,0.0
203,-13.94615120515763,-26.016696134611017,11.362676355590951,-68.01385595743236,187.3750423048281,-60.259373514598344,-97.58617392648817,77.67065121165315,0.0
204,-41.328046650742465,-101.1550152045386,-19.307445064189903,-4.29743990009554,190.29037096665428,-57.257114150423746,-99.16772987825054,76.87135027410535,0.0
205,-130.37863089414572,127.54010430314074,48.810962386971376,29.98265458719349,179.56992314009764,-76.95269143948636,-97.13091051186004,94.3521387427397,0.0
206,34.569188417964874,-82.11305955408137,-43.88900926041307,76.68153206817625,186.6951198292668,-50.2315350693232,-103.20315991340411,79.39107766384737,0.0
207,44.23331358576887,-64.72039707533008,76.9411450758053,-2.122509975498288,186.91062229969697,-50.895762691494625,-102.4771968285486,84.31058289511903,0.0
208,28.616393001488117,-65.09112474777051,29.573768647888492,17.95955843000312,192.56758115276074,-49.575470792422884,-107.55839510717192,79.85010793071027,0.0
209,6.139344854266277,-43.55709852205101,99.62697477206052,2.709444391493548,183.26989509134245,-67.68534809456936,-99.98974062247667,85.15331740803913,0.0
210,60.224840302561674,27.418262317462816,-10.628804730939251,-29.582870696498336,186.3870956763328,-41.00336150611008,-103.78470424920499,79.92444056269383,0.0
211,-21.397679496199213,142.40819903176703,71.41397826141474,54.712302145693556,186.71329215071677,-47.26417399090626,-103.22441563858999,79.20462375454943,0.0
212,24.59615779576233,77.6255886361274,41.231809389573016,46.639204797194964,186.73725334176567,-47.68078675023887,-102.98782072705117,79.0965399865212,0.0
213,49.21937534808802,-0.17621092451653442,71.6135410625645,78.42122956560192,187.81462263659841,-59.62683873017526,-106.36282195947125,83.55237819594745,0.0
214,76.62911883433902,-86.77469482007858,38.170771605440684,-78.35999655184949,190.55158036207,-41.97555501338003,-100.97262844749928,70.71118279047285,0.0
215,-16.673235335829634,52.54698274998647,31.12048344500497,-10.865351387738725,190.54512557754586,-61.17662646641948,-100.55646466850352,80.11919113834715,0.0
216,-142.69239502636765,49.643115068388596,62.33514323757588,-30.545973008041642,188.46301470796385,-54.51319234801559,-97.63503929829287,78.1653778073375,0.0
217,-20.318434552150006,42.07818026408041,11.361806145068654,-92.28472264515209,192.98675535785088,-55.315217479639536,-102.04871636376953,75.79245668029067,0.0
218,84.66824402509492,-114.87264121568779,97.15838947831872,6.7031371242094515,187.3332855131689,-50.71909139837102,-104.32818042590614,78.653344326471,0.0
219,-27.224656358503864,21.755634291245325,-52.23107385392465,-172.4905053891423,190.40636935941404,-58.15172834723781,-105.26360503616397,81.4280671185798,0.0
220,-29.644587809503776,9.113028846174275,19.026977851943798,-17.69734735047078,185.2810150189849,-43.49213532812205,-104.96134990421041,81.68994654755726,0.0
221,6.006033137237699,-23.819930786012666,32.604438937904426,-4.479723058590896,196.0633998278503,-45.03932819585993,-109.63773198715134,72.1759510903433,0.0
222,68.75344659170959,-77.23316613415243,127.13444281507655,-88.58917219782579,177.14049262779298,-90.60973767641399,-102.09563955592895,106.83762339122707,0.0
223,69.36153794534144,-75.23240520341284,22.69154393221597,-38.79066796110294,187.71121977859227,-68.55729643650875,-96.33541629391506,85.38800561452845,0.0
224,62.48994447685254,-12.737545246533655,1.236313593714533,-118.94688780588676,187.00219379625028,-43.43629128650842,-102.79268131882377,77.38635676672686,0.0
225,-90.84555000691894,44.98133101372018,-35.292933531845904,-172.34417295546314,173.89613721494717,-93.25741645479613,-95.84629155173732,105.24428755773667,0.0
226,-23.306265655063722,-38.00869711905628,113.32402136635777,-33.90375456942602,193.67046769013015,-33.941645279688544,-105.11534326692512,72.19359019907482,0.0
227,27.275332052290285,7.9033000754827,-1.76016185897524,-87.86209843894882,182.09515041986307,-68.13922628160066,-101.6444160937509,91.53235832295151,0.0
228,13.661715109543026,100.33473287269454,56.368056611269694,51.60724910124659,186.0434922547039,-55.259031305188806,-105.8974583884513,85.86781510524374,0.0
229,-53.2285434788652,55.466803234731785,121.80427775540235,37.595177505628854,183.736512294565,-51.13413797673449,-102.51406339284088,82.67985160516649,0.0
230,-17.639554749073092,58.5841800217953,33.9528039830114,7.467482696137995,179.6817509839019,-83.80002417398444,-96.79876497663764,96.11683644856788,0.0
231,43.73719179202768,-68.489858536652,158.0572710512858,-29.086240351710025,181.425557520351,-57.12503974222405,-98.01385130539535,79.99299947102816,0.0
232,21.207445114647385,118.35684880419302,-3.6845928363817726,-4.679678723669784,182.2097613092218,-66.6001985662347,-98.09979732991548,89.50440583579012,0.0
233,-21.633727338548255,204.28806001951747,-36.20321368634806,38.93086918288344,193.60973431639812,-56.451618395617515,-103.27826500985462,81.11623618233878,0.0
234,69.25293384913567,177.90860107830972,-36.84019809575454,60.13447584531455,172.13663757315035,-86.88621790412135,-97.204666033716,94.73380927562906,0.0
235,8.466425198720634,-46.24644265745187,213.38357087319542,-6.779346316325246,181.04475103337944,-62.48836537931976,-102.988575749013,91.18763351256975,0.0
236,-87.89076589743418,132.9771369835785,-13.447848697983666,-39.832958486102186,191.4341068982059,-52.34619540544382,-101.9638767286111,81.22853380426108,0.0
237,-77.46094440492128,76.72587534428959,-58.6409342259644,-152.63417473805518,191.64950697433454,-42.49628150923035,-106.57286482485841,75.77691389805845,0.0
238,30.80911828795298,11.90066079800744,-143.52001318671518,-72.12959006445504,186.305876777216,-76.33391584613801,-97.9975040208632,90.83022034253182,0.0
239,54.04266771095529,-45.89874533245135,41.55515244040389,-63.231390889437066,176.89599355958822,-74.6152377899749,-103.68909293965532,93.04953743626538,0.0
240,21.311271668399932,-40.24524274667164,87.5996945870542,-48.39390207946122,177.46715064728394,-85.68893565333812,-98.41122237694653,100.22787347704507,0.0
241,-89.63327395151933,-64.5652887691427,63.36018834425226,-90.8768472543682,188.87172826923333,-45.965352965454485,-102.2220712616617,76.31544217660918,0.0
242,-111.09863710861548,103.9862171306546,-18.139893460632972,-71.889642715254,183.56643742846038,-57.29118857854723,-101.75081707015813,85.6085629291733,0.0
243,40.69926673843257,75.32334660518517,17.51270044637549,-21.221703335325017,181.94962786733706,-77.72331982479088,-100.38927378877007,95.64893746858023,0.0
244,82.10711263349096,171.39550461644225,-113.36991459544943,-74.60938824266363,177.2654727696832,-81.37285983175278,-94.71318164501754,90.65853863313072,0.0
245,-2.7028475875589986,-28.941141228197235,37.65340022554384,-42.87826472919682,179.749074971235,-85.40347359255,-96.42313627194052,94.72957922720542,0.0
246,55.865532700558454,-69.23720378532198,131.7630345076473,-49.11718754647343,182.45765556290766,-58.58341532831175,-99.42142571578671,84.1746696993986,0.0
247,16.038530478482933,-59.11721249885984,-53.42643953744296,83.24768332893898,179.83620712528864,-78.71321016116823,-97.57112522234952,94.10525106603902,0.0
248,-60.96352042783387,-77.96358784578565,73.49812975105228,-60.46022028426121,184.5963745850973,-64.99299343944791,-107.98106144255956,94.4578011899258,0.0
249,24.047724558810778,-15.632043086869377,-17.540321341787678,-33.47779483648685,186.90159577652176,-61.00296871382584,-102.72449094678197,83.97105861363818,0.0
250,-26.93048357892622,213.39904046480189,17.48433300384193,76.18517607417148,185.01118421454422,-58.10065068480435,-103.2328672632467,85.32900700931015,0.0
251,44.49894096985716,116.20179198782648,4.625547997410745,29.903555408056192,191.90087391939386,-37.487128902918414,-104.30332881738038,69.91103041580635,0.0
252,-45.69326831715669,-22.147356075824487,25.92002812166468,-60.11626582424999,180.8951303467108,-73.53124229248242,-101.61266382596573,91.54020634853707,0.0
253,4.983699559091814,44.211731166742666,-5.151415139137949,-125.64281141010237,184.1731927384782,-73.87556717541665,-99.23454993096355,84.51585844907994,0.0
254,73.04610387159364,-6.595391382865573,25.707126779594518,-154.47007297932075,187.75529113116153,-50.28885899254287,-98.87600216146586,77.21597938977942,0.0
255,-30.890026150628813,35.27514527583988,48.883826376125356,-52.20817883608711,196.0223640365599,-35.90267189358717,-104.46352648596405,68.64083211458164,0.0
256,-60.28097978220019,40.47747760658009,-17.080913093280227,-106.55858667583055,187.1525753233768,-41.858493142736435,-102.94105390607383,73.00535944541996,0.0
257,26.08587460359103,-28.98622464546422,47.79336923154995,-35.40322798783764,190.25129574783455,-53.716792187558895,-103.8198071425859,80.11196973580748,0.0
258,-86.89978851252712,68.13687967466288,91.2673775004594,19.25467570800382,183.2000970180525,-71.62194349593932,-100.54608459776054,92.42860625931188,0.0
259,-7.285169673758329,93.29524285307389,7.907964751843133,-24.54868373338063,188.62394623043357,-56.14855539370295,-100.85312715116966,79.79794055173906,0.0
260,49.64567892681806,-82.44485210791737,-94.50814910503402,25.592530608858354,187.80634532088723,-58.161717242825254,-99.2225933299058,81.16964630234773,0.0
261,45.35943197679797,-69.21490960182126,91.60258215216595,-3.2795507161789086,192.27211818094617,-60.051818548330566,-100.92404522654637,80.93106242894949,0.0
262,83.18910363660312,133.32195104510993,-83.1190548133952,9.971475902568583,187.97891903306427,-54.56076254556519,-103.77391297297056,80.66447188322233,0.0
263,40.99339477841758,-17.467628273208298,-45.67954414594604,-18.08109477635268,192.87132884810882,-67.17358152639565,-104.03134032752817,83.14517424859395,0.0
264,-30.46777217812903,46.401074810516086,76.68695882864841,-28.156468645586713,190.4325194919353,-34.78028402483494,-104.58324710886797,70.11529193688588,0.0
265,-27.475345861190586,8.19962883164168,-19.68853443720942,49.364473984234365,183.84090518392085,-69.50465284391126,-96.08847552135232,88.12138265771257,0.0
266,-16.537638440565004,4.177220429424045,103.61670373028886,4.837813489228415,177.14568079574155,-82.85450325359396,-96.98716555007535,93.43097617833168,0.0
267,104.33458037568211,-50.85961859967198,-121.08807916615501,-122.18042917997406,189.90405647930302,-53.882201114245426,-103.16015125890884,83.55190169135045,0.0
268,-12.21993892389937,20.69206678586254,-14.963361465465862,20.44229268936051,187.40230348279422,-44.71388120166988,-102.14097148833821,77.64118119008484,0.0
269,-20.981192527649238,-147.89470442119844,95.24602704248174,-138.42410615616453,185.28861649116894,-63.57064409367831,-99.5068517887043,80.90991190929617,0.0
270,40.56161747484858,-28.1123994001726,-37.71990625365979,-25.84511360332958,195.83149340342342,-16.650430833240094,-112.52486792806893,65.05905995168814,0.0
271,41.57252845618146,47.95511959984643,-14.046375011131618,-170.52649216331872,186.04673582682116,-73.25012332813778,-96.55919474354582,88.76552516059925,0.0
272,44.316599387315414,1.1926530359516019,15.271578607423567,-11.86374373114949,190.55309252627362,-64.43334643874317,-102.50705440861279,90.48317310740484,0.0
273,-204.1518636283768,19.867627129990353,60.454544493651994,-147.51397108440528,189.74770007782115,-43.55777645570949,-103.56709791700737,76.75213400223979,0.0
274,-65.19915952239242,178.58498030744926,-46.41113342654165,-60.88557006067043,178.79396975362647,-86.76725510881437,-99.96714568549602,98.57644032022306,0.0
275,16.771429391328894,89.58624771894569,78.41392909201075,69.36181602454681,190.80391844866165,-37.67301348667735,-102.88727045518051,70.02119004228952,0.0
276,58.15287727959259,-60.491819187978294,41.45637277500979,-74.01508992275807,180.93523963871863,-74.73175822226675,-101.57690927554728,97.55980969584353,0.0
277,-8.146968756949574,14.247119775599803,78.54720217950668,-52.90187958653575,185.66583690269948,-58.9530087634205,-103.48441624485062,86.0657206955819,0.0
278,11.903795766581538,-18.495759498382615,52.55250972874009,-22.408029859319655,183.3625294812277,-63.12476535735603,-99.60764378751848,82.33641287005875,0.0
279,20.071937076315514,-0.18373935400151642,88.0614065802236,-11.83045301212019,189.49080190455058,-39.81632675356347,-104.26285148483706,75.33364299970324,0.0
280,40.88521128666303,-52.98149489169646,130.48702343065582,-21.012915739713105,188.9859533473562,-54.074192744533704,-100.60365340821402,76.38028565237052,0.0
281,-71.95007604515263,110.2271934162952,103.0418450911824,-2.2037879708815433,193.32030827280968,-53.335229315546776,-105.72471769592504,85.28332711187998,0.0
282,73.7557364933052,-62.61628028208723,85.62314796901182,-59.376680461835505,180.00634351113845,-63.96672941337053,-104.00480845618927,90.91103773539746,0.0
283,62.32595163460461,-48.1321921647805,14.920346874171099,-67.56389794917777,188.73129998366275,-39.879059660821184,-106.78469356187762,76.33587943533718,0.0
284,42.23989661629608,-51.23128924796339,149.09592121799253,-79.55908909390696,186.83696639155923,-64.34574876431631,-101.82724830344672,82.50333459016048,0.0
285,17.130389201342734,213.3748302135781,-30.221327441182755,14.923260161566487,181.3010748570738,-69.46137475996206,-96.6978288102044,89.48385813726256,0.0
286,42.94383917951834,-86.8690907240632,62.43933559267931,30.646585054351583,180.33683451619473,-75.92425048008657,-99.9418044479451,94.85039583444808,0.0
287,0.995839620619654,13.078830613815695,113.3297771672868,-90.03479476475977,180.4484771271209,-80.76112359213772,-101.2677868726368,87.95209591944254,0.0
288,30.37812953384912,-15.200121161552705,76.26903723895985,6.615596381828776,180.44552917157986,-67.66215785469683,-100.12849350232477,85.7834160506526,0.0
289,128.11104023077843,-40.49163255516709,49.60067711461739,-30.7855627257773,181.8481622907032,-74.44838616366073,-99.06357663490019,92.6214158069508,0.0
290,-87.52744877343265,-66.138372416342,113.47680768012869,15.827591042899808,186.11465346798684,-58.223164605689384,-105.10690912639957,85.43041216282592,0.0
291,25.78520871914407,-13.250287452535037,73.45474308721222,-72.40477570533884,194.5634902939023,-43.64991766037332,-104.9899242823191,69.87481434791222,0.0
292,-67.35283330953376,27.01626300180355,-11.85738273957117,-119.3454074553021,191.73256865308355,-53.485155852314435,-104.2594016252728,77.82427900404105,0.0
293,-3.8737826882299986,-7.5596695802978235,110.1033563715137,-21.921052491910007,189.0658114399253,-49.48495345027044,-103.16561223590192,79.10002860118261,0.0
294,45.68050827424536,-62.41508711571293,11.623786007246718,65.73553163156404,175.41939897427528,-95.7996777184153,-92.97814970095271,98.86322154009405,0.0
295,35.78642489171314,-74.03871771684358,22.665280011312024,35.01536889714796,173.1410450857155,-88.0259703739698,-100.3226238343812,104.6156203987552,0.0
296,11.523974871935982,25.63694247286984,124.89920136620889,-57.196798933323855,174.1917053957249,-80.6238471879916,-97.50381810266508,99.47352205772543,0.0
297,-31.965248816792137,78.37352730790256,22.074228126153017,2.804092243434375,185.1413615015167,-72.40535473445084,-97.5056128560384,81.77668082968525,0.0
298,35.073780524148084,-34.73975584743892,9.188873073069747,-34.587937537638915,191.8844238309052,-40.91006126173206,-105.64797887566972,69.57049748549096,0.0
299,0.27560450904665634,112.70081126096268,55.611402668452016,53.16302582494162,178.51630741563622,-82.79211156818778,-97.69686007058438,96.10279322111387,0.0
300,-13.698093404023586,8.420260382242795,43.616013149163415,-21.253285511329427,174.68851128184806,-80.5822759792311,-97.56905491397102,97.48789032543968,0.0
301,15.066799068225652,3.720140735434213,-13.012652353553754,-33.4261062257252,187.16996118008387,-74.60527659998131,-103.40635678749203,91.84549681132488,0.0
302,115.81594751067708,-109.56858466274512,117.98088581933459,-91.39318166797817,185.9976595809114,-73.1216884007334,-100.66251209040232,93.14559377765278,0.0
303,52.70076507853167,-70.34521431444732,53.59776580983166,-37.271715486569526,187.00923032508965,-69.02822464967063,-102.33324273716678,85.91672358098864,0.0
304,47.420118348241445,-55.18930890870334,24.164575099853526,-28.250458378741055,188.25785885362865,-53.160665804075336,-103.649003998489,79.50312439642181,0.0
305,56.660944245041456,-59.50318331962367,80.49908759595863,-34.27365143771147,185.76726931223814,-53.1943972482135,-103.25817464112373,81.62945463653752,0.0
306,-98.92844914947956,99.43693686773622,41.50839175457688,-36.39849273824105,186.81871820730504,-62.83676984102085,-104.9439248837701,86.64256278566361,0.0
307,22.72489741262744,-40.020300113906,33.85013041578213,-3.6550044004697524,181.23692813431322,-67.92605592730621,-103.51826130938234,89.49616491899542,0.0
308,-0.32093259497117943,79.03996185848058,14.810423876860535,3.3887231950448293,189.34729874833783,-56.598459825830126,-101.82870156479827,79.77377747928169,0.0
309,-7.863472047371483,-49.82096954637755,9.78186686150358,-161.44374253566966,192.5053301371305,-51.92925478031221,-104.32055026963928,76.19691847394556,0.0
310,-82.36212051793204,-39.56651715453333,27.782314602071928,-169.24342209871028,187.2588879753692,-54.26146929508649,-102.56008127897397,78.62449877956598,0.0
311,46.08005328773551,-21.85364465954366,-44.01537057023973,-64.30618638497745,179.7040016578208,-84.90208343024106,-100.36068407887915,97.31903696738433,0.0
312,32.11288235356641,-25.01828707181506,16.949739184709973,-42.11914086592462,190.9836186189414,-47.300308156180634,-107.6655778929048,79.66999009196364,0.0
313,-157.9672728199527,178.44592548249048,-63.860059132880195,-161.00683748864017,198.96088263901112,-31.90322642522676,-108.59394092459146,62.877194284313816,0.0
314,-38.46778752762619,123.60041646464575,109.0515254315689,137.01907933537348,185.68033562505425,-75.39357015344079,-101.71637436210504,90.97509671216983,0.0
315,-20.032211358914687,12.403732320345979,124.13533858701418,-19.50548269982558,188.91641221320478,-49.602650951547396,-106.43251557070705,83.90586179880076,0.0
316,49.01356963996173,-92.96129991418451,-23.92704274047579,5.569576155897571,190.27846064423886,-48.56609036499855,-105.85799790283431,79.16996769760458,0.0
317,65.13170322103639,-22.51499100267438,48.69311560304103,-74.12766574125835,173.74611537612594,-106.28402998959034,-95.76002034532435,106.95496673460039,0.0
318,34.031354789260014,-41.911368374565726,37.620264236018194,-32.949159829535986,187.27453467483707,-54.78092498701545,-101.22272237422793,85.62789235220677,0.0
319,9.183528803204238,-18.787684927068035,5.331248226325686,-37.48787519626669,193.65138075844635,-33.05410740278742,-107.69099995363133,69.42189181992538,0.0
320,-6.4157803718106425,-11.534217413119757,-31.356868513983894,61.81062368296031,189.88462616671376,-69.7790267319708,-103.36324178596102,91.749955247995,0.0
321,21.6756678711119,-49.97614554801657,-55.875834185102924,32.36077293111052,193.85874126787996,-44.33444118201648,-104.98786693628777,67.11412237434968,0.0
322,-112.81333379773781,-4.372375424397607,87.07247944607023,-84.30768938404489,176.3397472705284,-80.91774061832531,-98.64471391072699,102.38120282707486,0.0
323,-29.102422399571772,-37.96679183540688,94.24192338620675,-27.771691234784,190.3852769880376,-50.43131660712616,-103.29580079282138,76.97784525172717,0.0
324,40.60885193658769,13.579681828804935,-44.268876659078224,-76.92788440797659,189.60268726574492,-46.97648543245653,-99.5579561076429,72.3037169620777,0.0
325,34.46188017724827,-21.11453551870892,10.214380717607863,-56.96065518002792,175.02594733766736,-85.0964431625638,-95.02035068696645,95.15214857977337,0.0
326,-73.98026334652332,-50.23065597517946,162.67932430252762,17.441900690798406,181.9801185055129,-72.70107134930419,-98.93136331873582,89.99719124613051,0.0
327,-113.838531916221,20.972832956416468,81.89703234051586,-52.132678922504795,194.1432660655161,-39.66006711759876,-107.92773681103087,74.24736526262886,0.0
328,-0.8394638127110554,-11.471223835670147,38.797586978323494,2.499597638132134,181.0391377163936,-73.537751895682,-104.53993185943587,92.72583688315979,0.0
329,-80.70568345681095,43.841308117837066,37.49213031983512,-89.72645942970992,190.66059424075553,-51.7044376561081,-107.57345102976365,81.23661891574167,0.0
330,20.27399531801432,-18.98299223811137,-84.46523391190446,3.7322869272946315,184.01751262655225,-74.46196947395363,-101.28477782688202,92.57689320664157,0.0
331,-110.11050654623085,46.61189521538702,32.09242458513533,-50.45162996192513,183.61946436493653,-66.72640138596289,-100.7596044027688,83.01259822014673,0.0
332,-58.95270847976754,-63.92783051244655,104.73406511412513,-76.79088594069343,182.04275118177412,-67.88304309795676,-101.18628626884464,84.72243635175954,0.0
333,97.72195544551587,-130.43429477231467,57.0622890466951,-36.48037640656999,190.03920193350223,-56.320982689166215,-102.27032221783251,86.02389563605172,0.0
334,56.3104997547959,-85.37699551058463,123.7418506725942,13.192478847855604,179.96785495393198,-77.75028872716076,-97.89446918805308,95.39225864583969,0.0
335,52.697309969905426,-61.53188929056527,31.583323105899485,-82.99974216985963,182.68337628062807,-67.5420760697129,-97.49352351613373,86.43632250530065,0.0
336,-68.97371342032628,-80.60068369626354,132.1839294828236,3.3964996629887056,183.15317445270725,-67.11266716071914,-100.25184344039474,87.61971882071063,0.0
337,-19.43579427806913,-81.17332200853944,31.32488798236012,-149.7511504532466,179.8339159789155,-78.79406393557848,-100.75658468340225,96.65128179245994,0.0
338,66.1683455118292,-118.68648874587757,-25.970574624915997,121.56852901166326,187.2664054748703,-69.09501049795236,-100.11436138493553,81.36642494860122,0.0
339,-150.66756891463675,51.71638680784866,41.19833772859695,-24.886995626439465,181.3159347460994,-66.7718375399801,-104.29794511469208,90.20224199716674,0.0
340,119.0603478286734,-55.49964301073855,-63.20481276856454,-116.44443090886769,177.77502289670568,-72.31007749482441,-98.59631403620601,94.18788402666027,0.0
341,-44.98448516482439,-33.01918821587322,114.06988716714221,11.433280667486484,181.38420272619766,-67.13329810758667,-104.0935644365308,91.45511666781306,0.0
342,-17.417502728459326,17.993422154325373,27.682212865613643,-38.626229381769846,192.06477106279883,-37.4410087876136,-103.41650426944004,72.30162531528593,0.0
343,-8.669292269079731,-9.952965632385762,156.154157658646,-1.5933207028356988,184.53504057284098,-63.32025740197075,-95.61110340450529,85.20015028291074,0.0
344,-130.68370852207752,77.32030100692558,27.53035668030648,-112.12616178710242,192.0847930425045,-46.628321832635244,-102.31277356238512,75.13979332272567,0.0
345,41.32209566589087,-77.99904024937172,19.56832521744942,25.811622299578808,182.22337246413022,-67.10384901121579,-104.54254905007296,91.50559741246683,0.0
346,20.077884018026346,-32.653632569170796,-58.45671151246283,-20.61991614286172,186.07226131594138,-63.42060583106037,-96.75175160875166,81.5354479807948,0.0
347,-45.43837234315188,191.54921573955752,-13.497880104363514,-12.084908432745166,192.76577788101474,-37.36943838296789,-105.2075073653828,71.80429712364847,0.0
348,-63.26499266183676,43.948329637879105,118.69890174750508,24.824658920450883,187.66365082945876,-46.902585904128465,-106.06698941104493,82.5372870030027,0.0
349,11.452327539446316,-38.686532689006256,156.9637948374732,-62.97708350245807,177.76572644016477,-72.7002959209556,-99.01322535977673,92.35861800714915,0.0
350,-60.19891755335124,-124.17021844819457,82.99176770484125,-113.24164713261521,189.55312843288505,-60.0280995213714,-101.97093563385398,79.46488579015309,0.0
351,56.64110216323025,-93.52314233282087,225.75961526075875,-56.44974714570207,187.83342368344677,-65.08896731290554,-102.3100432096467,86.64233359767209,0.0
352,22.994541773055722,-19.994931363314837,36.760558485854986,-79.9710982045319,183.2637840380545,-62.082774165609294,-102.02235270029361,87.74734167822831,0.0
353,-41.35579112064509,245.33926552570776,-61.10682088733769,-53.19792379181045,188.63022289139613,-48.11473132335558,-103.84049672546517,77.32651500965076,0.0
354,11.01718658116108,10.791455241635568,-6.086707094219906,-45.49697390551533,183.82344224509407,-53.811063104347575,-103.25054092614886,81.45255768261966,0.0
355,-166.89962125848626,69.10499602222464,14.472283469864797,-122.8702592414522,191.05050515269977,-53.32570351239243,-102.36903836986815,78.20561557264386,0.0
356,19.917189510584286,-10.583524496810659,16.950836378503062,-85.77148272156501,182.2822563020246,-74.7886181661475,-95.09292168494235,90.67477910657999,0.0
357,20.272935181335825,-17.16901926655689,146.47492164758535,-99.46033529907216,183.29017192233854,-65.26956138988433,-100.25559374249632,89.41300782591635,0.0
358,-119.718245574715,64.88130100415641,110.03240815585636,16.13020526590008,184.29799420436566,-63.46375690178615,-101.70176068723875,81.87400603719156,0.0
359,51.629472921015406,-14.680374142722583,5.630850642701279,-110.1263956475995,195.33003655896826,-25.993130559888833,-105.99431530921169,62.3097557103544,0.0
360,29.670787349944334,1.229662946415444,-18.580517966931186,-43.6980309443826,184.5247223090092,-72.37531362673585,-97.7934567891987,89.05804431181159,0.0
361,54.877040082561024,-19.942169450289747,-29.886848992897175,-56.471585051886485,187.09150743296004,-62.715518703239745,-101.76777685354595,84.2855343737941,0.0
362,-39.91962831284812,-67.51329241375745,96.07851497476936,-68.89587819381666,190.29290621629642,-45.091854050085004,-104.6214335348687,73.9436229738206,0.0
363,-56.212493320586546,133.47781902680626,-2.6217714637027045,15.57976056225373,192.1734200933808,-38.7508420326775,-105.12011964496551,69.95543888485433,0.0
364,64.53354310147526,-42.92147584252347,81.52775511569034,-127.47189463302209,192.32058983600473,-58.41463287347605,-109.0031636809414,84.47587647644642,0.0
365,-20.754152654810042,-21.55932959776283,132.12452600805614,-0.06717191171906056,187.68471510734105,-54.542208102740574,-104.33814820540739,80.17940417188414,0.0
366,45.04891152357173,-108.84190008430198,-11.526652511539243,60.467508834746184,189.77289577472305,-52.86444333904279,-105.72376405746502,78.41716096191628,0.0
367,26.72926092992717,-6.333921999062175,-24.568872208529015,-62.33889435582341,180.17490034352159,-76.66615221876033,-97.24547489723064,93.64257527001948,0.0
368,-73.92297577041045,-27.78166909352915,60.251936254263306,-145.707502944769,193.11942686019785,-41.932119532987414,-103.39367824972545,74.84336506473008,0.0
369,19.71457670412545,-15.602430186019728,63.26257807341973,-26.71050175793233,192.73564325810892,-48.43486963918727,-101.0390573884193,73.15192625747096,0.0
370,47.822381279796936,14.335162312258532,-71.85720996315901,-123.2000522567525,188.3019060928242,-68.34490777655725,-102.26488159403266,86.67638421471642,0.0
371,-32.1443982767815,72.4200829861783,83.71653037400439,22.172685790834546,181.90162501834473,-53.984259702811094,-105.87049079420102,86.30146702716846,0.0
372,-98.09949892159705,23.298016399674008,90.81333617532296,-36.81272525260669,183.21787842459185,-67.55699680654084,-102.9156634016879,90.43025260580224,0.0
373,-101.0975631642824,46.2015541105829,-13.275884229193846,-146.9000441967945,189.68499966035557,-40.79867949103226,-105.39501921044575,79.90652599197935,0.0
374,71.73149097197005,-60.909625566266854,63.97136462783421,-57.077409502369704,175.63193755465625,-76.32589234875178,-96.60447135641526,92.31894358939792,0.0
375,-18.685188125140606,-11.596768731952494,11.322996852079786,46.31899926096965,185.13273016011928,-54.99411255329498,-103.96363933268087,85.75224621007783,0.0
376,-112.18473680828393,81.27778116905459,54.13953933306026,31.93146645941254,177.8565438866085,-84.1876410509006,-98.18980095822629,95.38364825713705,0.0
377,14.091262348301228,19.421242469572274,-62.910921317616996,-71.55801194708104,186.01790402679407,-53.409919840457945,-102.61107990114955,81.59774458408044,0.0
378,93.9895875378249,-117.74222835553066,47.02102460628349,-38.422374370063714,180.1150314854003,-75.3616184946419,-96.17927041979607,94.96502787148837,0.0
379,35.46529246338529,-83.14193795701432,120.84057979100132,1.085582381379241,191.9006535372343,-64.514718850124,-100.77247406423781,86.62593148584884,0.0
380,17.424524164841436,9.491769229720266,67.51433120040313,-15.299503024351635,180.00851090074508,-78.52115640869289,-98.84148763820129,92.50749484043051,0.0
381,42.75705528096777,243.87539785408978,-50.07616621751899,16.317813987962705,185.45817662532198,-44.82421778856388,-102.65052761864315,75.24592925060458,0.0
382,52.00204747238622,-46.472785474022324,53.547954762840845,-35.253641920397605,184.0936250201439,-68.44141048256587,-94.27334176763186,85.08766805705487,0.0
383,-86.8300394235743,-73.99040396810095,47.22936526456444,-46.76224719091674,181.9477585563458,-66.81790111071217,-101.74483792149562,91.38040639246813,0.0
384,11.470769671914088,-66.98018022264417,113.59041035122513,-14.72089405922333,189.1183048269229,-55.70219195700389,-105.35015249768847,86.80095154616883,0.0
385,20.27193819942944,-25.040163956764495,-25.733152359234502,-111.38527098730569,190.7189481553455,-60.12132755495434,-102.6906202672237,79.17136525629302,0.0
386,-47.40975073167745,-45.02237116092358,101.17604423759614,-43.713005963584415,183.80289192463792,-72.27871235786225,-101.39434866974449,91.80967368071938,0.0
387,47.66055554777983,-21.22813408962386,228.01546854600514,-159.2927948864183,183.05823028949342,-60.666866416801575,-101.1897217740969,84.11831257163313,0.0
388,-12.494946018652048,188.57447426791887,-48.31917225876809,-21.879911318994708,196.8116661893769,-23.535768147653904,-101.90017711540257,58.41197244277021,0.0
389,-19.402154984406174,-13.639484756561055,63.90071860285873,3.76930800978354,184.79071342445695,-69.48582719733892,-103.19083786550495,91.0333872608325,0.0
390,37.24088963636059,-108.34610331368278,171.40362403407977,-19.46634186721596,174.83430334634446,-84.49412513936717,-101.2524805188233,105.28616487635358,0.0
391,37.49427064599909,-22.58144568354437,49.788551024835016,-75.98017884438171,190.468431701168,-48.22967093775963,-106.92023245130217,81.30177665583456,0.0
392,39.97815774647264,11.806659724669283,179.99686602034203,-142.39704962353602,194.10107158534754,-41.69622762894939,-102.57757823140773,69.1692434980739,0.0
393,-37.94573962096138,69.6099821358023,40.478084231720004,-35.82412109900565,191.12472615772995,-50.00366136260328,-101.25611185749354,78.6151832388412,0.0
394,7.613513182230747,-31.77789782878331,41.30564814282738,-11.180176493541365,173.5902826328132,-89.07749944176739,-98.06753197980811,99.66754819049551,0.0
395,-53.01083308371973,37.38335273053425,46.359426211114936,-23.459158175961555,189.88016348394194,-35.25637775444838,-106.90422028654368,68.80394367100241,0.0
396,41.109209025724105,-5.599998170006016,-10.358773454289965,-44.32346260511129,182.30017778753563,-67.67234100376959,-106.36641160516791,94.382617537142,0.0
397,26.689732475643645,-104.70317329667908,-65.03355111295679,89.16480019248016,185.2748432800515,-61.64357042069119,-102.14959866627358,86.45668405652087,0.0
398,95.5027296281985,107.39951047445908,18.59518651782623,68.4595451591501,187.9706373256112,-63.187858309583525,-96.79671502738955,84.73146254043793,0.0
399,-34.17993259319049,44.13494872803893,104.89887585635127,5.211658556443743,189.0084262974595,-42.40633670034113,-101.73402052832499,72.30175644411858,0.0
400,14.804684770359128,-36.63128048856345,181.92398370309292,-19.49588526418442,190.4600099617306,-59.85172726091319,-106.11756597998254,87.75590638576251,0.0
401,46.61365876342877,-13.28351056505628,-71.3301656143958,-26.76642852919413,175.3873655723069,-86.35441270928256,-95.31810373841957,100.52692451181044,0.0
402,-86.34224125024404,48.38408526605817,6.0828888047199765,-93.5429159846773,191.4101197387553,-43.9668200173401,-107.83870468346157,77.0948069701777,0.0
403,4.085941752956634,129.21843435514822,-77.39799455024112,-88.01893667014421,185.97532769297158,-57.950193342140224,-102.14041718030168,83.15959337721168,0.0
404,27.771094325416968,26.30942850315942,52.49836384844235,-22.173744004240937,188.84467804645445,-47.05193250008068,-103.52500181231252,77.67913319609966,0.0
405,0.9124256011641407,-14.801865313352947,48.590575194408764,-2.1208426733014374,185.87836113713144,-57.35787000609511,-105.24658710624237,81.00795994745005,0.0
406,23.630615529654452,-31.212563487893675,58.27918114745434,-2.0421805279865977,187.8808182224124,-61.36706963898435,-97.20821374161063,79.26469554111172,0.0
407,61.3477247480643,-74.92815745233395,9.86859476551874,-12.227461711652825,175.6488454179388,-89.99678495309112,-98.42899508873546,108.213988056601,0.0
408,-156.10499600788108,42.31448862904787,11.843536567980383,-125.50151143629904,184.125157197388,-55.95845791434544,-103.72682557985726,85.33656696498299,0.0
409,124.51549612767023,-76.16823010184737,80.05804343877865,67.00523054428199,188.280247842566,-60.86910290201803,-100.33676069775753,85.64032190142613,0.0
410,-3.6945114429612067,-41.52208856074736,145.16045156121746,-26.168665333263842,193.56441139841266,-55.841628315967284,-101.12152927501961,76.33704275353001,0.0
411,34.887996425336134,-38.92575372041186,-92.23195511528826,-1.7008944824470518,186.18516136978775,-65.44541766811788,-101.77871088826416,85.78723204573608,0.0
412,20.834960692115445,-19.804973527311624,24.315046505464643,-9.918977685885777,187.8926755824471,-66.11704090297935,-101.83028127837508,85.96333332005483,0.0
413,-72.97299963183978,95.32695042088396,25.184715753808646,-60.808146427068706,176.37676422136968,-77.7394375572847,-98.28630943074555,95.84340858327475,0.0
414,1.2820407623933938,-49.46350081096473,209.43543788135452,23.305690747819664,180.77436712313454,-70.45396954581474,-96.11358988918214,94.06536798743417,0.0
415,4.291388611185515,-9.430272831798176,24.206057116991804,12.301581772159636,185.63059909912067,-55.96433934621665,-100.91411226926382,84.41033073985635,0.0
416,34.69961624273156,-51.82875234390431,207.6509734287085,-48.378083134192764,186.74078122544563,-49.87026874884681,-103.62472253365443,82.44768137192474,0.0
417,-19.76052259800201,-68.73764314139956,170.19685924658532,12.134385563771804,184.5679894712504,-63.086836415638594,-99.7366114003402,84.17722901273447,0.0
418,12.976588594340427,-73.89451272905343,78.27720888668406,14.818482097155073,187.0523433694598,-65.694555224049,-99.03276563281372,85.32529083795815,0.0
419,72.26122079995633,-72.14489875429382,8.350568965960154,-4.396927009417029,187.12821457685888,-55.84273975551765,-102.32974241736451,81.64509839229952,0.0
420,-29.693241964320315,88.05262105929619,17.424476605749696,-39.16529849375271,182.4764154510046,-73.81742073924154,-102.78052003082931,89.9215021290243,0.0
421,-11.533810794405147,3.635982455806169,115.47872537871872,105.71508938776705,186.8213238606776,-46.44877757096913,-103.07974435165363,82.1500303501878,0.0
422,57.195660085553676,96.15952941516515,46.89708764089674,43.65477929990457,178.10989923519665,-73.32998922753578,-100.77345736808212,95.63040912928672,0.0
423,54.02548416582063,-91.40680784835139,86.60043604371073,-49.92361892785078,186.66260004303007,-55.3265881774569,-100.73499306104877,78.94640620507889,0.0
424,6.243505533045035,-74.03018192949457,183.8358544157548,50.72576159848295,188.1761971564563,-49.36391333802685,-99.14211542798802,76.64217247866269,0.0
425,41.678757811510735,-77.4212346080468,111.1009962527487,-19.1610943652155,190.44738302853563,-38.497280379907025,-101.40266611746011,71.40227190380848,0.0
426,49.56949300495468,-95.64147852644116,131.25705752167815,32.58229013377634,181.7218785520941,-67.07891363202272,-101.56256792795601,92.56981201750726,0.0
427,66.95940727076658,-47.49875175732172,37.64709508325958,-81.01114518005865,183.41660292889551,-71.1530844163831,-101.63640951975796,86.52181425104669,0.0
428,-59.3194084013023,152.97651373863638,-25.600940623383828,67.81978230856993,186.30314466526173,-56.62998770618375,-103.8174794594197,82.64779369390541,0.0
429,9.769492929858064,25.217563359817664,33.32088668777411,-61.952017153614406,185.06465434507422,-54.36468873675662,-100.58453780195593,82.44084756722991,0.0
430,22.496566277226066,-35.83773897183109,103.21641375388228,-46.98981328977989,189.60387339253376,-60.22044943260244,-103.74061399509503,81.8167882889194,0.0
431,-101.1324528702714,-149.27466049468782,31.65113774196429,-119.67492720922807,187.063070548845,-63.82011610042805,-101.19150953924876,88.58505491836219,0.0
432,57.40466649094241,-50.42840076743534,137.40627597923435,-139.7648382826282,180.57030348496994,-76.82023426318514,-99.82697845611881,93.62541912670918,0.0
433,49.298694501797954,-109.17208548679326,66.64654134752675,22.376616078103993,194.87145352428385,-39.74961977686266,-107.10180854198862,78.13538676456484,0.0
434,44.653746972270056,-23.911479440308344,97.31262705830225,-99.92801122768581,191.540609413411,-31.18639072394597,-105.44570177805902,67.70251872675108,0.0
435,54.965252178792326,-90.90772528635618,156.84706695054288,-62.42885773859974,188.8716986506895,-65.81648570258092,-103.46385995848753,86.41631466192302,0.0
436,-4.778491840855498,-15.915256175326709,43.70555743480749,-65.07772104614054,186.9719436271591,-63.38549299126366,-101.40040932475935,80.15688411084116,0.0
437,70.1830487477227,-42.78408723150724,113.45822912001728,-156.2203464886245,187.13991459640496,-66.47759753242435,-99.7456377257306,87.00738797623829,0.0
438,55.67972463157815,-2.4082251911865136,65.22720241116386,67.59604227602254,182.4590143568116,-77.61604004429367,-98.67892445949703,90.51980519925934,0.0
439,62.61823173050669,-66.80235960433522,122.20226408609672,-108.65213632495178,189.7775102668561,-34.77890142699771,-103.02928324723653,69.8980485845207,0.0
440,-27.577774472311038,81.07051912058596,80.33121412209248,86.08244555731007,190.92274248638842,-64.42428389994983,-98.00182010108482,80.37200759864031,0.0
441,-0.008192422306840808,-61.21457009574396,122.42665558500062,72.63838994136935,191.01223693399731,-52.89987604496544,-100.67348319993575,75.74640160068844,0.0
442,-24.701334303812605,-26.610092655319328,144.04570789943517,14.10170494040839,179.79064516817675,-77.07788291838617,-104.35378360571336,99.37999684023215,0.0
443,-16.766977588146894,-48.479569494484196,0.9504598650085128,-10.786153566073576,180.28593871385468,-64.60911707101816,-102.37952570215593,86.78793889326708,0.0
444,19.930619633312862,-94.71544980219274,94.85710716332835,-44.6080328000287,188.79329507571182,-57.485988256553725,-101.70279329060642,81.08424884095479,0.0
445,-57.06491850579851,-47.68712879995374,14.945742577295748,-108.92779437730194,185.30538532347865,-50.630853256938394,-101.02412475019692,79.49092151441268,0.0
446,1.9824047143257584,-40.300180725925436,75.33391832181037,-19.597562313310224,176.35256795549896,-90.76115484757621,-97.94682473259768,102.76175297519438,0.0
447,-81.2453572873441,13.409213745603656,76.08034761891197,-40.19303711601228,196.86941780537978,-25.04901382369092,-106.23123696657285,61.80165865662579,0.0
448,10.43753832793296,-68.22126547595413,140.22544518664526,34.61760319746057,190.90994602468655,-50.61341292731278,-101.73329495485972,73.32175303177674,0.0
449,-100.23972287933857,147.12431558792943,-18.717824993623122,-97.13570405831122,182.32970730912973,-66.35090693723144,-101.4459076633845,87.51703628752172,0.0
450,-74.04142069246159,-37.20455056266457,100.73482425620061,9.196658642494466,190.66863072003434,-50.39720867925156,-101.78887953098115,82.35793607831586,0.0
451,-48.9466789676454,46.56273226404872,83.04389457531978,-16.827642797024193,180.978429071651,-76.28349272110657,-100.16440230031206,94.00786555973419,0.0
452,73.25543158027033,-61.51091522366179,-89.3383563116517,-23.051951434748787,186.95901496523442,-61.29667459807702,-99.36579668118058,80.90918514797436,0.0
453,56.560129459981944,-71.11547310410873,130.02417379970092,-10.801513565772447,195.89152271144337,-26.9650912920892,-105.63610788745342,64.7183556067646,0.0
454,-111.3726989070329,45.02992288025396,111.7971822875414,-2.949953774814018,183.36687054939676,-61.86011819241385,-103.11272535621349,88.56921997037834,0.0
455,-118.84890328102868,20.79886609949914,88.4596015537132,-62.446295612716085,183.12647222808837,-68.11099348800869,-104.23278123861165,87.94405922374386,0.0
456,58.090216434272044,-49.864985381482526,59.260878330206864,-45.8112883567582,180.05837799733922,-82.55181463659007,-99.16053203051953,98.06317596781017,0.0
457,45.72495129136326,-90.21370250994036,166.36133726037988,35.35584147977352,193.539396106974,-45.386164316333335,-106.05945872861902,77.04250992763349,0.0
458,-165.24484387201264,247.95409226665663,-15.550839787390359,-37.66494873096345,186.85668613532502,-50.94789259566039,-104.73531249229394,86.3764506941692,0.0
459,-147.5559205924868,83.38640492072183,-34.64872043233228,-204.40397621824934,188.50284330156325,-59.764620555232916,-100.29481973014583,82.14035883437207,0.0
460,22.103323285062714,-33.6523925032773,145.83091667987216,8.71254269938197,194.13188682694383,-42.54606806686782,-106.35091011159894,71.04207165790608,0.0
461,10.36342659924301,-10.500717564638773,44.81915215184459,-45.536741402315705,185.27294757459256,-67.2653078030085,-99.6987486098508,84.85493066744858,0.0
462,-130.22244560302374,-50.04561060703472,65.14611745670562,-99.07133046097167,183.58079260831911,-56.41054249297171,-102.56783750877437,82.1997082315492,0.0
463,-278.3536678992714,89.2488977066792,95.01743828370388,-99.18870427165486,183.18052155103516,-65.33678740132657,-100.36177384507589,89.31410456910942,0.0
464,-123.87335114231293,101.591333169321,1.4055473978844768,-33.727067713796984,192.00833398778443,-41.49181612112626,-106.57559405411493,74.25217747558573,0.0
465,68.52149502557155,-16.03717453852592,-44.739283516519414,-79.86406136423965,182.1243238979388,-70.78025984362436,-103.93733641055161,89.94918814701334,0.0
466,-128.99252898455606,-16.916272499239682,185.58300229305138,45.41698363661206,178.27297683959372,-66.28826100033689,-97.47503583740945,86.42896442631957,0.0
467,27.577067750050176,-35.27709754517499,-185.83526073895692,23.9583904508629,189.2902374406565,-49.93370276311943,-102.5717856922899,76.92957743867562,0.0
468,65.07572717338009,-28.70530447907517,47.98974135601715,-142.3611777407051,189.04625978075612,-49.9855191228671,-105.37287110008616,81.89045260863814,0.0
469,88.61423216281872,-51.95202330948163,-123.25409409882862,-99.97065352627715,200.8936599415885,-23.880449725045118,-110.11684123372109,64.51767743645726,0.0
470,-95.875810902175,-91.50526372602069,-108.1821528383705,105.31893513600706,187.230579776862,-62.76294613241867,-99.53863352661348,84.3663060853382,0.0
471,-93.53581788201679,24.36381874813495,11.820147942614788,-145.47867040728127,187.29467901234065,-60.56254501715216,-99.00616436226055,85.82813217995279,0.0
472,-27.6523954651294,-34.60355373744212,181.74873236636236,44.774397636567556,186.09521942163929,-66.93278442086527,-101.26276128179778,93.98779887282103,0.0
473,-8.146240606150212,-24.644766510767703,72.8637911396089,-46.341648256592975,175.77293326118416,-80.71159335627219,-96.38210634407214,101.23111674983565,0.0
474,6.494559690110169,-2.1703255015163734,209.11405293604432,-98.8169073799724,182.7598055670452,-80.1296802141008,-94.99977515998995,94.32422247065591,0.0
475,-11.940544667686542,2.2557755647554076,115.7319832838838,-8.654301791061824,194.0495521736664,-57.79789142752967,-103.56237794520744,80.59440267257636,0.0
476,89.37693637833152,-102.67635404264021,49.35961263315855,-72.67514820043421,184.96744594736495,-58.11811142293588,-100.7035113208941,83.14530065740111,0.0
477,5.277691818242985,22.970253252583984,-102.14424006621424,-7.080979298911205,188.35535882031385,-37.393881336572264,-103.83670742933897,74.80634020898873,0.0
478,-54.82863006584107,114.75280018174942,94.51743255591563,21.669346593651383,181.74912728838333,-66.89335343453801,-101.49091322986692,91.08154607980121,0.0
479,49.52926266079517,-67.66077124685425,79.49744673851337,-52.487496466609606,187.90061377620498,-57.096164387710566,-103.67206401602154,82.87726508419594,0.0
480,42.971613457557886,-28.209865429270607,73.45009236938618,-45.20227614496455,191.193285970895,-63.42491808214784,-102.82843549337709,79.6009868429652,0.0
481,-59.548123233686546,123.53977243810724,-22.782497807516133,-17.371219398753,183.1110043280661,-66.86143666607639,-100.49132021657094,89.83107756232936,0.0
482,-16.165552209148682,0.7171515460168032,81.68980600872025,4.169697377948345,186.57574054723347,-72.65943014400537,-98.4298094017123,86.77334959767082,0.0
483,-42.32688995193399,14.217836296254305,3.3539289434342647,-137.5555479098308,194.71613369771237,-49.3405037516779,-105.99347188899466,77.22994414419018,0.0
484,27.344968571686223,4.947589785237811,25.71129040490755,-81.87736410985462,181.05917088102373,-72.79092682413412,-101.35646651391127,91.7816392890298,0.0
485,-123.3283115861982,-79.01294772773919,81.51278758974412,-144.3985297933401,187.28564744601942,-47.39173581369738,-102.53916351014672,75.08691345634898,0.0
486,2.750123289757933,-32.54728930192379,217.95837402371427,-9.456719448401095,184.7256753911648,-52.577448401169065,-102.5685708132782,76.3677415651349,0.0
487,-23.58931480035943,-27.942988305925255,192.31741183441315,-41.02096342155103,185.2082175238813,-70.40129609033393,-94.14835318780787,82.38756364417674,0.0
488,13.97595456389774,-28.21038992833164,-93.39312437925662,18.321999245380105,188.75985577690173,-55.42294193277943,-103.57075183587126,81.34771669309325,0.0
489,-27.24733500952429,-43.81363731581127,-26.443600146383726,99.5369050026149,183.9950407582095,-63.06410557548434,-102.47684325944392,95.33487250030066,0.0
490,48.93011315176531,-72.73180324007392,47.74394178871226,-62.20044182295793,185.20790747212664,-63.93691473380741,-99.97716208943879,85.31318399460942,0.0
491,-53.2459561338152,1.02915515712112,36.14948722334961,-84.8534991820096,184.45039194427324,-66.0961606891154,-94.46218837180753,89.6517262668878,0.0
492,88.80080484389998,-69.05696706515107,90.58330246226402,-131.71768440820077,194.68458041330547,-38.26652757001496,-107.8497295593397,75.61207535024137,0.0
493,-52.26489312366533,-7.854810083480595,88.07966777539352,-30.723543753962012,186.03737848755787,-60.76190082987205,-101.79426146221752,87.41730872719009,0.0
494,-4.844323613217455,-19.08087469812951,49.927882815786425,40.40836818478864,178.7712803535104,-69.83068384958898,-103.15808194255563,91.53631464834548,0.0
495,1.7437880053783772,44.556607471345195,62.6003664142058,59.03222059674319,187.6067336057883,-53.160368490365585,-103.97380921780767,79.63762344445121,0.0
496,89.12545675723752,-64.4491165201391,-38.62027046070647,-42.90050939091789,182.46024022895838,-65.85847326632505,-100.32151985173488,82.4888491506759,0.0
497,-89.9932482096251,-111.32467592705962,158.5618317871556,-40.96826074394702,188.88340907339781,-57.03628186569706,-100.69689014250535,78.7047930469666,0.0
498,25.79727430251022,-54.39534918843388,224.18453221147504,-73.58915279348508,178.01048880243314,-82.03163653491552,-100.16375840420356,95.55331931129464,0.0
499,-56.63322721439222,141.02471343149142,91.17407897810969,51.66510552293575,183.16768336553372,-72.73528218395828,-100.86725427668536,93.78731034132409,0.0
500,12.34930807675328,123.37034903509551,51.77911543693299,94.10299431286411,177.16669515614757,-83.90645631964632,-96.52993723159317,95.27522887559829,0.0
501,-11.94429248634809,25.64957925966983,97.17634268168094,19.95115106595359,190.20908924337613,-37.66141703215167,-105.3002716964409,74.96431271590555,0.0
502,70.66169856964939,-58.047765167090446,-171.69901258173948,-33.00834987305434,182.03565002589562,-71.42353853859535,-100.18941401149873,93.85492897941204,0.0
503,-40.43003458570677,95.88710035457936,30.536701588314507,48.46910297556766,185.37734087584815,-65.21689411636153,-99.4896629079337,82.18407067509025,0.0
504,-195.4188962386501,120.81643956828354,27.133539856042084,-74.51772766460192,183.17688786675086,-66.99668774845797,-103.03786242895598,89.54428388305337,0.0
505,86.8557509154038,-5.929406915175884,23.52613748860153,-99.30953446323457,189.26302445742246,-53.225059710477886,-99.60914456096255,76.94085160462302,0.0
506,-37.46937930884777,57.64304407546283,179.62931833394106,-47.49557238093923,183.97069864802936,-73.05436686125401,-98.2459985106482,91.51359489707832,0.0
507,49.46833933771709,-102.45381364930775,-18.285367958599686,7.425535541055467,188.47054110116852,-61.00492419257356,-100.44054053984183,82.25976640713776,0.0
508,62.09930885842528,-34.937205272285865,-101.67607254933905,48.75451021362519,182.83884382145226,-60.119396920612886,-105.53796915437968,85.48623160834819,0.0
509,-3.7874733012982165,14.982346819150594,92.23391756223354,-46.50731630334529,184.0378150978971,-54.1984165339883,-98.5929702915747,82.60742039421909,0.0
510,68.31849798145657,22.943457263409616,13.53152324446322,-191.6671009015135,186.69770658934243,-59.003499887384635,-95.85155403526838,78.04247901940211,0.0
511,14.031255187602042,71.0004269138895,-16.889901000393827,-34.38298572080492,174.61933477029862,-83.55734481014497,-97.92643132964633,101.01555492993045,0.0
512,-88.84168493282857,-95.39222433006603,123.37516549749638,-90.59609786889214,185.17764018877835,-52.167896091680305,-100.95942874149704,79.74240399687095,0.0
513,96.06796606570545,76.73448568277867,62.805122556680246,98.47410888912282,187.78974786065484,-63.41341041419096,-101.46639519767339,83.65012294003168,0.0
514,-121.52754651005941,-74.00987900139691,153.72170274667624,-16.276356392251284,181.55843490583783,-70.94181068692777,-96.4347855463697,88.36382237587776,0.0
515,61.49078036211848,-21.907954903306408,16.408263840663373,-99.89204003441002,183.14591102587306,-74.14581127257115,-99.45229098185116,91.75673725353323,0.0
516,3.3039423045975456,142.0013833210391,13.848869243968121,-25.976968502930347,185.18417202234284,-65.04526606461806,-101.66095594098388,88.2430230997913,0.0
517,-105.50620810020308,48.15257543111656,3.921070891488332,-78.59024778020253,181.65622875934872,-84.82903802637354,-99.29526615213459,99.93059082542119,0.0
518,105.80303025426944,-142.70787946493274,95.85040489149394,-19.226901685033166,183.30858949590606,-64.25846834943235,-99.8090172811615,88.02330046282972,0.0
519,35.20949377566714,7.379893640319802,86.14732246790646,-81.03504778612202,175.57403221635678,-99.5146118799122,-101.43335129955616,104.63149997527036,0.0
520,35.24610460378636,-18.13902199509731,42.863814329188244,-37.73241522266089,184.4526505181188,-74.16512915377865,-99.26112704319124,90.0794604717883,0.0
521,54.311510497449824,-49.86106975504404,5.747456075629737,-56.553714728851354,194.3110029800888,-42.84183729615951,-105.3104490948187,72.03515777250308,0.0
522,33.25401961787472,-21.455849723688097,-16.489439939533245,-61.11060597227447,186.56923644669857,-81.87445284128923,-98.42176095853624,94.71303696942527,0.0
523,-119.01028271376933,129.35538694588536,40.612972491429666,-16.70078524677898,196.70831431550292,-43.80863412498214,-104.5831307764215,74.12468877872264,0.0
524,-14.014680157719518,-21.281652183448028,96.81808037591674,-1.1704787905200742,192.17453126097533,-48.81213070707736,-104.1553203705814,78.18008508261651,0.0
525,46.02938315160371,-126.42003532972986,102.27386287069724,-18.310704090263872,179.4463343499022,-79.83876026973158,-97.77177725417724,95.99231573971161,0.0
526,20.97879014983155,61.43811568979238,10.543078001561401,-3.9334699317292388,189.26101262580355,-59.31565606443092,-101.82647327340409,80.44486806356372,0.0
527,43.32874262996668,-26.185755663331133,19.665887271654302,-37.07863343474377,190.79495249432523,-63.58193621415509,-106.86089439814963,81.42513063922793,0.0
528,17.48841334514464,-16.534769771724076,46.87797743929424,-45.0393196011177,179.85371817831174,-69.354684347,-99.00535899748012,86.66692827603907,0.0
529,45.896135855987495,-6.536609018712136,-56.045852870227584,-50.739581029578915,178.86163294143867,-78.73372129411928,-97.81986868590522,95.95083197522277,0.0
530,61.725286706465354,-56.24271108420067,180.63651411496562,-68.40184267877332,183.52635369917118,-78.5099162760649,-101.15995959844395,93.46770458633625,0.0
531,68.36892295744526,-64.04486901871991,61.572750727291194,-81.50371404704156,190.90980920490134,-47.06212915318705,-104.14139838822403,77.13083632474515,0.0
532,73.18306176860551,170.08218198396915,34.897934798698735,154.75100760095702,186.56425795282703,-56.76342166769365,-99.60508791519814,80.95670664944623,0.0
533,27.000620247790945,-6.722969081429037,0.6644020418416552,-51.660790400391875,177.12185624039978,-73.54332643189039,-98.982056842651,93.69300340790991,0.0
534,78.3628877639026,-71.34310223764216,52.32844632193545,-82.81910218456791,187.6359691860097,-58.65451362879812,-99.24348783200111,82.16805893084154,0.0
535,-65.83575039772387,77.93679461169374,36.77940984341754,-70.99032375305335,182.07554439320123,-70.68973534043377,-99.77464161750201,83.42658435913664,0.0
536,-58.12668892637708,11.93405237342478,45.57699815686622,18.219555677007676,182.6720522396045,-60.25478909847522,-104.27588969411438,86.23402280212666,0.0
537,47.73503142645029,82.28395407863538,28.49567679055393,-1.3602290309989107,187.62968517443198,-44.32076414305218,-104.50023212774131,75.55230986786152,0.0
538,26.891794596850914,1.103686277949878,152.91172516399882,87.00953127411213,189.43785355926352,-52.02720902791547,-100.66837589046676,80.68229487445558,0.0
539,-17.24653978660216,1.7119613225810015,36.76562571465676,-65.74803589610254,184.6630342989041,-64.78370929923739,-102.25275105938813,91.23604933549115,0.0
540,-55.85366880955546,-22.94275224137543,19.90916746018481,-115.59340430156529,188.14523474701468,-65.52129710184731,-100.35720181201044,95.10376664565209,0.0
541,90.79198160466346,-138.03620229679643,-91.13965494559311,62.13353019409518,185.44702634622143,-62.98908971109452,-99.6022153749365,86.6228656986448,0.0
542,-152.63321685109597,-42.05988689535467,-8.5187435082826,-246.09141089680384,184.9049341922507,-61.813787972460275,-98.50876097518719,85.89452885439941,0.0
543,-81.60195935544745,51.153801131371104,10.160067006879286,-44.79959312047934,181.1631015245634,-74.96391585661041,-100.59412143645291,90.16597231354487,0.0
544,-173.29232491727012,81.99501972885595,54.10361404346631,-77.56529367023559,181.29308303676842,-70.50216205627437,-100.0813031513413,94.40461502539169,0.0
545,-145.0551897484522,-61.09147787682061,78.59776628660647,-98.23252454601985,184.17831499008932,-63.84362872637286,-100.32614884963915,86.83016802084637,0.0
546,71.15141590082915,-37.788830180500874,-47.247274418757556,-64.74467269275004,181.04808280706968,-69.05640104784491,-99.74783662894,84.64680952515212,0.0
547,0.014398954933203534,3.574790614979617,-27.83711071588304,-124.27495491114233,192.55016343299113,-45.733492359031324,-105.1772706922798,78.12120337427001,0.0
548,-189.2822147074141,52.255782596368846,66.23875781198774,-97.38313476452987,182.31215085827117,-58.30264462469806,-100.31612682406387,81.77021403256674,0.0
549,-25.08737917186651,1.7797149932308687,94.50687373733655,-24.223598931864323,183.7006516122321,-70.13373994826743,-96.41737604855582,87.32818948843521,0.0
550,-67.62856762840242,55.049890216966865,42.99749132947816,-70.72582398225119,190.37212021938637,-44.57909473207459,-103.01539790789909,76.62096566327097,0.0
551,70.98358380343626,-58.14836531476737,84.49485736860952,-62.308145215605606,191.65315464017087,-54.79924126531251,-102.14543979676961,80.05257837731565,0.0
552,61.881627173630484,-9.609314269988777,-25.24405362647165,-139.74148610335553,189.77563718780618,-55.4401670710805,-103.29602890154764,79.62909361489929,0.0
553,52.76480615942574,-27.17017412634387,-29.20744138436597,-147.11992391612392,187.1471883740714,-47.46148388650726,-100.08602523916056,79.01322647371964,0.0
554,58.70864334014716,-83.56870042772175,-13.42622612064135,-0.862602798899853,188.60734740442334,-49.63941877760408,-104.20318361185612,79.95444792532142,0.0
555,29.111201573483577,-77.93577655577948,-16.911247037083143,63.50322105667083,188.7878351153212,-46.74107136388377,-101.48037552953535,77.41693949377915,0.0
556,-177.0978507215486,159.33634016689942,107.30599756042172,76.49171259570944,176.35140499824732,-87.14740857631917,-96.75683381701147,101.66787587762033,0.0
557,25.761765699231994,-13.911611263035406,78.03587660114755,-62.11870846648817,187.29181367243038,-53.70773097891857,-98.05327108046326,77.54372648066584,0.0
558,-6.987011105747509,-20.41161232441846,108.16320020162948,-6.100534752796344,189.3228209343701,-55.203349353651696,-102.57717550043824,79.5560843889235,0.0
559,61.32471089326421,-37.78184543782119,-42.534335712904706,-51.57660203434568,197.52509570910686,-40.20073105162487,-114.30870823259528,76.79010709969091,0.0
560,35.764599327080525,-45.47474799218545,-40.96895137246705,-21.32006052596907,189.38102407561664,-66.66467734811977,-99.8481547271098,86.94222992984167,0.0
561,-110.62487826789487,141.92106181222334,-15.429761599826453,-114.55409632252551,182.3115511744144,-66.13596340187021,-99.11813959788513,86.9627195749663,0.0
562,-38.34386313534879,-136.31585310875488,43.595432924415576,10.987137027850807,205.12817992862992,-19.592034712269793,-110.45999669768615,52.90236611184427,0.0
563,69.52104227621516,89.7552018596539,-35.5153509050748,-33.80323680794431,179.44849527933133,-74.83373536558274,-98.43455024423761,94.20536932980046,0.0
564,38.06714691008335,-49.59629460872993,-16.09641339326253,-33.887285388476364,189.7150288261106,-52.9527575831558,-101.87434035171623,74.53288607364702,0.0
565,6.055575422131909,12.185757354185455,148.66606234511576,-80.09122066133847,181.16978177206562,-76.55770100332334,-101.52247333559566,97.47050988830055,0.0
566,-102.5528630654763,90.44707783417846,-11.496706604305773,-25.61960896559575,186.40087080394855,-54.599205227929254,-103.25583969064253,84.32274867390387,0.0
567,-181.5820091318669,-27.95782391335705,101.87771749021672,-125.1530909643512,187.00714723275632,-48.570706236906865,-101.16523376948129,72.50474981646876,0.0
568,79.3048097049863,-84.69888817158264,-28.68937944322516,-66.54796339147029,185.18468492072464,-63.96658131957839,-101.96471273362974,87.91422112912123,0.0
569,13.721072175036475,-81.5667886883581,152.9698086406749,62.98208685338149,185.38238955882574,-61.29486580194334,-102.62283652211227,83.46222560362378,0.0
570,87.74130673297725,-136.67143978093313,56.97001707463942,23.995698218759077,182.3167127060496,-73.61765703400422,-99.74100825426777,97.75151880819871,0.0
571,51.86574046811534,-98.42887416050314,173.00867025005397,-16.693223459821496,189.18949274347327,-42.191973362759754,-106.04144244047234,78.31510119921401,0.0
572,86.53743494093666,-70.53849710948708,70.04074331239549,-127.57605649505646,182.10251421692672,-82.94590236193366,-99.6911108696039,101.31767950048214,0.0
573,109.1375572641974,-77.27133782473467,76.02809682199543,-162.74510675068626,182.90734081077716,-60.13421054036794,-104.78622405239358,84.04462200688253,0.0
574,-56.204943997464575,47.54599679907798,113.66439158983361,-0.6980177219946038,186.4553970401826,-65.2265959067953,-99.70283956318067,84.26051489709994,0.0
575,59.21787211596764,-4.008830668828001,82.62149159522288,27.344269235385376,184.59233720694914,-79.20310499676644,-97.79288486382127,93.13748093183037,0.0
576,53.97107630511717,-66.45519025039785,-28.883224854205437,35.1985536786049,185.89573955393323,-54.335171845795095,-104.89394947521657,83.35478861839863,0.0
577,21.256425513629665,-38.19617884277954,-24.230412869021713,19.72080260880653,184.715397516859,-71.41065131030797,-101.67712990445379,94.12755506287854,0.0
578,10.02286955510222,-13.937260648644175,14.576357240824436,-31.31510686379776,179.87415468054706,-78.5593792264427,-99.44400805878499,92.57472093389603,0.0
579,36.896064539412606,-64.92638479007103,54.88889765883667,49.90710982299946,180.33558013111377,-83.58299144302441,-94.69496547699008,97.4306839713507,0.0
580,-73.53315166876394,128.6043545690712,17.651597286039205,10.316094875946035,183.2021780523543,-66.32747055530302,-103.66910441039839,90.52509914535906,0.0
581,44.21682655855006,-86.127646927204,100.87836452627445,24.880697778361437,192.11908558110778,-43.243299530294955,-103.37313738806955,73.46618343481651,0.0
582,68.61213108752719,-2.6437521039644976,117.26180937178042,-168.00787839333105,188.03349555423696,-62.62709343162907,-98.72659598704055,79.5472011002267,0.0
583,-91.66480413968632,85.82543796142237,24.540983976652907,-52.50111554813037,190.01400873248548,-42.46579041440199,-105.79015238429629,80.69472821157716,0.0
584,4.893895527607644,29.378172185362928,-30.078012492667106,-13.248364882633654,194.74508183242375,-46.62862099068339,-104.01558171057223,76.95502586599802,0.0
585,21.17525975595157,131.70665829158023,-36.33368975253143,33.19143725330559,187.20467297495466,-59.22685688300118,-105.61020652640708,86.41428723035175,0.0
586,-17.876140278130443,14.644513225659253,-70.33283440964881,-148.30023281287038,191.47206577970275,-54.192125127243294,-102.00882013912533,83.11027299926049,0.0
587,-174.18723777770404,-112.6441223286144,110.89969039278532,-173.45464658691608,185.97412494291999,-48.6577213079116,-103.62634603461875,77.62763583045182,0.0
588,22.394531093501445,-56.60202857091421,-75.32817775827674,-169.33720015757476,174.16807865798052,-90.04918497699127,-95.88914135708507,101.31331395834903,0.0
589,104.56867236405509,26.24035867023815,1.2518401148056746,-15.927543780149636,181.3200940612197,-70.1237068341542,-98.86663912053298,90.95205991764446,0.0
590,-97.57841400609048,217.51344166893486,64.43290678401141,96.58727143648554,192.60419993346756,-44.2211897630301,-106.88224157561905,81.2992499353272,0.0
591,58.876416771663955,-76.71771858817075,-35.95170234808418,1.6193368114650553,179.57135281600287,-83.24975266800352,-105.51231873035957,102.21740648019116,0.0
592,-7.361309571621017,206.41663396841201,4.358246719273595,43.89099549722458,183.84177485098868,-62.81977448002058,-99.2029032372656,83.42279897814038,0.0
593,34.818870403345834,-3.05541662309376,60.88994015173448,-44.51242051831408,186.3075342706424,-57.10061434645222,-100.6915710169274,80.78807305359764,0.0
594,-132.25147353371494,23.911941123697627,139.15255967686463,39.37747040681653,186.71539618585214,-50.662524858696095,-105.25937068029268,75.99599723461154,0.0
595,29.1434748151041,-62.75537089890886,161.10807285764525,-6.663054100921845,194.5244603820712,-42.128261447428216,-102.90079295891162,70.12923817778302,0.0
596,63.7808456387303,-60.441398370407185,99.7344130878806,-85.80480666958847,183.6677752394359,-54.523258773505304,-102.85691563547621,81.64724432549745,0.0
597,75.47738212627739,-84.36447709482258,223.3479450479975,-109.82699997296437,181.85443216810125,-74.4165490818866,-103.94141488100577,91.2698118651258,0.0
598,-115.7670834573793,-71.41495716008663,151.5818449761614,-36.1645666689928,175.7361016184184,-97.6192264254631,-95.22227161805144,103.94251530825763,0.0
599,36.72899034666926,-24.05753841023549,66.47272140017455,-30.708225725376835,188.0483594681745,-60.8521766170981,-99.87820407171888,82.30629700253975,0.0
600,28.487449620599442,-56.18753620685539,44.977822257640135,-16.53311545515822,184.35232252290984,-71.52488854939126,-97.82836705065193,87.02925135484355,0.0
601,-10.392941528834593,26.775182995800485,-29.029235368953564,-47.285692217035624,187.7574875144467,-46.94207402688757,-104.76359132771144,79.99244342703575,0.0
602,36.604456049758284,8.700050626560095,26.19468433003374,-119.68558602150297,196.9311379642685,-43.23719193860755,-105.26777816957214,76.96385686335667,0.0
603,89.37743295926671,-32.39631855593246,-61.13435559073004,-115.48717557462331,191.98980030924702,-47.33045577812407,-103.76172052877082,79.42174901609347,0.0
604,99.72536094605657,-54.92398503175841,-15.516548572348087,-142.0345075432612,177.6904927589273,-84.31981170472406,-94.91082286905353,98.19785854648353,0.0
605,-82.86086259878047,-46.56686914403658,14.162610209438087,-148.8232624740679,190.2119337889227,-45.17220632907582,-104.53014357466368,72.64802215917251,0.0
606,73.70068322677999,-51.60414086560445,49.83885051081348,-92.44679266288122,188.5157647102072,-61.393092219225885,-101.33432486183602,79.30064952189848,0.0
607,21.69074081397887,-73.5733321119925,158.8279075722258,19.38337983529239,183.88696363110867,-72.62955175358343,-103.3178564629226,91.90335676855346,0.0
608,1.8260627453350997,29.673261744832168,74.72620523234032,-56.781413123846356,182.83758915358308,-77.09935855909629,-100.21178830264249,93.43504318948352,0.0
609,49.47870816683665,-71.94323810406907,-64.03890343783667,41.50019066785517,188.28506405945205,-56.653793092527636,-102.9397442523791,82.35605460987699,0.0
610,-29.58063365922476,66.2202010956971,42.81314237079833,20.795168246960817,177.68549189237672,-91.87101709601504,-94.41070239333958,101.64580344682881,0.0
611,45.36474495788111,-151.5532933188594,127.56048200719454,-32.888982924087884,184.40607419964624,-53.53041403230574,-100.69928161676418,76.95707915862292,0.0
612,4.738932811494479,25.897965136520728,81.4298289105553,65.66367825134705,180.1437904686068,-75.47402592237859,-97.15541065408615,92.76351047737442,0.0
613,73.43374885899404,14.694012091060971,-43.54916707831117,-206.66595974798736,179.09068357983674,-62.53606235222133,-101.56850123734088,88.53659857342747,0.0
614,28.912706752950925,-37.68701026738653,80.68237079256457,-69.35503978117221,179.41826543383365,-65.07728715881547,-102.67154363544509,90.68554117795262,0.0
615,-87.25067216625804,197.5923212153529,27.28558913492265,40.38159262628027,188.02492894150828,-51.26621686284552,-105.56742590747218,82.83540214190262,0.0
616,-97.70304300507846,64.22337505379106,82.0223402077372,5.991311832774421,190.47607810176345,-48.07386404751301,-107.4775046061966,74.59640993205667,0.0
617,40.69563040825462,-48.38057853378547,92.23609483877786,-58.831028714945724,182.4578389798597,-69.4026758688975,-100.63370502303367,85.75866858463263,0.0
618,85.8322065124239,3.6340016690776022,-6.958369330806175,-172.019632419381,186.1621730443111,-48.30143271302452,-103.52906391776058,80.11656392713151,0.0
619,43.1838846122868,166.62590264194782,-28.749225025138735,-19.089791753529042,194.7501919644277,-37.17002838778186,-106.004873234927,68.07991715278676,0.0
620,25.312483568062994,-21.986906638530208,89.31396646734568,-34.04589606155319,175.5389933577158,-77.73394359469815,-98.73456931171545,96.9655480073892,0.0
621,63.296238134903305,-60.154318036563716,150.30659509722585,83.95757384686388,195.49972612824652,-50.20141274412216,-105.24541788523939,76.84129060618459,0.0
622,14.48779609548794,41.515761833388765,-2.06568885702737,-109.70565155535226,174.71120589434634,-83.31770194708308,-100.2628153879868,98.22384818401378,0.0
623,26.689941907815275,6.579504572577416,-16.894507341425925,-55.754847355128945,186.4278877117263,-58.91924002263008,-104.59616727711506,85.3840926898266,0.0
624,-107.91487149654616,17.172990854349095,28.05935510347366,-25.54114175776799,170.96819097661077,-96.36321433299216,-92.16298104771536,103.4424668031624,0.0
625,74.8427157891179,-24.636183776247638,45.786853219368375,-100.80250667747089,188.28553575464412,-47.97227242423875,-102.87981528852389,82.28713077738261,0.0
626,-23.661652070640148,-39.48576074678149,164.21711203691936,46.44681846536511,181.9217087814419,-63.33709762392125,-98.57803326226636,85.41720133436903,0.0
627,78.82686795977295,-29.09124793020238,91.88845225932897,-129.65786863377775,184.3168091575956,-60.07310233612173,-102.37138025896448,86.52816229376052,0.0
628,41.09047575322594,5.7497366816761595,-78.43559583155151,-107.14733949646909,187.4423681479157,-64.33937299736432,-102.0331085454278,80.86328945987937,0.0
629,16.842132906212992,-14.764807660363655,34.52429471743964,-53.130907292314845,185.81576190634524,-61.38696073184744,-101.20084753888725,83.57802734551768,0.0
630,64.94262151447944,-82.14889791759951,-66.78600328201651,4.479042301290987,183.58827576703993,-53.242410320681024,-101.13747329464276,80.89574541666869,0.0
631,-32.58140862658927,3.7625196591002776,24.265831826288085,-65.48998517587977,181.37777932938747,-75.21788990715586,-101.87961349859388,90.58681471883001,0.0
632,28.537858102897186,-56.72512367694102,39.60051114730649,18.604104027631642,196.57811798653358,-33.552871084233686,-106.95488981879015,72.20085927347222,0.0
633,-27.19673112666763,167.56526202944454,2.622281959432388,18.39679117941224,183.5116695132232,-64.44087256518563,-99.82315085062588,89.14134774460753,0.0
634,12.170332035514491,-2.4204644918294047,32.68938815729625,-3.7703564987187854,184.6554740194025,-56.163981363652745,-102.71161478848178,85.59864290571072,0.0
635,59.27578843548675,-132.018346351115,30.340801464073774,32.37453912744922,188.5856906026559,-66.126914277343,-104.12687890680304,91.76032143932383,0.0
636,-11.11234470653134,90.10089837385523,34.94723956675512,71.37804923000995,193.68249437742816,-39.13762931953815,-107.56128512205183,73.34245199202442,0.0
637,13.824936865431223,-52.5823617992266,-17.429612378404236,14.230828633479797,189.48757332564853,-51.11495975542285,-102.44104438005564,75.77082610266467,0.0
638,-72.63284051658042,-10.639257647957312,52.18080998516037,-56.869749198534066,183.24006113872818,-69.43437628675969,-102.82275127089004,95.38071991223035,0.0
639,-11.05239468548907,40.17216370190222,-33.11396762836347,-123.84384793214518,190.7684462804952,-38.19747744842907,-99.8281853819278,67.54159966492044,0.0
640,-4.1596972590166095,12.60424737570707,73.57251104740637,10.076162577977799,194.18508493241976,-35.23658984324297,-106.9748643819029,65.65692718100013,0.0
641,16.43716015916061,-4.636836627748453,64.86089072770436,-46.4973562262339,183.09933677113332,-61.942184416744276,-99.86532129799556,84.28853375105771,0.0
642,60.60714653104669,-83.52534609636817,72.0593513836831,-13.51782823490878,178.36719921760357,-77.90600448860181,-97.10023933604887,90.92510572765913,0.0
643,-124.21224768705872,58.61609636722702,4.457624724375392,-78.28147159974449,188.8870011934573,-54.551438450403055,-103.11256823643585,76.53429357527966,0.0
644,-20.836641005998356,57.42931339923365,122.14831153745433,122.29758014451335,192.86205794143018,-54.43766369275628,-102.45633599027725,79.12921213160146,0.0
645,8.463412420621985,65.4849425295418,92.15663816336533,99.54709218023446,189.78629403171243,-55.93445016863739,-105.36268397256401,76.01388411662273,0.0
646,36.96305240626886,-22.281160145975104,277.6924078617158,-155.4447993094932,189.97596845283118,-50.9423879697236,-105.23127518234878,74.86849987145756,0.0
647,32.88433713903024,-90.44779246739002,245.61202389678698,-23.041630140752073,183.18454415187827,-69.70104793770327,-100.91320492515626,86.31432344254011,0.0
648,-97.86752670113606,152.8866973279897,-32.563843165025574,-125.34256070426596,193.5519883855529,-48.418077934540186,-106.73907699466,79.68431009977452,0.0
649,17.18452965141478,15.316401739878128,72.36031396102987,-101.59205468910928,190.6709843069837,-48.326082641283435,-103.21889352079818,75.89436217352986,0.0
650,-20.7798124179174,37.52556038309143,74.70793430199112,-4.232131427618707,183.9002297332983,-69.17339217581491,-100.27252992555029,84.85514998507763,0.0
651,6.721150086404365,-52.08927503515669,37.858399387132486,38.54534786022703,188.65009277536993,-59.50851142285856,-101.88992892576033,83.40749042162491,0.0
652,29.37879948704227,-59.35605821038885,58.0755420334028,33.06473033122407,178.07825282316966,-76.2919120693443,-97.6769082288836,91.38715447060987,0.0
653,14.272818537454569,-48.06963335245515,85.80108668369151,-15.607413938741214,190.36859185883193,-36.14867923032803,-107.46401822233955,76.5183777793774,0.0
654,-19.594348063412937,-20.85361396033778,38.3410454114291,34.035584106751806,182.89887685814296,-58.325311979461304,-99.3717490325139,84.20115763684105,0.0
655,-210.7969740625661,-17.12107516622631,36.115691234574584,-130.65664189452676,189.50697758524672,-43.76173054147822,-106.86471990960781,76.51536941147627,0.0
656,-103.35704961481358,-56.01649482892073,54.53315395330735,-145.41834139153622,187.61923825741093,-62.859986610811035,-104.41820791351195,82.13565170838936,0.0
657,47.62407150470439,-65.98229551914531,7.604625046369162,-7.808489871833774,185.33025861765728,-66.36875616661133,-99.17106576442923,83.5409253359872,0.0
658,-85.03897470442776,-32.96489052284623,179.6613484246519,62.841873805390634,183.92265849410893,-55.81843445951466,-101.27127883213281,85.97569776706621,0.0
659,4.248751714445004,-48.66873843951593,-145.75183540388227,91.9454837924088,188.61643093494,-55.92581315581397,-102.15406353276305,77.81780003091463,0.0
660,18.0446099119016,10.374807268128865,100.00979689222285,3.085731983114454,184.0290405209135,-48.20756809185809,-99.56606536705739,73.86036532743924,0.0
661,-53.33476395044602,198.01163727871628,-12.45648152518114,27.50354747826481,180.97072272258498,-71.92097363400059,-98.58444183545686,89.56186388785497,0.0
662,31.602011738238538,-40.17900814942618,33.59935395983205,-3.645105898514206,182.187156673318,-59.03582151289182,-100.42665203200426,93.14945801471426,0.0
663,-10.652483044180022,62.19412415979275,50.981181281668086,20.051632765655757,184.54326070971584,-60.01839534805825,-103.62759845347917,83.04346809755374,0.0
664,21.77793429706932,-65.09841878199525,5.946530917400928,27.329344449750913,195.25998836099743,-42.408679632699645,-107.77995454168969,75.49538248557421,0.0
665,70.03647021912396,4.503964403862354,72.42819946989798,3.434384280916336,180.9713335089533,-71.22124836700661,-101.09486587012535,91.04803719091882,0.0
666,-32.82484283470543,4.128233463019271,30.800525740035724,0.5687132795098915,188.47794108254485,-54.49640884932093,-101.11477940022473,79.97128759387928,0.0
667,29.95620700675366,-15.111903819336034,49.596122039509176,-80.31824360360046,182.6880718406674,-71.3078776714225,-99.19505217937918,87.5315194211454,0.0
668,102.9235363038353,-110.33681617092923,-50.054335107672685,-16.3804118505373,190.24592960788445,-50.78303676628661,-108.24880698081913,83.92156686543697,0.0
669,10.959931479008183,-21.69654654964985,63.747968673333624,-29.44358466012587,190.35178548301823,-37.50774407532738,-104.16717933613408,71.24500199187572,0.0
670,55.43729887972057,-18.59076215867316,-154.29708125708612,-17.429831005298876,180.9300007895207,-67.82019822369838,-98.16672037287663,87.07867308736816,0.0
671,45.29240917089014,62.29433306139669,-164.77854324507524,-154.04362921433784,193.65717335512832,-28.62096094073569,-108.53828091681598,73.07619530600952,0.0
672,-5.019839579869751,21.19566461710467,-53.92703166136676,-41.41843470117173,190.7809680669131,-53.639703255901125,-102.61629042669756,81.97847661792053,0.0
673,68.49099331661569,-11.253978140532695,-66.04844906524849,-79.73440348584133,185.29627531585024,-62.790952248524164,-102.63232889520899,85.80605565563067,0.0
674,-21.96861238448336,64.83680108495406,33.98866200995097,-77.54758058617517,180.5815701254288,-53.54098532205322,-100.82666888854044,83.01873833791218,0.0
675,109.87266758233561,12.45859699929256,0.9888045442284499,-8.66389702311136,184.67792181703223,-57.48601703614721,-103.61032975240421,83.50531669575834,0.0
676,-24.916809226357113,59.85172774494496,71.55649755255648,17.970319521288523,192.08371987277934,-52.522478696678675,-101.9676371992606,78.09694711646485,0.0
677,8.136178160784436,106.89073883847107,33.148328488648566,10.814924887215522,195.78903024647929,-40.9293463729899,-105.36884186925353,68.89952917583491,0.0
678,-67.02046329065084,23.37272291812882,16.1089008253752,-6.782496231959651,188.75896444860996,-75.520847867787,-102.5983574124821,85.10619234615896,0.0
679,31.998087205545122,-20.675912827361064,0.25823308327308503,-55.36894269140329,188.2996252241609,-58.21172552550418,-102.70953533793777,79.60674118364895,0.0
680,56.29934617722976,46.54708067420136,-27.474110896147508,-39.399610067830956,181.24488335479535,-65.61203545466539,-102.83756140992926,97.58699377404278,0.0
681,-34.20772895778498,156.15519214473338,-50.85053879677982,-70.56249504307705,182.66789149093344,-61.71575202614949,-102.58127604034289,92.46804012873953,0.0
682,5.207432143632684,-14.50534540384239,-58.18441777074514,27.294915833347943,190.57387819577448,-33.60552441699234,-103.79413687174424,72.48211807424472,0.0
683,-12.23787325445374,0.8200617798366228,127.5475059355443,65.28313163996089,186.29436241845747,-49.74430140031291,-103.6113148361234,86.88299280493922,0.0
684,6.0920471624144215,53.306580913636026,54.94236873143359,-9.009367506749216,176.09754145754627,-87.37874450538472,-99.99932193639255,98.21841507876456,0.0
685,61.35925272919831,-63.59519013954643,9.157186286676106,-63.26575785287093,187.3239607535685,-58.55731665601733,-105.30710235637024,81.89393327330828,0.0
686,-154.30137892201972,232.03549661914184,-60.041861879260914,-74.7523135067652,184.5237982385958,-59.260050852340605,-105.16442226004092,84.55126223059104,0.0
687,-102.2348234234047,-5.096450856740065,142.80168443880368,-21.39284048888243,184.87167586480734,-72.1970309527039,-102.29028861555211,87.04789679794254,0.0
688,-46.269300826726415,-106.03688018193571,49.197380537354185,-143.97509506566527,179.16642909762405,-74.41130641347489,-98.40613903739438,90.65072638830637,0.0
689,-46.101613966772845,-22.053414497072264,-36.00959528892365,-193.33683715430635,184.21004801376662,-51.17864817839147,-104.10454566267092,80.85574143504375,0.0
690,-113.18594286632617,109.24712173399804,16.261236794400315,-56.900179948626395,183.6167158586285,-75.44675882144051,-98.6024227276404,87.5960079729821,0.0
691,-8.662773395573115,-175.21166833725843,155.9197767785922,-37.03909538388401,178.42642483085893,-84.26181252452355,-98.49773544709164,93.99159850645003,0.0
692,-51.5764657038642,130.90202950286957,-27.34629266247801,-26.26013239319387,182.53824057162612,-58.26821091549429,-99.8677523866237,85.53029037237715,0.0
693,-6.4728939973071,-36.27694708946397,29.325031157653246,30.628592560593802,182.82329661796263,-62.52448961560865,-104.36865109210488,87.29201953801025,0.0
694,-165.1852478103956,-75.3081991971578,73.02783340625658,-176.82313140565893,182.41103922367583,-55.64059079878068,-104.01549079340595,86.07590510189607,0.0
695,-92.66410853358053,66.47244766120697,13.845728759791534,-99.16748705473657,190.65917491640653,-46.0939161903551,-107.23118475744472,81.02263863872673,0.0
696,40.97120480502965,-108.36434012641354,210.7765697247528,47.80890461104652,179.39114414611922,-74.43210874200322,-99.1343656939266,95.74785679540304,0.0
697,-72.52701855523947,74.07568244436973,-15.046186170277664,-94.75546356242378,191.40755214010434,-48.68305850510406,-100.76811438612988,80.8520441297349,0.0
698,25.425847985185356,-80.01551440394901,98.02700304964456,-17.42209200354138,181.43035297948342,-62.190612114842665,-94.32685590181673,79.4068284160899,0.0
699,34.70607686076449,116.73078925725622,31.568744567330313,24.75096665415243,178.5395978922508,-63.455203164790206,-101.90404478625285,92.7952174237519,0.0
700,27.432226098766943,-54.23228676379088,52.73584013435484,-33.22295325609183,176.19257832981464,-88.0443363361072,-96.94313843822209,106.58397716934945,0.0
701,32.36125763404271,-35.17702505833384,30.735624654675668,-56.489016003771475,185.35076046661501,-51.308193614441,-104.03456150777706,82.05180928945649,0.0
702,35.646837342651885,-59.7847064523892,-32.30444389447995,53.34319924577525,180.8599204283912,-72.95885679179369,-99.72530439931614,88.67913577144864,0.0
703,86.72185347610912,-36.08735749504094,-88.26862667505122,-65.06171391342093,189.30516584020324,-52.03606437465995,-106.34152169264746,79.31938620876547,0.0
704,2.401923992157834,-50.58445308512327,116.62555859984009,10.078002441106976,185.01630745398623,-61.84759992173328,-98.25662736099551,87.00397785833788,0.0
705,6.295984472523064,106.90169344406306,-8.365016620882916,4.89747652100026,177.30960861238145,-88.44595720494375,-99.01004733571507,101.69909037519369,0.0
706,41.414645457216295,-53.41913693327642,92.35790897960769,-33.25102144101388,182.17018907415846,-68.89844882530801,-100.31644834828421,91.21255919954991,0.0
707,-31.631751873309312,-37.44172610660428,32.58547913922987,25.41992287835094,192.1740217586017,-36.62858830056283,-109.49691630313956,75.03685329285238,0.0
708,44.36911848652323,-88.53128482353883,123.1148085820625,-21.445467153325627,186.42375492264355,-52.89735346019178,-106.98007607850562,83.53730542151388,0.0
709,23.559370123444634,107.8746908423529,112.94180434066874,96.61314475405645,180.41237902935663,-85.69969938800148,-98.50269929660685,98.06927125690311,0.0
710,27.87376810505474,-66.21860010918024,86.67900917934404,-16.431868188800472,184.5324606568892,-66.70665311163813,-102.6107641267866,85.40339427705176,0.0
711,15.708576296428593,-10.048520817326235,32.85165992657825,4.199393790842448,178.88427636971403,-89.36917689819128,-95.85070158418078,99.47607094176219,0.0
712,-0.8552558722165149,150.13200476630476,-6.726763309649847,59.170499311763834,185.25323294753207,-65.83896132110118,-100.52199403549379,85.67700058479782,0.0
713,37.66273562564065,-89.22444412664781,36.71059564893704,-26.73472633093523,183.21285205405755,-70.00931622372325,-102.2816040706447,89.91459580580599,0.0
714,5.878285292055368,-27.000855781575606,43.42835337309246,20.741106798199592,182.3584998496695,-60.30547582477616,-100.20406530652014,86.83742615081921,0.0
715,-75.98905085029932,-122.73625389523879,-57.3651763266845,-4.286879159681101,190.62651906695228,-59.90117283517066,-100.35263649559771,77.73049009133995,0.0
716,-55.3237709876604,227.01332854169198,-59.33024267680603,3.116267584864607,191.7004801785494,-52.03706840480227,-104.29239861745795,76.8023592303631,0.0
717,12.614183329416775,-9.585314800071497,-47.941545703806675,21.248616779924433,183.35440245492902,-57.29685550269607,-102.40694159604884,83.62976657030276,0.0
718,69.53110932033314,-3.664140033165192,-133.32248570031342,-111.18477746684631,194.24308330576554,-45.00661255497146,-104.41926056794601,74.75898942364364,0.0
719,18.757342980157958,13.47433564464201,37.104506479966034,-72.78699819611907,186.69539462646216,-66.42681232340487,-103.85090601901706,89.6826466892449,0.0
720,-0.7299551461111664,-71.81120644190271,72.38521495276468,78.83385196976013,178.48556128780552,-73.55772821146675,-97.10244663460557,90.94303688118296,0.0
721,-19.351518948205392,37.620876508353405,-25.193377251728187,-98.85446725168356,188.17338047833127,-35.50656430114904,-104.03906484230477,73.33832562384707,0.0
722,71.40193260242114,-138.50672112010147,120.40462470408598,57.931133366183495,185.82971884579737,-64.35847900307158,-98.35130571597827,88.45271382588147,0.0
723,-113.74427852352558,23.305039096448134,49.13194354634698,-109.90574730652838,187.5179668533988,-55.375726743878246,-105.4072246981548,86.01389956275912,0.0
724,-47.72934974010356,59.291966550222156,106.67684498953585,48.48670223379678,187.94217246071827,-34.02561006557494,-106.3738273134509,77.89158089635824,0.0
725,-124.98207251796917,-22.473321404321076,30.46025462929548,-143.03731103073397,188.35433318902506,-44.04947580185703,-107.07418285394529,82.35306880757045,0.0
726,-53.66353591568489,64.03905361298503,-5.661914873840374,-98.62780106267056,181.7561751563301,-75.35802700720114,-97.99909746835849,94.19985523302736,0.0
727,-74.07284652167502,25.763455720556998,42.51107389791511,-110.13525475144554,189.61395388018988,-57.03751998642461,-99.6555271383223,84.03865253022721,0.0
728,-11.73950882490573,43.115202779885756,39.02064829577225,-30.78137837371788,192.70904423482855,-54.92706806903558,-105.930798952326,81.00666836270524,0.0
729,-96.70095250697909,-63.99931858804011,94.5535720204601,-76.44682560972453,184.41990869090472,-74.03129899736759,-103.4073569407591,93.15751812724878,0.0
730,51.482062501864455,-33.08384262964369,-91.0614449523821,-59.231293976559755,188.56191768307133,-61.153137128281365,-100.81050067517936,82.5968407580546,0.0
731,26.096505268159596,-26.380926663419697,-38.300995871881604,6.017053727541416,189.42180515320388,-56.68432704000304,-103.13017244864693,85.56424181348793,0.0
732,-100.05691488193477,-13.688681214991883,25.933566749861907,-86.76961005674954,178.22230251551073,-71.94689493160264,-97.19821371515685,90.10719327652413,0.0
733,108.76688606935083,-40.51688424270183,-88.95114118657526,-124.61997627214228,184.75522770066428,-53.47782628064383,-107.63769002534686,84.31366334667895,0.0
734,-79.7558111901499,-37.56075423825027,97.691778225973,-93.37706907907098,193.8703839878698,-44.001798494303415,-105.61751134209517,76.65621559684038,0.0
735,-140.75292006131724,-37.83117613306637,139.5347723379503,-17.17782203565157,184.87924124960668,-64.54522920575405,-96.95559498361119,83.58095848339102,0.0
736,51.53673619676661,-10.347139899788887,49.461169562486596,3.07939630130753,183.79797454404655,-63.365229354064724,-100.8105289324989,83.31615859994815,0.0
737,62.55065538788389,-80.62581351626739,162.78387291907424,-44.117179157018185,190.06714111252597,-66.8006895747291,-103.04682598466601,86.15850721306714,0.0
738,33.3815900113949,50.27143402020443,-125.46284575218462,-124.28053215161891,190.76541458638803,-42.286534834027464,-105.68624994116203,74.85026639235784,0.0
739,-6.882934164602206,-123.59664979471027,46.021781750206294,-152.0487879496541,195.22967382674568,-32.94457928861823,-101.53498024608571,64.28176431456095,0.0
740,-77.11256126687402,-2.6437378804341605,18.57400948337097,-102.80630960528492,188.01899753103675,-51.34809432626998,-105.52173430326482,82.97365625229544,0.0
741,93.75252522313204,-105.14356359400945,94.33576486202013,-31.649224736804655,189.5533500171436,-63.38973388124656,-98.14719540278467,85.24110828208507,0.0
742,47.82608464053086,-77.60368954597953,4.722873067128807,18.77055423642644,188.16439832300077,-55.60321116328805,-100.21523764859221,83.22552646325435,0.0
743,-42.76733353578152,-65.5555504606912,-0.7513197439872332,-194.85695798862423,192.24749349667601,-52.9524153345793,-105.03372621838389,78.00807685101694,0.0
744,44.79604258913762,155.68414401905272,-19.564358342270804,60.629860221727725,182.49490388107546,-43.8798129397761,-107.7365135830325,78.86287291990081,0.0
745,-109.59197998654777,50.94683206011668,26.79611203085078,-69.20252985860171,187.20458123488928,-64.96810110979803,-102.15137433443803,90.76827890680883,0.0
746,40.03262364357234,-74.11118393825966,58.003497335528294,-18.385419486041766,188.60032632843456,-57.476168862701655,-103.36245932309504,82.40967497091668,0.0
747,-1.2737515832249247,27.661227765640984,45.406449627157734,-42.148021215429424,183.75646393310262,-47.83600949670716,-102.82550424564415,82.51595157089318,0.0
748,-4.914053041918437,-26.51285628696687,76.86718304533507,-4.997322527430198,192.18114511295073,-38.22261627320799,-105.16456738496753,76.52420761070621,0.0
749,38.095526533785275,18.21712920215437,26.90885346783744,43.00771138347797,188.13195466398676,-47.79853898742983,-104.88705447897519,82.06470214290957,0.0
750,47.325630262705374,-36.04467528573163,-129.35992248404878,20.299819075991287,190.75868678274674,-50.716521675498626,-105.70761701052328,83.79902311664424,0.0
751,21.904628396328395,-114.03508938726847,92.67631583679064,-8.786584657177876,191.16217216630858,-43.43568719111951,-103.80141042826752,74.48622172198694,0.0
752,-45.70386912933721,78.23517832343944,-5.760308986958601,-98.98194798262652,179.56355372546665,-74.63211469622118,-96.33714039345458,88.83185295586742,0.0
753,-81.28205442412934,266.45634730570185,-62.351286972638405,-10.159884708610923,194.36536639811956,-30.501140646067242,-108.71012044766343,70.40284522506684,0.0
754,-27.31091246740848,160.66272629662467,-62.013770383038356,-69.76597397752708,182.703284814987,-73.3546927438111,-100.83494876054448,92.87021001446888,0.0
755,-2.051432714316681,102.88902663121367,-25.655226968847757,-42.54706620543694,183.50732026618002,-70.36746567952285,-102.40420245077775,88.79077926014594,0.0
756,-12.456648376994595,-38.584351694747134,-40.353010333094005,54.778188218362224,176.60827800690763,-90.94433790306083,-96.80028603170273,101.05874073545827,0.0
757,-2.647419807272955,0.5035119887412898,-46.68697470673676,21.976015109178693,190.71138429062424,-54.228616611072766,-101.98818811397553,87.66382843200687,0.0
758,33.213583445061424,-60.95341186319339,111.67128178593617,-12.229084787892175,187.51929412307297,-40.249338658863365,-104.64881471308168,83.31383585560745,0.0
759,-140.08119492118144,-30.46620234343297,89.5290768901261,-58.99738898525801,183.3232819651059,-61.656522425544,-105.68890203272726,88.57572763853184,0.0
760,-0.3372554701411068,21.34099021495143,178.3013152057511,-109.37842341888368,190.8200193217763,-49.500939225715314,-100.27974965889949,82.57905120969882,0.0
761,-142.67725462874574,108.77077429767597,66.19469623975488,-33.98627581301254,183.4217293679971,-74.9599506780518,-100.04057529146829,90.35999860703218,0.0
762,18.893145014280762,-106.56235132106495,52.66022936221406,94.42122932350235,184.89404375021442,-70.68792825576358,-100.54771758550547,89.72354398448917,0.0
763,44.706697548652926,179.44337891747946,-32.53294005060401,34.33141685414552,183.32565539073155,-65.89114415842721,-104.26548293728713,88.25261522449978,0.0
764,4.846972167047103,3.0290205639570966,35.29310842970593,-40.51551360548012,191.26812664958865,-44.84741182841432,-103.02361655831024,77.20124052492923,0.0
765,7.476061476472212,-46.31907125482122,252.62179830185775,-21.82235454462414,197.84867429825553,-38.48353629755347,-106.41635664452801,73.82842915362893,0.0
766,80.06324768285673,-41.305082949901596,8.83507606614266,-95.60242885458221,187.50542731077056,-49.49992553376539,-106.05267292135812,81.43169138667855,0.0
767,10.391089919165214,202.01339355875695,-104.19937136886416,-69.05314704514542,188.54052318537498,-50.685871390514194,-100.43331592230633,77.06850381722843,0.0
768,51.61263876158332,-50.20839253596001,89.20315830832504,-87.01281403901582,190.05764979045867,-38.70646947476571,-101.63058486682712,75.77598992155635,0.0
769,8.898543681114601,88.6506756771543,-36.801834867931504,-56.5542261821653,181.70854722111355,-74.01048982409299,-102.81119666799218,95.48048811312671,0.0
770,-174.54570646467613,-135.61229546165683,149.65365735096358,-126.60762191933537,188.0731176178128,-52.11608194586381,-105.24541217858895,81.23558747359509,0.0
771,-112.28202211082612,142.00442906361747,21.354697530399843,-26.136371763076603,183.3704021703009,-52.25779563174779,-100.31537309147215,86.12653275829308,0.0
772,28.485636543997245,14.913059710177833,-130.51384276050854,-106.7817871860558,185.92890095945722,-62.668763671107236,-99.6310089753843,79.81565276923618,0.0
773,-74.62467331684093,77.06792023195833,-83.65248649129731,-150.59937557014268,180.32364067744888,-71.35884802352597,-98.60705933058188,92.42398600735748,0.0
774,88.50511001274238,-65.22264516565477,34.76856775006175,-103.53145409486449,186.94814868049528,-59.60282622810527,-101.62611734563119,85.32929651710185,0.0
775,-76.65558117885698,-70.61776591910835,115.58613492508015,-31.550069839849115,178.1790588901673,-74.72055414210848,-102.51675556063982,97.12473160188561,0.0
776,-87.05740937849058,-129.95052328768043,117.74575620396075,-123.26813414213804,173.57333138397496,-90.22278306553014,-93.626631152324,100.1887357502407,0.0
777,35.173629953944996,133.6602298395816,-53.086838680168455,5.238067517593442,182.31546651329887,-73.12558257788507,-101.09841458694174,87.07479553633364,0.0
778,18.252173820635548,-5.191286706721243,48.98145632124427,-66.85070800264876,182.72010401065924,-69.57662942939571,-103.66090998090174,91.75511198166522,0.0
779,-71.44303409969352,79.62168224070787,19.38575059498704,-90.57828615193154,184.6938071720926,-61.53414819432878,-103.38578309970136,85.34217431968243,0.0
780,124.80727014765196,69.45711096821704,-25.61167485178215,-3.345575408639534,174.25341598322106,-89.01083717785859,-94.2913960145246,101.84340602213022,0.0
781,77.81818435105241,-29.58496367527222,29.96972158757573,-140.39924007777233,182.2758407816204,-64.54894881820604,-98.19519203417273,87.07935828042238,0.0
782,88.99365768493949,26.292001641045154,37.64195860708341,48.25309379046479,188.12266505343328,-50.01394131874991,-104.78328515578444,79.8049022593779,0.0
783,-42.560259175738885,180.2430892615287,-35.146250255179645,-1.7220471062888876,182.44419848578517,-74.94815858904117,-100.71365823918295,94.14639076403373,0.0
784,-4.481095252224987,-23.923751459323057,13.029820374922549,65.79227969764449,178.8041012263182,-68.5996873064524,-95.79122430946879,87.08921200552953,0.0
785,117.92206748426366,-104.92189060462059,140.12048721123566,-129.5333501608573,178.5426348483731,-78.93048817170015,-100.90666974349402,96.6704079671485,0.0
786,20.22833041259836,-8.815605045170544,-60.673907668935676,-27.443755615247067,189.00446036115468,-55.83687596915863,-97.95430005805078,84.07883341979685,0.0
787,27.304840257772412,-140.50225298531157,14.259277438185904,125.25000915382851,187.18631428358523,-59.13218013845113,-102.97487538646,86.47723958311057,0.0
788,-34.26696469601194,3.823805005358216,55.9182556957377,13.160711463032037,184.39928622119209,-59.5038015056811,-100.12540993242949,82.07725691194727,0.0
789,-51.71074938360949,132.54989951831826,-34.65348335947564,-28.378237459428547,187.53288126814238,-52.83266219210798,-106.45144745640361,78.86715459867509,0.0
790,-35.39684922052846,51.409809932234786,35.20512585291711,15.809281321928948,193.68094079200563,-47.15660863198306,-106.27841111097062,78.65225787385558,0.0
791,-69.23048206520517,47.6532736703923,-10.908670223266197,-180.04236785713516,189.3987573242357,-41.03081160736453,-104.81932162915106,80.27768688634812,0.0
792,46.8224418412034,-52.181488506451814,2.4435887906542666,-64.07023559249735,191.76871071809424,-41.90503855783869,-105.4410972473565,74.97280553524357,0.0
793,-214.06422336502166,163.04085318365145,41.03236574310992,-55.45183539648565,180.89717801817136,-60.16413886609209,-100.17547073129859,85.736690406037,0.0
794,-194.4001039826965,17.047660448429195,56.79448342411104,-71.66899799098697,195.009002677941,-35.2260943424577,-109.50870350519715,73.37839497534495,0.0
795,56.2233849142165,-102.78441634208382,167.40787234418727,-35.36825099457116,181.92363994432395,-75.66434195495873,-99.5504957454996,93.2802813122145,0.0
796,-180.7555933214262,-87.48175727559328,155.62510287361516,-90.20948335792244,188.16284778885475,-59.16363859426194,-100.01514539825504,83.18823166525492,0.0
797,64.81888359426435,-33.02618788267117,-186.72849137356843,-59.57081326174364,180.59632692312957,-90.86573272119954,-96.64690591719462,96.84742971830043,0.0
798,33.76909418531051,-4.509051515053547,-164.00084130766416,-30.27590562816854,179.27035925322306,-79.39394988460654,-99.29361180363036,96.39883790023619,0.0
799,69.60750461483842,-49.85334853717498,145.85103198973633,-138.79175293546507,181.82626081996358,-73.57845291560692,-101.90809915339644,92.98005513620718,0.0
800,-11.474674290560143,-10.402304967791709,19.333198670551955,12.166853478894168,183.69495841021666,-64.2614007444906,-101.15998716189974,94.91641992234989,0.0
801,40.52977855298911,-19.195465010796728,105.85933087571355,-54.98889998343513,181.2602451971781,-72.59938553777815,-94.89124143772318,88.55954550114261,0.0
802,-2.514529701624424,24.298078667411936,77.83094993757895,45.136305993240974,196.93797593319806,-39.811872637832465,-104.77364895117816,70.18188335516093,0.0
803,13.33663996676776,-56.10288694966219,-34.88596582586552,70.86457196806563,185.64402743768397,-51.28354020205091,-99.8319063522853,80.40560941326048,0.0
804,68.4550693869483,-21.055846465461496,86.34766114552119,-103.82950715500134,188.7295164892807,-54.499868865735394,-102.86734650577479,78.59424614185478,0.0
805,36.5953992070343,55.806142921373606,49.80219576011295,60.46681138819493,196.28322252494192,-21.96254272647294,-108.43634268608949,65.53753322282662,0.0
806,26.02436916599753,20.264002167621832,-11.54723768970377,-96.98524064813445,184.8529256518861,-71.63364311748329,-102.55945823620146,88.27556916141182,0.0
807,83.97109138470601,-36.152817552938274,46.035263058995604,-75.29615896748228,177.2544873861788,-73.03921525396562,-101.99236477558891,97.94968049086859,0.0
808,33.84843921040673,-77.33311539587723,102.47097160889922,-11.520155218862937,181.1853281355384,-82.31711350896656,-98.73653974826824,94.0202463194933,0.0
809,179.5319004172831,101.33720373233889,-29.80765167609509,116.01205310790206,195.99611958892143,-31.58748020688614,-105.70445567712576,65.27322559348295,0.0
810,29.283089084100233,-4.587463461426033,65.066998573856,-58.503202599683114,185.77942677450972,-51.481604584723414,-103.97050802157361,82.30053889219218,0.0
811,52.04786853381339,-116.48223602223109,23.857543370823812,16.33017594859232,186.1004825923092,-72.80886309440436,-98.26264791700163,89.25291044065858,0.0
812,59.158632056228555,-12.025981399938306,16.593922197012674,-177.9669861947509,188.76713436569327,-39.35878833044834,-108.1211228504472,72.61800584797231,0.0
813,36.31643107044636,-11.375803730761042,108.39121854060005,79.10474362244673,192.3100655217617,-49.71620691566382,-107.99286548187378,83.74321062562034,0.0
814,10.412041390225296,27.647828966504996,58.80125750479719,-11.060960892414812,196.5094712246328,-44.12889579968548,-96.69016463740395,71.97333830977827,0.0
815,-95.01095625689791,33.717411945722084,43.113084702949934,-31.894797193226843,184.43632333739689,-72.58807045298221,-99.82909067558143,90.12003907844075,0.0
816,35.53694044554535,-46.909719380456934,168.09771561511124,-95.25638297023464,191.6675817874894,-45.68345357952044,-104.16173941502223,78.83126909737787,0.0
817,-154.54610871397003,-69.36006439432106,74.30932569329491,-198.41605663750286,186.61943306023127,-61.90645982363123,-97.71221733291785,83.65381751156694,0.0
818,115.0638742622462,-151.60741849562507,30.157690583165643,-10.518504062469686,190.52670245848358,-36.505456057689976,-106.2245678827448,70.75840746949379,0.0
819,96.95393316005192,-72.96209643621559,-21.565893548456692,-62.31715514904697,180.37971657135725,-85.08369088283874,-101.68104264249779,101.59498590234435,0.0
820,57.3557781321123,-9.257271893528769,109.73842857292921,-98.88145351079464,180.81442879974387,-60.46015050449479,-100.04192343128679,85.29914635727336,0.0
821,-33.40898016305668,7.100323116394108,28.05599786110342,-59.85634612641753,197.0885226376684,-41.796949292736244,-104.90346596483278,68.47176062025235,0.0
822,35.42414754275908,-57.25099864362602,56.86599145733594,-3.4099267960443322,184.02481073584585,-75.5071923176471,-100.88216708061991,93.8998609173664,0.0
823,-79.0816099289776,38.808289650520706,99.2919582616431,1.3766791069075968,186.09274844220596,-68.24190922980156,-100.80647473961949,81.56287299316514,0.0
824,-16.01541236587026,-5.313900587021059,51.59496639863331,18.7868284637414,174.62622152527888,-89.55753045308732,-98.2033626521483,103.6820294924149,0.0
825,42.260597065609424,-29.078194308569987,-90.24036222736771,-5.818223776583614,183.34519128043257,-73.16396920276136,-101.01996614031141,88.23006469736833,0.0
826,-123.98372721094626,-1.2851925006050036,116.19746318525013,-41.23651718171272,187.30434952777222,-74.80495705860793,-100.14856391392522,88.46562885254767,0.0
827,-155.68796890175537,-29.744756207595714,114.95019506760417,-72.26185906542317,183.87065669901298,-56.49056859219092,-102.68577814377733,83.06909425941527,0.0
828,21.064584596993527,-44.422007034393054,-51.67557432285131,27.482958664097012,179.64419148909758,-79.57779975132735,-95.85556199886508,91.48234372654125,0.0
829,-66.85586696728647,3.3500704982005027,-32.70573660570181,-139.85841483202293,181.21965557905648,-73.53042866361383,-100.578960010174,92.88671606238394,0.0
830,-93.63802090361199,109.98633946588056,14.95475807585904,-58.26276785054385,177.35455092255515,-75.76859323691596,-97.39893402534261,89.8058680939565,0.0
831,-83.98189982136859,83.60170293597399,71.2384689923014,-22.007714284860945,189.22471196563157,-38.78535620959981,-105.17701381873609,78.65367640525577,0.0
832,-75.75786495098716,104.79149330279294,-96.24372556359258,-90.11064596600357,178.38021232597475,-69.85192035080455,-100.74388568713644,91.15002241597217,0.0
833,8.185180977323848,7.201649037311814,29.663783151907186,-68.58027084219744,188.46727271431854,-47.616740031305795,-106.24407033233315,78.91500831714622,0.0
834,74.02018029013743,-63.55447425430712,-75.8961858381175,-73.07600223016178,198.99006153924822,-36.383772417984844,-106.3567641481244,67.66227495217456,0.0
835,-104.27349745587202,148.02640802314264,-8.882258906816048,-50.45868789075379,191.7881886474796,-52.36141911415837,-101.19910045731343,77.60186236881171,0.0
836,60.62921579309008,-30.078815895877685,33.99461829034352,-96.78915442649635,187.78098806896105,-67.16609334331896,-104.44616416714359,89.4886371591378,0.0
837,-136.05429248463477,-85.70720551692246,67.8604346153657,-91.03113239488975,186.5672660237511,-59.145278167869044,-104.86018053367675,84.20887950105048,0.0
838,-99.38703595005249,103.29378408211616,-40.4113155056108,-53.36954516797252,191.20222568901383,-53.702905626196866,-102.14545899054099,82.7607122615915,0.0
839,19.288369805844336,-27.188603224883572,85.18468860705136,-15.382336287189974,181.88869371079352,-73.12516808844482,-101.58518641313435,94.30631891903249,0.0
840,-16.425435327935634,-9.719133661202578,-43.25765546381256,48.75844293681564,179.44886886945199,-64.62525425843921,-103.0802743214728,90.43376703737955,0.0
841,-34.123969951987654,-44.761710426939295,29.234135876165073,-79.43574838701034,185.48249201256755,-69.70772923964742,-97.41351929530764,89.14416639841134,0.0
842,-25.943470487196553,-1.725731407567832,44.57790773734208,57.78756876190522,186.63424153727811,-53.9858622989838,-102.97919215590333,82.98222331883152,0.0
843,-177.35793388181563,99.78104428098952,56.32448694579946,-46.14028486868841,176.8866187017903,-82.47495727771746,-96.5295557215768,98.81159356930907,0.0
844,-0.8155068345000016,66.32598035749866,54.008290933886386,-148.7302334618653,186.76832280557807,-61.066871743369084,-99.35657798624918,75.812051896332,0.0
845,-9.372048940203126,-61.53668544485355,89.67544462725235,-24.753865863065034,194.06176893319676,-45.89768055979896,-103.37044516947917,72.3490987067983,0.0
846,75.0359103756174,38.19446959898329,89.47092944210007,46.85370117961183,184.54189428719843,-80.8276253122788,-101.69032710805006,90.85412133750225,0.0
847,69.15958763164139,-75.03614222171962,-59.695874866600974,-5.99272414766121,177.12804544626698,-89.66785975495439,-98.2415226513251,99.0887060284096,0.0
848,45.11740309300599,-53.67789917703756,9.386813522325909,-51.80091894017374,190.76848206042732,-61.91576228533163,-104.58943740638493,84.89575898103853,0.0
849,35.635350524788116,-12.998184162221369,-145.99853589321734,-3.6347290359203424,178.9490485843669,-90.78903608469683,-96.84368845424301,98.38037534373854,0.0
850,16.181647579084462,21.21677926757385,21.38532875188204,-122.86659715309358,182.78948212367223,-71.93235237134614,-101.40415603604458,90.98791554187042,0.0
851,-125.20221169192047,218.91613252548746,61.116121196379595,24.39579046653857,188.23031212151386,-50.05556038960002,-103.75038361692239,75.76549905604557,0.0
852,106.15689046859976,172.12441117910444,18.39413818661953,61.882016957684726,182.39639174236086,-80.52758274783528,-102.49716200931147,95.77369868435844,0.0
853,-53.3735598048685,-83.1239568756455,146.40318121246804,-72.65265115771723,186.29908798944453,-55.76691044844743,-101.19319424532465,82.56460429590982,0.0
854,30.41832609852918,89.89488435756765,-18.79468997113215,-29.538618223173962,193.40511256656634,-38.00588056140697,-107.23450370411916,72.30496277478136,0.0
855,-0.6249620626029073,-28.3042146117532,154.69155727103146,6.497267500319815,178.50678597452773,-78.72285525548888,-99.40461486271309,101.39625597269652,0.0
856,25.347480846440675,-18.366571580228005,-232.73835734161477,50.870548201587816,189.7161842761444,-62.230422082856236,-100.85982456265836,83.53715876856775,0.0
857,27.556165533979904,126.95560873064062,10.069594285176485,26.529569399474006,181.02983635387147,-71.85816363705118,-96.21392103993723,92.06654842471339,0.0
858,-11.58542179801575,18.95931744429732,101.92316113609019,-77.39767517486243,182.57501896546725,-59.5667739952263,-97.44255784948966,88.79657995808458,0.0
859,-43.18704858323651,46.422689197470085,-14.998665508377396,-102.97690822375407,190.27410986318824,-36.39277040168974,-106.40639829036782,73.0152539886852,0.0
860,25.38165917355445,-63.60792265241082,164.24601625161398,-23.90933445675222,181.9039101610428,-71.32237137560494,-95.6370054633312,88.82690198727525,0.0
861,-3.6930817404514924,186.54995447404025,2.905713765058715,85.8685994457079,178.73701885488782,-72.55071587526668,-96.77548858578646,91.45975893043394,0.0
862,-147.33414096337953,-64.17213823960495,51.04718396890321,-184.7605255828032,179.74426852386978,-65.29797426222036,-96.93249339530179,85.88284015350935,0.0
863,61.17322101377951,-75.86484810785102,-3.3905255265434975,15.152164049800621,176.11987242261438,-82.03665158855082,-96.2062330697361,94.04794733923771,0.0
864,87.51989753370343,-82.37629956062035,30.452004686348737,-33.07085828289429,180.74838592562674,-62.254812559412734,-104.99819623423076,92.21166297593578,0.0
865,103.45321518394593,-126.04713721318217,177.03739932337137,-33.016683135980166,190.95134281588687,-51.95809869889146,-101.75831485291323,79.04227885349047,0.0
866,42.00442778292638,-120.14889952605996,90.27237492856148,54.377852705391746,185.3680948050171,-66.10261308586466,-102.38584520240101,87.76528249702987,0.0
867,35.05088409543351,-60.185426288847744,-8.41757962003274,39.6241865149504,190.32996888521953,-37.7216818135073,-104.44986999375729,75.04325591828496,0.0
868,3.6340709481261224,-11.884252858188415,93.68856976396597,-13.331833250406902,182.58840450122108,-81.64187192054294,-96.19756176216436,96.3610097526118,0.0
869,18.182699796453342,23.017702157917007,48.45285525793964,-124.69763632557394,183.29986334242471,-68.57186552950773,-102.84368071173631,91.04051254582738,0.0
870,6.290035481058181,-28.89102212641249,80.26982373392721,-22.19085143062884,190.369720778647,-69.77652279939821,-100.97656061423652,83.19444434408206,0.0
871,-54.84644971316099,-29.48304463904866,139.27728936676763,-2.446371700251598,191.09757188482746,-52.18091033028051,-108.65454594220427,83.97747724173539,0.0
872,37.92214033048693,-5.498168386260838,-1.5109801773431186,-97.20471151963095,188.45238592296147,-40.28453411077994,-105.04828894730774,75.35959118620886,0.0
873,36.185690372945736,-24.211654170760752,94.41891850532934,-48.256532958232185,186.9797086505821,-64.63401875805982,-99.36349067220172,81.70410235694686,0.0
874,15.711892039531833,-16.821514557590326,118.07886344786098,-62.70117684122691,181.9749875562485,-68.22458060228942,-103.7612474067204,96.41779167304225,0.0
875,9.457509870901537,116.34508204398757,-13.67559905708574,-19.74183969188496,175.04398505785198,-85.9204208860587,-97.73649912759366,96.20798687142081,0.0
876,19.089081497396943,160.23242811715787,-23.261178140561444,3.864466479150397,175.61969466551977,-89.43629207999251,-95.02629312213547,101.49128159707155,0.0
877,58.320671546195136,-88.4229819949881,5.141027633866152,17.3957280110577,179.05231979268385,-85.56306442803196,-96.1185051319363,95.8310011206131,0.0
878,21.691250739621402,9.758736470298352,37.70091018103027,21.286552016487448,177.2930345120081,-86.77146652747952,-97.20197351917837,100.31687463312842,0.0
879,33.73020040655194,102.0224504782071,45.45298085318952,46.618130528045555,185.64636619375105,-55.313458364206845,-105.27759392575732,89.24677107710893,0.0
880,53.89679320251886,-8.412238471046345,20.304329584604204,-51.484386645305506,184.7368368826846,-68.05540281751833,-98.77743029510023,88.60529045665552,0.0
881,19.29927008443233,-26.196423731161154,222.90447089630402,-93.68558938242073,184.1168211805682,-60.40887034117395,-101.99398122410578,88.49861736021289,0.0
882,38.40462557269701,-43.82596642851592,24.59018655586595,-56.826278970457224,180.47406622157612,-70.04539759097136,-99.25296731833626,89.59986146705972,0.0
883,12.860122277470568,-41.712465793935124,-12.886138884507458,16.568318762386845,181.03574938116654,-76.12423151163917,-101.28949023384135,94.14897616700772,0.0
884,29.29275001253764,-118.76819164540807,5.9093766940115255,53.0661707291579,188.4304323300113,-46.97315536163677,-103.82054521889658,74.3826308292408,0.0
885,-1.2666862412474222,152.93666392893937,-51.22774436607964,-40.75184502660632,181.1410540276543,-60.72384246139996,-105.19017054552788,87.32975283038553,0.0
886,-76.8742384183732,-45.7883217076129,86.98580914562429,-40.96625419830116,185.48955680493762,-70.76276140486266,-104.10978954587279,90.57643978425057,0.0
887,38.16097556940885,162.06812968595003,-61.63910616643865,42.920262405686685,190.73735450751192,-35.02915343212254,-108.74280364067448,71.99928748717538,0.0
888,63.41883138940485,-70.55394880013583,23.95022115249287,-14.132360486971473,186.1889117833004,-64.30416420395841,-102.60730832974032,85.71654480953016,0.0
889,-28.959731023158753,-22.51609902209938,148.80226012729312,12.975635484222082,188.04086937702576,-59.87258526971583,-102.25893955097503,83.07509956546049,0.0
890,39.725921105334976,-101.66824605868221,156.6523763964645,21.223555992110576,191.7371331698365,-50.402600689262655,-106.38179118644805,83.89178555948807,0.0
891,-34.00827058967434,66.67801857799776,18.412355878886004,-34.836422921019846,186.6797221085473,-53.244146963851406,-100.2897503256977,84.08629976587545,0.0
892,18.320575404393203,66.32952488664772,73.01174029889762,-5.524485972556587,187.086370098771,-58.399537214430474,-102.26579794735117,80.01830085705086,0.0
893,51.94752847800969,-54.22409712231379,-110.99605385957459,82.10466306226382,188.78534344130995,-58.82673299399017,-99.95496026002319,77.59769546781945,0.0
894,-19.359844955333752,176.6104101243104,-33.195566916479414,24.859698327003777,184.01570540639938,-53.647104307899276,-106.30245335396395,83.56989680102342,0.0
895,27.118491029924353,-25.05939703673662,-0.6386766050614445,-38.766265298716895,187.82023088994927,-60.402904293035924,-101.15822524492654,89.49904591486177,0.0
896,65.08386131228275,-54.485857850246,48.59525181814037,-69.67102769509756,200.19777798928058,-20.67747702099232,-106.44301108490507,59.68812761133675,0.0
897,37.92539144739053,22.224907806471595,45.407526070107515,36.869671741695186,187.9589381679444,-57.982440850983544,-100.70641479381365,82.59105727695382,0.0
898,18.33944975565797,23.440716629057068,-144.82001539557353,-41.72926554747708,179.3842881624289,-68.9696734167013,-100.86195480695035,93.10189619281043,0.0
899,53.781378956707414,66.43646306233032,-5.662161622818612,-37.0425964318121,185.5540727328823,-60.76341692925798,-106.26275529132707,84.36348816928336,0.0
900,-134.08945004013577,-19.05071859631622,105.81105656176646,-110.84209148495516,182.1503883361108,-64.18133662973622,-104.78594881395261,90.72019713426322,0.0
901,87.08372110229368,53.12272606816879,8.391300571269305,-13.358395022900552,177.6035349769504,-81.19551895854607,-99.13161532201137,94.90957429133691,0.0
902,-7.412703509538687,3.5411836422942877,40.58266000268321,-7.160155263908486,190.58473384779322,-51.02836894162341,-102.42623912155165,77.13624675396551,0.0
903,49.08980885080299,-75.23087305055812,13.091417866349186,-3.678848037265009,185.16176763589127,-64.45149655607844,-102.78936360300206,89.57299632584585,0.0
904,18.3974357388715,20.391961030669414,-24.43352080073231,-83.66008440248687,184.23830083422843,-52.59238546990317,-100.62344656752319,79.96991217671491,0.0
905,-20.917051733108853,-93.8086017819162,59.79323559839631,-152.95490386140375,175.75485892854022,-79.09797592360502,-98.2257984320217,97.02748743791358,0.0
906,-75.2644710461987,52.50497956879687,-29.901046644354455,-123.58978844745235,173.00642079523718,-86.77200666857777,-97.82746407110157,99.95172903034266,0.0
907,74.38441673268437,-39.000343575653375,4.4569349384057215,-2.3349001017164417,180.061363160643,-72.67841253939581,-99.94225817740882,89.59046285763543,0.0
908,0.41482223905976445,35.21706549559255,-35.37648223002613,-66.33703691295464,195.54635589306753,-37.48324203133369,-108.526745104616,75.7502422171753,0.0
909,8.216106741514295,26.737174342793967,67.47494108973626,-18.916807514792296,177.63873366636008,-79.14791216195239,-96.94130278202589,100.0659350775032,0.0
910,35.040236837071376,23.258207523552834,67.17163483215647,-119.91572658125574,181.40457558792025,-57.75297891610082,-102.0647659305179,82.21186073466666,0.0
911,-21.718538673144984,-0.7188845910925779,168.71256207602053,-21.876650373771326,189.71075025138475,-55.3032638793137,-105.59268116595572,86.87127592641941,0.0
912,20.601394909776175,-80.29921935153764,216.68558616998777,6.682053661654303,181.26952146877278,-81.32756433899101,-101.94907608224595,97.41140445067306,0.0
913,78.48929484944755,1.4733906232687166,-198.04946766217896,-89.609673152376,187.37567102856224,-52.575835972777355,-103.19662929761094,73.23222496134389,0.0
914,54.95345527164481,-77.41961898200265,112.78883086222633,-45.4486596533341,182.77035360272717,-74.1653279928909,-99.32283818130665,91.04571769756555,0.0
915,84.42682395687785,-35.02403611250487,-161.05781135878857,-46.45823966583762,183.64676516686404,-74.72825605007102,-98.97128938067435,88.0505428893135,0.0
916,61.013008276284566,-37.47681625714729,79.99934383561445,-119.46688555140486,184.6810266345178,-73.42019859354308,-98.33863893454419,89.06563480445172,0.0
917,16.75997278870144,14.786949738825006,37.36947932312196,-51.10964028467399,189.19940605020898,-51.75861019166431,-98.77748498234594,73.2225840616132,0.0
918,22.641674000209132,-49.39013964763985,43.68720561229741,10.433227119550532,186.61349969268915,-52.911874339967476,-106.31042451303787,83.59530552152569,0.0
919,-53.30339750662419,-41.393291875759495,110.36518248658045,6.679037285144207,188.00181770493225,-60.30757822343981,-105.66606612625871,87.35105294914818,0.0
920,-22.96528765085696,66.5216567855718,26.16996665008945,-18.571071196105144,190.17622677175694,-55.22868440446197,-101.93403240071805,77.62413995940905,0.0
921,81.38012152493384,-58.889148155819996,102.26100614437526,-107.30956717818532,184.19896946290729,-53.20401975275342,-105.8066094496579,89.09411354546845,0.0
922,77.1605984366445,-57.720239206809424,-78.83035423544102,-37.48549662210808,181.25005238017513,-70.10340163494365,-98.58401705708171,92.03901540742783,0.0
923,-17.705511681892936,212.012132897405,-20.319941597494584,75.93332210164947,176.73977595107374,-82.60192908689656,-95.49164539586893,93.77072121931388,0.0
924,49.42162564629512,-20.517790270695226,70.28863564351992,-63.468860249390524,182.92837470894577,-71.34908562275969,-96.64265166810412,90.17504438474414,0.0
925,-49.03475404099428,26.39262839167213,-2.8450543008340934,-3.1037551654051976,185.8269829981711,-47.46114506444477,-98.76992179271761,77.70344740673302,0.0
926,84.52387093456284,-59.6459601077859,106.74314928646056,-156.2463143712198,193.23979345466654,-44.94504722543136,-103.19561757362752,73.1754601347944,0.0
927,73.53969795695534,-61.5124766431153,23.572552170001266,-81.81716695973627,190.8652821754257,-42.16275323498519,-104.88179539043706,78.64977417216885,0.0
928,49.07192390422316,-36.9968923428446,26.340916624392,-63.435184032745525,183.27626901124358,-56.37904576935442,-104.41305560442655,85.19054829911367,0.0
929,-5.749733316765387,10.952137716061456,32.05907694512567,3.1626540746901686,183.3889215248721,-58.20868056753278,-104.2065023348602,87.96424159311381,0.0
930,-89.43339543608772,-5.104286322344331,121.95184185805448,-8.960589175497319,194.68732751076945,-47.70411247037223,-104.035218223208,75.93366732034427,0.0
931,-83.82202472785927,7.635510513946498,46.103656813237706,-38.04788559029599,180.92264627798656,-85.3208875371339,-102.41196576757973,101.74180344056099,0.0
932,12.863520449515736,-17.548001086314883,127.59005767703412,-54.91529005288995,184.49431457888068,-53.71365153897068,-102.10944904729826,85.60541082885317,0.0
933,31.406089476084432,4.3498043793241905,22.902177852381627,-31.574668819837466,192.66862174768465,-52.00310638113318,-102.52136276159631,79.54565200210818,0.0
934,49.37349928777405,-79.5759114572892,-1.947423454205266,19.609825087551293,190.32711465735008,-55.74142071813755,-102.89170157148497,80.2933800807657,0.0
935,-17.282918888338912,-47.574535079222535,-114.60154170703653,144.92672638534577,194.2154042917162,-42.43807488136643,-106.48573349949477,75.07665001822966,0.0
936,-36.34929050769353,47.74788314927875,-56.679492043697856,-190.03721477119367,190.2256629620767,-59.11496978397064,-102.42865689112628,84.85443457430253,0.0
937,-84.52688562739668,68.43009593074373,83.84461468637969,71.83430668701405,187.97456156895075,-45.93758008505686,-104.48722140738423,77.41371644707151,0.0
938,75.97101321030965,-11.884164430081661,83.56213118533351,62.346693884682004,192.39209557631898,-54.77642179524783,-105.06704328509157,78.59419603664867,0.0
939,-156.33197957983086,-62.74724940526488,68.4123998807942,-184.92108934302982,179.58328195730417,-68.19060432526989,-102.00940781917258,95.64933990482875,0.0
940,47.62152262628126,-75.23529735999377,-31.556792609104733,41.34770233959486,183.50939471818057,-73.2949292709315,-101.53841170087394,95.3096971396692,0.0
941,-104.45392862031642,-215.81657245993364,123.1814631584832,-224.78222307976105,189.9950810151869,-47.602100543326664,-103.69719812913883,78.73051861901375,0.0
942,12.949549210380873,266.83750509533434,-91.64753839277581,1.9795245578051512,185.56781541208005,-65.69588819745648,-104.20732631919059,91.41963750300303,0.0
943,36.172969035003064,-84.67702230160909,197.46144923949797,25.284606316970727,183.03968300482126,-75.9350174658042,-105.08106104905306,97.15110345279982,0.0
944,62.567206347268026,-42.005517862723565,88.82674958202674,80.3127829626063,181.30410928948533,-80.99670333823788,-95.54809745463186,91.31408057123433,0.0
945,46.44337136102141,-27.3081245848127,-15.400798859344922,-59.147440326812784,197.3068420952221,-37.962662538959734,-108.9768807237376,75.3055199638044,0.0
946,-29.08713051612899,-72.66345092061297,95.94333565790916,-73.08425245450275,186.8371405657977,-63.99849094688392,-99.23638866459481,83.40351932162292,0.0
947,32.980794848104715,-0.8531400538446254,-103.8269185356218,-41.62389035784847,184.7489327975282,-70.42227299235383,-101.2826274591536,88.86928523590055,0.0
948,32.31319315294953,-85.29236051946671,-16.250386295581432,100.09234901889246,176.31936293323326,-89.85807450255157,-97.62915830554788,101.7205104582289,0.0
949,-71.93763225750473,-9.069998417126769,55.54162380453711,-51.678502119062905,197.44365522243794,-31.30561586572259,-107.72239945715333,68.99805917558868,0.0
950,51.5631433004431,-19.886093232506575,-2.3645205604129025,-82.79667054667061,181.01240250903456,-67.74430335134255,-98.99459992749294,91.36301982717889,0.0
951,32.76346389633371,-65.44179263669211,21.751432948316875,16.51813690125129,190.06076292051068,-48.08660809678884,-108.01037417259153,77.17520219212773,0.0
952,-0.6685204542565881,80.30930600044219,-64.60032303385279,-167.63889035389218,190.6146015884978,-44.47428438330419,-106.71154335552639,75.41589804664879,0.0
953,-98.52321636516808,79.20287346285133,61.133824033379945,-0.13583297046588227,188.22057738754904,-58.06806268168149,-103.17582250234437,81.35507251801364,0.0
954,22.400506093307946,-17.322687516388623,71.98176971214052,-98.60980071080046,181.68481226502152,-78.51380174942051,-104.82376998575258,98.2441894186379,0.0
955,18.726466870671864,-191.60518425474754,128.2670039437976,-34.88949994306697,182.00882325818515,-71.23337919561135,-101.5215884351145,90.0487886033169,0.0
956,51.9842982687313,-50.039301482528465,88.9116603828775,-62.209919687968664,185.92762398814813,-53.1802499329567,-100.73864368736444,85.26656279434127,0.0
957,34.51436481370471,-10.490078383665963,99.75949216504524,-93.4515370064028,187.3017630832359,-54.39579152279735,-102.36751101577181,77.74274739413744,0.0
958,55.19959600871485,-102.13810600371554,98.05456045545743,40.08712271648388,185.85843057990644,-51.865320813826884,-105.16229406236548,84.78896913536481,0.0
959,53.17746616796353,-35.372074747949156,144.01475867844965,-97.17821306183846,180.89152740278323,-72.31643710754578,-105.07080694024972,92.03124959300439,0.0
960,-2.452171489204807,-90.10754667457994,194.24052363832897,30.020502261599447,187.82950020326135,-52.17045674020513,-105.1923581279313,82.95436202682767,0.0
961,-10.140921354731496,26.54519066088544,64.48662961928437,-37.120233491836785,190.42582074418524,-50.264788442253625,-102.00113507481166,78.59031606830689,0.0
962,-57.13059887436176,6.841013450015021,43.68711047363149,-77.17864487273296,172.54583276274025,-86.47089114403813,-102.55526751231142,103.77929165286696,0.0
963,43.15705058939767,153.9625765550287,-19.311609800717022,22.881761894580123,174.765543065538,-89.43079122060988,-94.32569282346162,98.24356642619081,0.0
964,21.6316625917202,-20.686418646146326,158.78316551287682,-45.27637931875422,185.97769159816394,-50.86028083208267,-106.09617945160518,80.53501581085837,0.0
965,17.762123464411232,-82.14546021694007,78.7783436442638,72.64165576284643,178.15306774752761,-85.9480857846645,-95.4896587700537,97.76509139353124,0.0
966,83.11628484250329,-17.585165320553994,-27.99263472771887,-73.0071299314315,180.28137794580462,-71.23368510113458,-103.97997413314438,95.10494251813454,0.0
967,-107.80677671147916,-60.26555584844956,72.1450509620782,-140.51733929175396,187.4260397743074,-51.512025078991606,-106.3203268902659,83.66410698399106,0.0
968,-88.08375534719235,91.030251441262,5.9693158598664535,-92.44349249271684,185.29556960783387,-69.70180968245164,-98.08710362154713,88.47601499714828,0.0
969,3.1076633041533688,-58.59437568085036,231.64705147424516,-14.047421196353522,193.3244350409154,-34.16445055981052,-105.04463832439605,71.13283996442082,0.0
970,29.808339720531542,-11.232803543693375,5.657598811697323,1.7354509086133563,179.36668680728835,-76.38534902090078,-98.6094330146625,94.44563175743298,0.0
971,14.965517119745728,-5.42889101692986,117.54293932131749,-73.07781296211505,187.28420367880352,-38.96139704754205,-108.91257971268709,77.84859717216503,0.0
972,-70.93410900117863,85.02758751305457,29.78475090239035,-31.365256747244345,176.58125805168098,-76.74182030108994,-99.6540252509217,96.16716382110481,0.0
973,23.517835336149,-71.86898339903216,45.85391076243089,66.34582644515467,177.1909930632398,-84.67910491908212,-97.99240581891328,99.82842318518937,0.0
974,54.962007826952075,-31.875197337619728,17.44113638203712,-74.85691935536522,187.93313531509327,-50.972526179763506,-107.3101498734651,84.17666326701772,0.0
975,-74.98240504379068,-25.782167766288964,97.65723380514638,-56.20241382655499,192.37729287819903,-36.40297422199219,-108.00896227467965,76.14895854745042,0.0
976,-30.06300452184101,-142.2979915952061,112.56904085678276,-49.009634398110215,189.50154177146504,-46.470909804701606,-104.16027763636414,75.9278330399582,0.0
977,2.732215249281389,167.7642288238999,-88.78968770026852,-48.00179579077613,184.9469594213043,-61.08380805431174,-102.54526354138103,85.82175569222697,0.0
978,-70.70020638769381,93.58475386302796,-49.496286011661404,-146.10155209643162,188.36773599158295,-52.8725411578673,-107.47974094934817,80.08453566882714,0.0
979,39.36260191813156,-51.66049867986688,156.67810170381702,-34.858434290880034,188.05857380183383,-47.06512904009462,-105.64317977989197,79.36580361411337,0.0
980,21.321772830406,-23.840474054263876,-77.43244756285573,-1.772028241496476,183.0813671535784,-80.10773680753772,-102.3118031463182,89.94462045140455,0.0
981,26.142518270190322,-22.442688286970697,-0.1363737045351976,-19.588598540830322,191.91393419109994,-55.17167971533861,-102.7417722592883,83.24626971693459,0.0
982,76.43244157082772,2.70929468657351,81.498971293183,65.07709779852158,190.01574626302508,-49.247681426366825,-101.24252992048145,78.05347450754888,0.0
983,74.28215026229998,58.266786117730376,16.27992241681828,54.5491440348463,182.36252868494208,-58.31988369015473,-97.05235971012623,84.9181712138075,0.0
984,28.337529339549473,-57.467758246229764,-21.649678263701677,42.21729724509362,183.97642046300646,-66.87827211214342,-103.46507791781828,89.00297517156591,0.0
985,34.1340041268118,-8.967831605534144,-32.36962984297425,-19.807491026835695,170.88468562641359,-105.21503739851012,-91.55203633622298,112.48904536445596,0.0
986,57.61130212488165,-61.25996212968503,120.6489580395349,-47.898841399092966,187.4814533361747,-54.19600376442088,-103.24866083433143,83.11988556078957,0.0
987,11.108747459138241,-48.61860356553506,-155.23512168631618,81.82233148809401,190.2116912857542,-51.622742742222385,-105.09512852088194,73.66729518482754,0.0
988,-5.397303170897693,2.098789277538038,-12.565420564924136,-100.43838971138048,194.64532248557165,-48.42241330831346,-102.50432012648601,77.7168664992672,0.0
989,-176.72159601463605,-34.409663837621565,53.379482024312686,-137.04506771419818,185.1688890877029,-67.50963879424884,-98.227557351757,86.29987966546875,0.0
990,90.44612350949605,-106.72440698562389,86.19176956554678,-59.93180690554482,183.51291227363717,-66.9197527758762,-99.51668343450596,88.52359395248676,0.0
991,-22.648040182784822,-41.54823766296271,231.42824769452116,55.762660358473035,190.4493214964017,-59.298746901846435,-102.87532230312705,83.91552876496482,0.0
992,55.09900353312338,-61.25627756993561,114.5889223574768,-14.381705795965427,186.08486723391644,-63.11345046036692,-101.71353874868618,84.87249054205951,0.0
993,25.929442334855292,-52.4107276571937,-56.59983103523146,31.047305100237043,202.0833944784464,-12.314547984888456,-112.3186960862855,58.57961848035865,0.0
994,47.620459163121495,205.41502290807676,6.949597628096832,106.55706995833592,191.05690952324446,-50.05334313943298,-102.52371345407019,75.2096939517607,0.0
995,50.50824973145892,-98.00110717722194,183.08151876844153,-9.93147071088249,181.72276378413676,-66.5376234142697,-101.7719526740267,86.81940873740346,0.0
996,-98.30378726834009,-44.75591435906482,89.13266012889208,-75.77899524344325,179.3705741693084,-95.50001853637374,-101.23316368121368,101.56062628911991,0.0
997,56.454276854582034,-84.96331272543966,131.1409038436371,-44.995258038381905,185.17993462186536,-71.09748490934278,-103.52423756003077,87.97703641174829,0.0
998,15.20633690798826,76.6322794255534,-115.21780092804322,-153.91343581559212,181.81108849984923,-60.773178129730994,-101.64624408643164,89.78552226344341,0.0
999,-73.34123784743882,19.3944370568597,109.78098783162218,15.467187586754505,193.21367970788282,-46.83532351094014,-108.86774339119675,72.83155301722998,0.0
1000,27.139807154305927,-45.89969107826205,99.26500352646428,-37.18444044087432,181.36771421402594,-69.2178636808433,-100.57501942282009,91.22925984330546,0.0
1001,-2.3831895081088685,-1.9482578608429557,41.92025650891883,-34.44208480386421,193.03689539046113,-51.73044462848515,-98.62140483146567,75.68829312295922,0.0
1002,52.13653167943841,83.9219764410351,-47.69107740433029,21.00128744084956,184.99637760622258,-64.59967987818816,-103.62537296137864,89.69425758353488,0.0
1003,61.594812217735615,-23.76717705599877,22.2641871188611,-114.31656405763653,181.96652188109024,-65.88139357905348,-98.09216212614584,87.49487059188046,0.0
1004,-46.27565461160715,139.6590314331761,-22.014887681437536,-38.54510058681891,178.7035579539681,-73.55419481899038,-99.44705360320695,94.05137762589378,0.0
1005,-20.93421815795255,-87.70003505428248,86.37416525763646,-70.33616515788711,187.46980623016287,-59.418705651705324,-101.21500123148898,80.97568936508215,0.0
1006,10.263751305569164,-16.35142411543088,139.0993030388656,-41.385968793037954,188.92575227080084,-48.65916138256043,-102.04274365062086,73.24610450731133,0.0
1007,95.45241591727151,-66.84295108361616,-18.15797549735809,-30.75018035587937,182.11343045186513,-82.00011503721913,-96.47455462010625,92.84878474878792,0.0
1008,-55.87114694699034,-34.308358141252285,8.733162640254665,13.096220492852433,193.41907553888615,-40.75435579827385,-106.32196138642333,73.80121352577103,0.0
1009,65.96160212224116,-90.61072797566266,66.6808534376088,41.485987835654946,187.70483081339353,-49.664213061971786,-106.34324826609063,82.4028368831161,0.0
1010,69.09965250715014,-79.60557570436391,23.167141404379795,-60.09458709892511,176.0710179254339,-93.4008296904176,-100.51750333399475,106.2596097066374,0.0
1011,82.17590730271442,-82.92622236298361,39.77205603115017,-53.50385454879737,181.37581812084292,-72.4581439387649,-99.0760882605569,94.53360400027088,0.0
1012,92.33010804528664,-92.07551081396814,82.57399499451364,51.28668480778716,189.3342785192653,-50.37477345747227,-106.32702257558915,84.69515139993842,0.0
1013,-54.594777901158864,-68.462147582417,-106.6434888846516,108.84143015612777,189.52907672224637,-50.38533875072795,-103.08868756156946,78.37467225254056,0.0
1014,26.91185276813132,-46.892007840538,13.913162604314552,-41.75368085951861,180.4338046183187,-70.80503437228255,-97.99568706517998,94.26193682445916,0.0
1015,22.06468467350952,-48.46859518298252,-27.773373634723654,42.44537513824697,180.53054084034844,-65.22334577856178,-97.58934692548391,86.52066241890017,0.0
1016,37.952997536665634,-40.67560399937589,77.05040306476884,-5.476488160159038,188.22175745802474,-43.24907060995217,-101.37854291870681,71.6507066446269,0.0
1017,62.99371400675893,-105.07460358417254,82.31578594893762,51.214192287997065,189.1229033526958,-55.38101874314708,-101.67008926929054,85.3495470874699,0.0
1018,78.35996415249056,-84.70499832397368,94.90537615528572,-28.012336607978256,190.88338138328953,-52.37308191113429,-105.08332275388695,81.93665487289564,0.0
1019,-139.77000414637894,50.30741578015403,159.2947437124292,55.89323240581129,188.28931827573257,-56.680622785090954,-103.46156396629756,77.85870869915603,0.0
1020,50.25067950233305,-80.38446085185753,36.97607880101329,-72.37328006704769,185.10174619949433,-59.08425092617016,-102.03047375919238,81.70296593449622,0.0
1021,-109.70847033268048,5.621306758341005,91.36703566617665,-72.99645929987828,183.38108437212642,-74.42764113697234,-101.5779427756936,93.47726339922056,0.0
1022,33.52998907553485,58.03971149428422,42.23172683167756,6.74949643831817,180.64042647077378,-84.89002726341609,-102.24403248842737,94.732580591303,0.0
1023,56.714064062859016,-11.091370476562929,39.18408708380486,-129.20812874263623,190.28583013156862,-51.88684821617421,-104.29584440852095,79.52424236174917,0.0
1024,107.32773498563675,-85.02003106689506,76.20857338056288,-85.63998320300716,188.75694502390058,-63.73668348900688,-104.80472248747374,81.27766054556803,0.0
1025,-44.1833913923018,12.16761784702219,4.451235111742097,-86.02213276303023,190.36999010942355,-46.472923434631234,-104.74859198765078,73.31542858491127,0.0
1026,15.529571997219918,25.506695164704396,-74.463625598189,2.2095360771575754,178.88969650054574,-71.31005882257894,-97.49954036295979,87.99190850164065,0.0
1027,-18.391225295889114,-58.614184364954234,37.17489722201284,6.811394737914056,180.89712177859911,-67.94003164074728,-97.59115737839377,88.77163889712862,0.0
1028,-7.467053158573206,43.49185961957643,75.8466709669549,31.958759176276374,189.26861985415067,-47.87448387329075,-102.53391134350147,77.31769336563866,0.0
1029,-134.7009940987127,28.7117929020693,-43.7800170092999,-153.2069510021327,187.76251326131475,-39.07498136255239,-101.41942815720012,73.92868247751177,0.0
1030,-1.7152429245814838,-2.6397172719221986,19.93766642780523,-42.23126829197075,188.15873692575693,-62.52865239395922,-104.40700110915883,87.94592766853877,0.0
1031,-19.25331831502691,43.76255696031289,55.62032649513894,15.792653373241915,185.44469226549197,-64.84269392939567,-98.71728409984745,88.4570503349792,0.0
1032,23.013726009430187,-45.21936351176318,-62.22746408741527,57.53235923578113,182.9770186944644,-82.7692552929741,-97.44348452490678,91.5139842324352,0.0
1033,25.36966410714957,-118.71481660726504,89.63576678988407,-80.46991026680853,184.0058237758764,-76.91492169248238,-101.08279539108418,89.20268470022965,0.0
1034,-144.0813307287463,-20.51382461735255,127.80118931631583,-22.68388513105268,190.8405747132008,-32.98775717105816,-108.2577504653847,76.81756570074255,0.0
1035,65.17247514100376,-105.43157832439438,-7.27906267193843,8.25394303069099,190.33077524854352,-50.32645928790334,-104.21873718659582,80.87196359563504,0.0
1036,-85.72272472455708,157.07976569676745,73.87797629719725,-5.292957153064121,179.91956071463179,-71.9991199187042,-102.08128535687226,93.18513304256331,0.0
1037,-123.11717724913538,69.4703542318819,-10.05948670495393,-144.90899103962946,180.48245831150135,-65.19061530884736,-99.70559104510261,84.99435119818321,0.0
1038,66.43377317515724,-64.0329147754316,2.688607764875972,-61.20642792220817,187.78065256497206,-57.6697583235258,-101.64963290804555,82.66063358343352,0.0
1039,-85.15521666692318,151.7293307401276,17.174081489543795,-22.58176636730732,190.9809387445746,-53.911068250453056,-102.60320384872225,83.83392344650919,0.0
1040,-147.36795649386377,36.61826221524191,21.251317628446714,-83.18354402896968,184.18333194482022,-66.4964160788045,-103.01304969776471,89.68405357940183,0.0
1041,51.12364923196021,-40.410809468355744,-24.547698300162157,-79.30775203334008,182.3443611104276,-58.43483267808359,-102.84233785569654,83.37579209842102,0.0
1042,-101.56495842511859,10.172238131714561,16.05706012286279,-137.50866057460632,188.44790355272144,-65.36774446781418,-102.58046688545905,87.61275539081726,0.0
1043,46.70502625926179,-28.182904681465953,16.648332911340386,-34.07275031920418,188.9263015802119,-70.07918781463727,-101.71644599299114,83.4979092070333,0.0
1044,-111.36454547072516,6.740756927157221,32.312042731355525,-75.5328096963716,186.99541306357594,-46.18121254054989,-106.56488201086121,81.82633597749138,0.0
1045,35.42476635362322,-18.585304044956267,104.0422653910157,-113.50119312336902,187.19748751515945,-50.398370507072876,-103.31895526835406,78.45912767485841,0.0
1046,-5.520052237063144,60.88166019486698,4.6424833409106245,-27.169301389059115,190.50036142455778,-53.90380146464241,-102.84583911081494,76.47619844533952,0.0
1047,22.349114634791327,13.98396480208377,-43.1413988102766,-95.93787112595389,190.49337269662905,-52.65891199829887,-103.26139960846525,76.9843155376383,0.0
1048,75.6198432597583,-51.8292256998394,-34.31009816521205,-91.3166295966755,193.32093913140426,-45.564241887040204,-102.2268904858925,73.95802508762092,0.0
1049,-63.19556501051383,-51.92181267059378,85.35533415210435,-72.48232929230055,194.6137173052506,-29.86916238490769,-107.68039651934552,65.5517958333286,0.0
1050,-134.49220215157905,-92.54440252347797,116.59142320627191,-96.0728244992257,186.0117618402959,-67.67000117365313,-98.14096726902171,85.83950090017338,0.0
1051,16.561355496045906,22.210432687032604,-34.5628291475972,-64.18960004765721,174.83369024213127,-95.8113561558594,-92.08814261283241,101.95193755464553,0.0
1052,-23.536131069174218,-2.732450629326011,72.79315458576512,-32.18518209993644,187.93429174119055,-42.221009132775734,-103.273190429371,79.98743919322729,0.0
1053,42.62847020738418,-36.79395442745822,-129.187394734415,12.642954974684217,187.67003377594608,-56.417616039894206,-105.94096452337033,83.09595116973465,0.0
1054,83.15924937916937,18.95841283177361,66.79275723459996,57.705843554510075,181.58391700374685,-72.04809993667094,-99.77473953863267,90.40761125257602,0.0
1055,34.801420182610556,-108.93148621147279,70.07764580046316,87.53165695281908,187.90683777709378,-54.32708286221152,-106.13455130552603,82.08013698028843,0.0
1056,86.37356515416177,-105.78203910618117,89.10072636820624,-30.358550594112,179.96837749889616,-67.0264683899936,-94.70888081788354,88.81189396381723,0.0
1057,-98.42217188569876,-154.47411106091423,6.931495434195756,-171.3948475389961,188.38402758213286,-57.62139181654121,-96.74384202014967,78.81236690957708,0.0
1058,0.45621002374101605,62.7354138328994,1.3775437398054813,-114.76754453613611,189.2062812049778,-31.34333119448796,-103.47714102050075,68.1543449667668,0.0
1059,50.300077013332526,-12.245957271776364,-59.176538371420214,-81.43071142142033,184.35194580655156,-61.28068113443125,-101.84117861325389,85.81180399298029,0.0
1060,-109.14174334470903,-72.078830636148,186.40636720625008,-52.32238548822061,191.7293312639697,-35.063873896608754,-103.53305296834667,67.92411504924281,0.0
1061,68.21540487275996,80.8325396370334,-44.72333668337123,-41.9710387874703,192.75125737363916,-21.24286851490237,-104.21775411927806,63.513311863037984,0.0
1062,-43.69432240436165,123.97270945636454,9.904053744683278,-41.93124858002289,193.14507350156364,-33.04803839348814,-105.23759391864142,69.57650502122816,0.0
1063,32.64469759512775,12.25172420592201,-2.271063334115148,-99.37842882425308,199.85888962355182,-20.947537018074144,-110.60892447303705,64.3335867631371,0.0
1064,24.658328164572843,52.51560291560684,-112.96003811960875,-111.89335608135104,187.73585451917012,-57.47665349819985,-103.1368656186974,88.34651070573801,0.0
1065,-3.0273456350399575,-62.55875860550647,5.27809568736024,137.10202441882,184.32707289048497,-72.56598501737795,-101.73780594000249,92.39273071069915,0.0
1066,41.83912019183809,-55.7430027488774,254.83600853711712,-82.63338946680543,192.62525213484577,-45.14884753504882,-106.1295463933498,74.73749469321498,0.0
1067,-13.678073820919263,148.4937147291606,4.824009870549872,35.0220767938194,187.84435076855758,-53.80300498451028,-106.27982944168158,80.93635059743379,0.0
1068,53.9628275889802,-70.09418067212451,101.14227585587481,-25.996191706793244,183.27612126854825,-64.51652178052537,-100.2949643721964,88.5790074137687,0.0
1069,55.83300755022038,-59.234173360887745,63.013762352361034,-36.47636774988044,185.4567551669673,-65.66226632597541,-101.18726873423795,85.6963705180305,0.0
1070,103.22982542607906,-97.23908839517996,-13.730316036941225,-28.717101148688805,189.1102706002968,-60.97115829000193,-99.4882775221562,88.84701998239736,0.0
1071,12.772592230102003,-69.72523990903382,47.82541440810908,69.79046311687999,184.83269972448997,-72.17461251447575,-100.68598666749767,84.18747119451018,0.0
1072,-109.47296614119533,-33.713767700848116,128.875662657181,1.4894557723831026,186.24982698075317,-50.700475059898054,-102.97070905222861,81.7255428423546,0.0
1073,-5.146640952893838,-1.7512055908157853,-20.050624197812596,-42.87802406996911,186.68329163437392,-61.15400190952175,-97.22958643440103,86.49522042016673,0.0
1074,29.8983641975777,-27.40070105145423,11.67779464341147,9.271659848878588,181.4628856670807,-74.17920521115963,-98.39452167199939,93.21202229214771,0.0
1075,26.24485851909396,45.863478569629166,24.844667762007212,-23.366566940589788,184.2410354556407,-67.22860104415822,-96.89475076100153,89.21225745464073,0.0
1076,-99.27844668862774,34.35968661979988,106.04793620875554,-10.764084725779071,180.83455303066302,-63.776041582469404,-103.87071052289046,89.59402424375473,0.0
1077,-24.856170062152387,145.4296633043124,-61.199124654855055,-52.877546411055874,192.63885551031814,-43.53446577269227,-98.86407566007519,69.17980683068546,0.0
1078,58.75386779383933,-65.98511964131689,35.97749765448828,-46.91790747329351,189.862386885589,-69.34554498698775,-101.85580528131167,84.41373683366152,0.0
1079,10.25993504925235,-10.932911358932508,104.09512959473419,-20.428530440076326,194.23158436166196,-47.711999445274245,-102.8802619451534,76.61879458524393,0.0
1080,-41.095825821065255,50.09895885661558,16.176200417655565,-66.31979936287856,190.03828396707388,-47.251047297603414,-105.75011902127328,80.73913194821274,0.0
1081,-25.95103000245492,74.93148866892857,21.40432571699126,-45.739374348371776,188.93067450502465,-45.281695783906294,-109.62800210707633,76.97606145199545,0.0
1082,82.70140160316497,-28.474208813173885,-19.38633367070003,-110.94264607473698,182.13784300939352,-65.05531304444594,-103.79533366404054,89.68847691564532,0.0
1083,-77.44427476154601,19.378157596223737,120.74648181151817,25.239833351847384,181.10688279545028,-71.14753904023763,-101.69113700091901,95.70928937531072,0.0
1084,62.77291632049391,-33.262379008043055,8.353161615630661,-111.83525032389643,187.92875674347653,-68.16470241595808,-95.65667063761425,79.8360322170455,0.0
1085,-10.321616987282756,-42.65831635042604,80.33717588381515,-36.876025520717434,167.62081121574084,-90.49012210945364,-93.67012150811073,109.29040298310274,0.0
1086,44.05944472903508,167.98129358200222,-26.258854770621408,7.951423190188967,183.07367043410227,-60.818876607082835,-98.78622717564117,86.03015527686811,0.0
1087,68.17303139072635,-31.882432446371574,-213.49811247305362,-9.789546788272652,181.26061977011125,-69.32043767054057,-98.01067220590542,88.76559844771687,0.0
1088,2.354208855313628,-116.12737392893591,129.47942576386316,13.222968867520013,193.63787980368346,-43.22902623584379,-102.07710193854587,73.5863729137027,0.0
1089,-95.52290509326549,-15.395683418396978,48.92241411793694,-108.31328092399369,179.5471425173964,-62.123878767932275,-102.39220007376048,88.79180117067216,0.0
1090,61.63006655245753,-55.03600056485294,120.18376093796657,-36.45485765847882,191.30428054005623,-51.83499304753864,-106.52852125348083,77.54308198941081,0.0
1091,39.984747909273075,-97.93480760897558,158.35261100402366,34.96064741631314,191.62381034623502,-44.28110577154004,-105.7519080978174,80.59473527296623,0.0
1092,23.302755348407842,-52.166101647929686,101.09262345945665,-35.068881462191584,187.94460702282905,-72.06133215277706,-105.35083160455322,86.67206622936617,0.0
1093,26.846930353011228,-38.88726692333785,41.74051885413495,-70.99020742904631,182.33319415447514,-63.88084105275226,-98.36500594712099,86.33239388947705,0.0
1094,47.64335432247982,-60.18304865439141,112.32498906179622,-62.795655588530465,183.7200409095069,-51.96558292615009,-104.37274601965817,85.60761813427564,0.0
1095,-10.84833032491716,89.97280677959512,28.561426751763218,-6.698261329656257,190.53016015090242,-52.17266889241385,-104.6073787019732,80.12718945296494,0.0
1096,-46.01484698391673,58.32083805756285,80.69878081254683,38.24885053542392,192.77413382250487,-32.95962082385264,-108.94548501911515,70.52124416711128,0.0
1097,-62.78568792373925,79.0385463279082,10.62751467352976,-71.4060838654224,176.47446317002175,-92.07708435821046,-95.1409086872702,103.8593379218142,0.0
1098,-98.5773329514079,164.82910451562006,67.08036987596661,85.36807894612812,183.27655562440535,-65.64986930829895,-96.7062509159515,89.5941664697658,0.0
1099,32.31399541475714,-48.775208298230325,8.982534977859336,16.308721751924004,187.5209458260018,-43.717799988130835,-103.60432736720868,80.32719952470306,0.0
1100,21.534387763080066,43.53769077299155,32.59602703862882,-39.86244090854727,191.5535736373388,-44.105800137601335,-105.27666769968307,70.21792894759024,0.0
1101,-74.28431760666481,55.98297861078569,35.80555353137864,-105.95664296336031,186.4619256318227,-66.89246718847573,-102.62810149086232,87.49063558545218,0.0
1102,39.96685098093653,-10.99767404136735,-11.967077135151522,-15.329838316291658,186.81506558616732,-63.95897007797019,-102.1701010626448,88.16106600512408,0.0
1103,22.633345224169705,-5.859393797164642,39.281529167039885,-20.835853866320875,190.90151827382698,-47.40636966974479,-107.60147438837313,78.41548438340027,0.0
1104,46.328781070556104,-1.148709507091572,0.17754286542978615,-135.182921047931,189.83039261061367,-52.27981565122201,-100.64820571401333,80.13831172998991,0.0
1105,27.533962546335033,-99.60020459180038,42.04186985033264,68.08999649270811,177.20809708467402,-80.26682980587347,-101.70958055007759,102.26713825233404,0.0
1106,-21.738370389217952,4.236288144502992,47.6461577929603,-60.445064340768994,181.15811114094475,-67.35833165078252,-98.10306946704983,87.0011020870802,0.0
1107,-11.345113097112785,4.97346106076359,82.11628968748612,-19.53892740732912,186.6199110038967,-52.74963708846482,-107.05495262121137,82.18200858396818,0.0
1108,37.886311636504,-43.01277371410179,129.98005721309147,-38.147739504179874,194.42032908004614,-33.74673116708581,-107.51368020955486,69.74046072997656,0.0
1109,21.90503250261643,-14.942130326982204,56.24672595370568,-50.27284647222824,179.57271018551714,-84.31724096470485,-97.92320620480758,96.27384385680223,0.0
1110,42.12785435694551,-77.81191618871675,36.20583512577097,4.038915839985524,182.78061562981648,-80.51789217313018,-101.16982115312516,94.44846172792164,0.0
1111,28.882743315103244,-55.600212147888705,16.161273709651088,-55.484766613215506,184.69779555710417,-61.78081013878263,-104.7499464620791,88.2109551688684,0.0
1112,36.47878516244322,-66.59341880384994,233.199667135817,-35.20763253777122,190.63670274459628,-58.14126787007665,-107.17063111387337,85.92113339285858,0.0
1113,-9.115981815479463,11.570543232538377,94.75323936039389,-21.844817554830083,190.19488881776974,-49.852883691341205,-104.15205127069483,86.38609482002413,0.0
1114,55.86303673097199,-9.805387425852608,-86.5405087011939,-85.78971268699915,182.63943100503064,-55.664432606208265,-100.8261263667609,86.45483846632781,0.0
1115,66.23807983848198,-67.37595039741208,69.85920516028068,-25.852836673562102,188.25416680036662,-72.63281786710104,-100.02124431133859,87.16743096630775,0.0
1116,40.00775085421807,5.713297059498873,48.655656827816905,-114.84839894104968,192.3780656406043,-33.575040655808394,-105.237607741135,72.39526542106809,0.0
1117,-128.6776091591804,-60.75486941121787,117.64425774842806,-62.37565199865212,186.05541006682847,-55.67692268890549,-103.40133986394488,84.27027036738144,0.0
1118,50.20896568252502,-101.97765483199844,119.32693753391297,-1.4571267547205224,177.8710231890905,-68.54614605565348,-100.45858593192582,91.3047972152107,0.0
1119,-1.4058775628303766,18.91410772879034,-29.637476805266594,-41.68815111618043,188.67960911600576,-60.73961671402319,-101.48891605098383,78.31718420030765,0.0
1120,-133.86657276436515,87.59316641651938,47.91018731132631,-51.80078448190031,190.31372843946406,-55.13561462745706,-98.26695630516436,80.34213898132354,0.0
1121,4.511839130051137,-5.882133618770541,124.6469955037322,-63.63108071194801,197.2326066263255,-41.89487633985489,-105.09337931491811,73.03236938896151,0.0
1122,-8.454946725259148,166.22510129688936,-12.061814425826107,-16.730379943342896,185.80110696138513,-53.56363553911128,-103.67923634388838,84.58726671132302,0.0
1123,36.108916478907446,-88.0768899644407,38.63962154340444,48.32626546470266,189.50651580522356,-64.91987366128613,-100.04932669943098,83.0859445638325,0.0
1124,-78.43475431501436,-187.71935701978583,-186.74217738078423,225.61637692987313,186.21845578615338,-58.62059368965431,-102.23388906884114,81.92568842739486,0.0
1125,80.31881080507644,64.15607324346797,108.92513096693324,80.31885874421845,189.240820345475,-57.30258162187425,-105.36057482870629,80.47415930626099,0.0
1126,24.20926392037871,159.45000815810076,-79.18549808077606,-8.90680614986034,189.117379884555,-37.751867828242126,-105.60783842703609,74.60336901058366,0.0
1127,1.4818410985949104,5.038478837704485,62.70292445715282,-10.099723222943203,184.33178601392783,-56.244338372292965,-103.73058588827038,85.13960387058617,0.0
1128,28.279674459096192,-44.587326809572126,-19.469305203924016,-11.851409305936272,176.4198035321256,-76.75567125857272,-98.20566377839154,93.41891673671577,0.0
1129,-22.94940952117882,4.616362674897956,123.38531703168259,36.15669863911006,191.63526161206818,-54.16900910336019,-104.17508391145567,78.05878603521661,0.0
1130,-54.13946352876666,52.93669200891411,70.44355064244925,2.5430794801699297,190.96117839902246,-36.173753327656314,-103.31468250278876,69.72517699080115,0.0
1131,27.370400819959034,-56.95872100545447,176.81513999906434,-39.47120930858338,188.37701076115178,-69.93037388601654,-100.21693472315351,86.87658225325298,0.0
1132,-17.36841900829206,166.47330167309113,32.20388208262483,2.7521861572923303,182.18081193700021,-64.78934301029447,-95.8725953866406,83.73875769814043,0.0
1133,34.18449572045347,-37.90033839430956,148.4262287475584,-52.84240399413864,183.47741236398332,-55.64019538412295,-99.53336817051934,83.50527528937829,0.0
1134,-33.10261459018244,-6.923314566200251,91.07717737318029,13.123660078275435,190.38256835176904,-36.79895317226333,-105.92279943193587,67.97466044752153,0.0
1135,39.47253909495596,118.75643829030369,-23.420355444917718,-0.4263717378171217,180.66442807369606,-80.33406069269769,-96.69343916893885,91.32530570496519,0.0
1136,57.401854007148565,-71.26593693058814,91.09795269417536,-31.53459172081258,190.18655097089905,-58.874286854074725,-102.04617390559287,81.96339084772175,0.0
1137,40.377337580496146,-73.35706651436122,90.42840178445543,-3.13158152060371,187.9438973235059,-57.91890882513047,-107.83118856655315,87.21764673579725,0.0
1138,51.01459426266637,-34.24555678859998,1.520565231851817,-36.548685304494015,184.406420736272,-77.79302361491719,-101.28788752402846,91.68815953246761,0.0
1139,47.29264884701016,-25.98917468522528,-13.962581728492596,-58.180840287976444,189.01792080188707,-51.92007709423984,-104.26463706811575,84.1513597607062,0.0
1140,-37.9045892978161,48.34711389023752,27.744444486712418,-50.4558221674891,182.88359513435253,-64.40468131272344,-98.73983127738845,87.1748727267662,0.0
1141,-160.23653108262565,-87.2825968998652,139.53506316531622,-55.54676209733107,186.41594460593214,-60.02273823763923,-100.55467600707856,80.85086470120252,0.0
1142,-26.547499545818553,60.77753857540077,45.82096244560806,-12.005734982427024,179.7798975442515,-64.98393163256503,-99.58845672935279,86.4167899065952,0.0
1143,-20.726832789806977,12.931893284246668,80.91015508277933,-46.29932034942661,184.66281680033703,-58.87660160971133,-101.63271591604482,86.81036606798412,0.0
1144,30.25799762631763,-30.692422158282916,69.63017619034086,-59.62926244300093,188.0143840075795,-65.94360280441619,-100.40314515244293,88.6278680357896,0.0
1145,-101.35895020428873,-77.50421262403316,143.91734408957154,24.96560765605621,187.3544010907625,-77.2156171481567,-99.46645297403987,89.75111941741105,0.0
1146,31.12984443742527,-32.96325383065247,-67.9191246800088,-82.50893082780748,181.37066020130052,-59.01482165920319,-102.35136504302235,85.83381245637786,0.0
1147,-72.45816892862325,107.28187210565613,-45.27322530906144,-17.682564968156306,193.38946802406375,-47.81580479367876,-105.95263617675006,77.38397377637118,0.0
1148,-150.64392351700423,2.5174993720704086,153.1881409400898,-40.32635178991114,196.54103022482363,-51.52596629246642,-105.5614024951941,76.23484081572842,0.0
1149,73.40369207508984,-75.99507164906886,98.10713769712017,-33.008739205324964,182.26547923433654,-71.7138998617978,-101.02216804476717,83.6892737918903,0.0
1150,24.320435818536822,107.71717239687972,19.635688476792943,-1.1164416763079943,184.1040884274272,-66.42922653444418,-100.59174727598759,84.8207249624849,0.0
1151,-71.61826795223057,86.15730561321979,2.017274714150119,-134.6524208198375,185.23201730990624,-55.77254409654136,-100.97600974453155,81.38545121761186,0.0
1152,59.99620728119898,-62.87075911450315,-52.99074827696305,-31.99656004022533,182.21837604364157,-69.27565656092851,-98.5186154422056,89.74375822461154,0.0
1153,30.02941857737754,106.3904255107312,92.74163320636434,106.9472419743625,184.00377097911013,-57.766168789918076,-103.4648180103125,89.49370631521238,0.0
1154,87.90462338379913,-101.8854875961321,87.06048767139343,-74.91405243182024,183.56229267739764,-76.02069271384453,-101.07841613699088,94.18913129272457,0.0
1155,56.20687629083045,-42.801734041659984,-98.68633831240679,-51.0328105555876,197.55907790193925,-35.84895148816097,-105.36415733871374,69.35429111332016,0.0
1156,29.324493146654056,-37.53103141981389,-16.10194313022989,56.15275436814671,188.00634203076166,-47.49852597536379,-101.67769237279173,81.61315713702047,0.0
1157,8.057807349467266,104.27320664091475,-0.4533066204167602,-5.234790428081654,189.1265856060011,-51.72688592108568,-102.51165630769307,77.51617865930179,0.0
1158,9.351983825964123,-61.13284794850517,3.3400537007932716,60.78034046382458,180.60023814502892,-81.18654977245623,-98.68539480315609,94.56883399077995,0.0
1159,34.96404243767855,-86.97311261700776,211.25898824437738,19.918376764741154,190.0634090233265,-45.4645281888305,-104.18563256946666,76.41638117610593,0.0
1160,-4.019736812635366,-38.57471169067625,13.131211875233422,-21.439562445785377,184.7168489334234,-49.3084541701613,-103.9581759052497,80.34724442976751,0.0
1161,38.24334330945048,-67.14863930077746,103.7066916097598,-19.655251823116632,184.04295804744532,-51.325292531954766,-98.24305291211004,75.99823224801501,0.0
1162,-188.28374283250957,97.10497342661189,21.73384086742693,-115.34235140933377,181.94065823266374,-64.90206181706061,-102.28029203262693,85.83754104478567,0.0
1163,70.91424067802181,-88.80650742357872,-33.238163620268764,-4.903229750411126,193.2502533060598,-36.461444530208034,-104.3763468489538,72.13042622725283,0.0
1164,24.281305585524485,-33.933040022139714,198.32075380836307,-46.26923127814918,178.85999230644546,-59.397560166205984,-104.96186437777554,83.13449045354173,0.0
1165,54.45676162701785,-91.26969725726585,4.4085504317233575,17.36964372582407,185.94421107454804,-67.48290177165444,-103.99345455959102,86.94393414168036,0.0
1166,61.1354309398324,-53.18243338634956,-74.87480993807351,-79.18395494827075,177.14377565691228,-67.79957049204835,-96.9315755726926,95.78068589218073,0.0
1167,-90.61000957320867,74.95123964200614,60.66749178081133,-43.229684485936474,186.9183023680166,-67.07709276146139,-100.6909785588411,86.86151238496703,0.0
1168,79.92556351843243,-85.93790846371459,-88.28957911220974,-13.288480224865904,182.15737874509844,-60.055278853224614,-101.56885569093915,88.4134781722476,0.0
1169,-23.24591075555334,-24.207721548301254,122.85984227638711,29.523451642516985,182.28250511227645,-72.60353211986282,-101.02167392649379,90.3132403946709,0.0
1170,80.47473022574947,-72.25767805628556,93.06822334622147,18.40589078363165,188.48897557281282,-58.216231356211026,-101.20963011111233,76.05842352967454,0.0
1171,30.126895593513613,24.128070737013502,35.81454286004636,-28.1704778421765,191.71732601728277,-43.27405371872554,-104.49059202328503,76.4122261713448,0.0
1172,44.5039198124949,-124.26420275619066,164.43747646868823,29.32539635196809,176.3346445304403,-81.56133132833985,-96.85308319210525,98.08131909346461,0.0
1173,98.51065419183055,-17.84134966314852,49.008953020535145,84.52384270810586,185.4101071616028,-70.22822412232937,-98.59569399556668,89.53229672108168,0.0
1174,56.49560904527849,136.59825969001793,-6.726372282471127,80.26996842898278,188.0229008477162,-57.34093079828211,-102.0828546005732,83.7414598014456,0.0
1175,-25.26571311800848,-14.22097943046465,29.93541442488886,7.634496446599864,183.48714526667763,-62.78873257678391,-105.54938774023942,83.31218438186967,0.0
1176,43.832309551516666,-74.14421373146361,17.910247678281436,24.065336139741113,189.67484987547542,-53.26298605026178,-105.74370295647743,79.73966672950452,0.0
1177,-140.3669154788848,129.3258491134152,4.072467261799412,-49.957578483617205,187.69926416749678,-52.60246044265713,-103.08155616025407,80.12620291551295,0.0
1178,-22.759928873680916,111.95012654143741,68.31660001245791,14.719010368232443,180.68573431169486,-57.54081210889572,-101.59458926321919,82.25562100558659,0.0
1179,59.4425486975324,-29.15629136731681,17.852185334283345,-69.10965877689708,178.36645710126896,-75.79000653487246,-96.23614721673549,96.76042439426135,0.0
1180,34.202041132418636,-72.2204055253646,33.52313751036334,-52.295580139912005,189.47350685652987,-60.87043897164124,-101.40236703217498,84.13858455109225,0.0
1181,23.480414084948663,-59.58078679266228,100.17718450931703,47.15910369996451,184.78064986600242,-52.86472640527761,-102.36294244238843,79.85125218829933,0.0
1182,-140.62962501370302,129.18762260357406,39.48840977169484,-46.78048206694915,192.70278728489356,-40.75946762766057,-105.06518346534226,77.15690014873184,0.0
1183,23.464870112347068,26.010202217753847,38.282005517298174,-61.03402899580437,177.83049202520482,-97.20049454550254,-95.6511034985403,107.25129391552703,0.0
1184,20.868050116705138,-71.81607438263578,36.95258478048402,-67.78643740446368,178.30753892471714,-80.31463479652044,-98.44594896935327,96.84479035102167,0.0
1185,3.0279593001912684,-19.549277629072304,132.18187485512033,11.823895283581887,179.29358252614088,-94.78911210310594,-96.50112999675787,99.215036036343,0.0
1186,31.798565712098736,58.01899307066688,-44.73902908361664,-31.49619378120975,182.33257010852742,-72.59102302406866,-99.04330918036754,91.7645703067431,0.0
1187,-143.2454220787387,77.82894651962506,0.12690697418836216,-105.87025642822634,188.03168639951286,-61.6239423935763,-103.06228489192345,83.29540399981553,0.0
1188,51.92524155644682,-19.982638643969953,-47.47900645397927,-47.275593145708406,195.03975561114854,-42.381113918693956,-107.35108690194782,72.93444638478414,0.0
1189,-59.28297615350575,-130.4885239850788,136.25741538224543,-85.65842342718743,185.0437147233248,-70.74144044622014,-102.97763695184688,84.1100532810069,0.0
1190,-94.66715710321142,45.41469768872187,54.5200520710767,-40.48509603801948,186.64119896517084,-51.729809006341924,-100.4511805448391,79.92501068509085,0.0
1191,26.100413801362187,62.41954596904877,39.22779164657394,-14.215360777675492,186.4001277150507,-68.54147301252323,-102.23211575254662,87.49665401716753,0.0
1192,-77.80013353055217,-9.208228203740015,62.787073068665244,-44.52344954816039,179.67416007297754,-64.5540007092979,-97.83048331277958,88.52271125504029,0.0
1193,19.0318294099184,-16.903634442462526,-9.970747362690895,-51.94256173825084,190.30761210478488,-63.1529171953276,-99.62871013290933,81.1788412172521,0.0
1194,57.686610185001896,-57.138251316386416,24.612114089844095,-36.837555180665895,180.1155113142063,-64.58010059764682,-102.54165354454946,91.00761282001758,0.0
1195,-42.93047714455772,50.4083476386126,17.44434425894544,-120.59190725340578,183.8089213446102,-63.502526203105084,-98.22297884246304,90.44863721044007,0.0
1196,44.81808785486422,-38.83163784704648,177.46884496792924,-120.08686022449595,186.77328248339506,-56.476439096321855,-103.50827800972732,80.92484209694112,0.0
1197,-126.14615393006257,75.9372527631033,47.22705056125378,-37.079185953530995,186.90067254287496,-59.42141356454675,-104.43194457149916,88.81853054216401,0.0
1198,40.63982858833903,-87.65353330838416,-8.741302791139915,58.95885732702866,185.51139588860673,-66.14664004686091,-98.04137662957191,82.72258003381513,0.0
1199,-164.01701683545556,-8.157945707973585,158.5192446314522,-37.259306178921186,186.49158656395062,-56.374500664067604,-105.06684132090965,76.45747161833533,0.0
1200,56.037171362426506,-13.429281952183548,-146.35512507500866,-53.371438146539596,186.75651921127664,-67.99600760412476,-101.57671087562609,89.57403842220714,0.0
1201,90.44829704571215,-70.71385106806198,39.093781441619875,-73.96958256386141,179.57096955690227,-79.73567100984225,-97.24371397594462,95.65759326303883,0.0
1202,8.845654083660287,-5.811476244086427,51.24348189272476,-94.07313857159495,189.81247558159825,-52.07686380438403,-101.65593226624087,77.29946832320559,0.0
1203,64.6623688966173,-83.33922238839612,273.22379986038044,-46.320582036262984,188.66382195067368,-53.99188731043805,-95.71343835344602,79.62428278986961,0.0
1204,-31.983790028308206,151.8313002860127,0.7148555094550202,30.5876563824527,180.992757146994,-77.4189925733837,-98.00074932762001,95.9622667101183,0.0
1205,15.39027708073402,-10.524417651433977,108.56357383439878,-8.892972220852641,188.91498956054855,-62.99525763638369,-100.60545875537403,79.90403473732229,0.0
1206,41.32777345319288,-57.98203894199069,81.39337821058645,-36.40191580962167,180.24358208497483,-88.99527706824773,-95.69598307914154,96.39062823633998,0.0
1207,-52.06446211887066,16.81733874189114,45.79499084430893,-59.31008190491048,188.68201596642928,-57.01762924882475,-101.12738725511085,80.44744155692922,0.0
1208,72.60803281500952,-27.799990778543094,47.16805892634371,-128.6986851823021,198.3977787705665,-34.176541016095214,-113.02973744564292,67.08636530470476,0.0
1209,-37.55890858258416,63.41754747260618,27.296467967531292,-51.77415141679242,190.6179567317142,-60.55162096296285,-99.84495079690227,84.44295197116087,0.0
1210,-85.71472429760585,-54.592683807382535,89.89974798944732,26.786800317738123,177.46664379639986,-87.93406943865982,-96.69469094099962,100.2336784806844,0.0
1211,47.76128567089442,-88.61842972888023,-40.87748627902248,85.70851858700004,184.95186101167823,-76.70210913059195,-98.25469754555883,94.77392623949675,0.0
1212,18.96718269800102,-53.99766945466493,19.16716619713184,82.42880441597202,176.92010077376784,-70.95864895853524,-101.75607275532683,93.48795667252779,0.0
1213,29.24896316907068,32.472508327123606,36.84759527568484,-100.56314357264023,189.80396076905083,-40.63117451052605,-106.01880719477646,74.03607569230368,0.0
1214,20.08379072335694,-90.18711192912089,162.0650361076513,50.66326763085147,190.5837144419055,-54.293900797491446,-104.16208964604313,80.98282353956859,0.0
1215,37.0566236461526,-18.59273553813058,-136.4428297311873,-27.746844789366275,189.61343578337684,-56.01469235337909,-102.18299798227561,82.85625786952458,0.0
1216,-58.94780445115746,-109.37833612185455,-2.5424372766013503,-3.162902066747181,186.11927264114158,-65.41514066175999,-99.96724546755539,82.95865620977663,0.0
1217,-16.789588718686968,-104.62868271899399,20.350716071456137,-142.64577543995193,182.80266366215216,-56.465413170285956,-101.87526777114392,87.9521802175434,0.0
1218,11.053412936127781,-40.072640746520534,247.4791610197156,-43.2233261390768,184.9120107907405,-63.470003752657774,-104.73904989398429,88.52789680580278,0.0
1219,-49.23524821798867,-37.138969437945704,58.68838302083466,-58.68403546710681,187.22146763473842,-77.33378937533982,-100.97231621301421,91.23058324698442,0.0
1220,46.12702969425649,74.12589218172967,15.095433173969974,16.85872018792517,179.45635001257673,-66.31514855353397,-101.1021547651031,93.46147553992841,0.0
1221,10.768205323940322,-55.18162610325397,28.390441152362133,5.278508335968462,189.2239458574866,-55.21390899174037,-103.45125346920815,82.1084335882226,0.0
1222,93.78388202834613,-75.19048750515593,84.38789075993233,-121.39061676774614,183.64792919063862,-72.07059999716564,-98.34869380659377,96.1716450633123,0.0
1223,-116.57173411454973,6.842298830816295,62.96845131702228,-88.76889455028501,190.34382557224563,-62.66997076711299,-98.46710370360374,83.30681446099749,0.0
1224,-6.698450590301191,1.7523487910612756,115.36915540398265,102.26393360441175,197.6235708473723,-42.1360132224888,-107.63334348080555,72.60071169067581,0.0
1225,68.96673139592744,-85.55473886122127,120.41255886668527,70.86123661103645,185.40645318561835,-63.20457792412469,-101.55359360396221,88.12743370331403,0.0
1226,8.724207842200304,37.836553316831115,-19.52411726296257,-44.43654936869746,188.37727214208093,-57.460486724714194,-100.1068853013856,79.15777170381118,0.0
1227,-95.16105603927552,-91.66687338102236,175.33786880897046,-20.529053775067446,186.41395338422038,-57.55071215367486,-103.8800506155108,88.80435104683482,0.0
1228,44.94646138112315,-48.940676186488744,10.70897806451963,-85.3218481451175,179.81861885602197,-70.34101865913851,-99.88625872783247,88.31023840094917,0.0
1229,-111.5194094465644,207.33060838445425,70.71462786243784,16.01131924469932,182.03481238653544,-60.83473857520294,-100.82545225464123,87.82520520398437,0.0
1230,72.14772639171103,114.17402420450651,12.282370646831959,-37.723918848843496,192.990752181395,-53.54270900694926,-104.08558736928485,76.16006883795434,0.0
1231,37.98922636825943,72.93469738541482,60.95664376636953,32.90354872009669,179.55318616396667,-76.69056980804304,-99.3038097353254,94.62768055514934,0.0
1232,68.62785122576744,-13.63241634261203,36.86345937092827,-3.815363233550162,185.6653731706709,-55.7695166536952,-102.560928307141,81.34520768515323,0.0
1233,19.627677047960432,-41.56649818019127,91.57062288461873,-7.064616204448315,197.13462087771552,-30.078875335318436,-105.39046569733534,71.1111849379144,0.0
1234,-134.18740545472284,0.6276085064025883,46.629512988957444,-112.1742507516748,186.52455417641275,-56.221492975311115,-103.63185156713739,88.56843080357714,0.0
1235,0.12369911352528296,-23.973457518514287,10.399642945713389,6.087223203079223,190.23847984513534,-46.549620853943956,-103.6289641876051,83.05146495509992,0.0
1236,-15.1646125359546,-25.57514094827107,26.424619513070375,-73.8874803656161,187.78189504694433,-61.5334126360927,-104.35131288700056,84.81193542117481,0.0
1237,28.322416351261364,-27.62717289506555,64.24697892213808,-43.95160170738113,180.32982819371355,-54.16852400993594,-102.09389009017596,84.65601523917697,0.0
1238,-18.348944258526778,22.368253223737412,0.29638649529115657,3.799104884782806,185.32682367712948,-67.26677630625824,-98.16567061065783,85.80899744424498,0.0
1239,32.91023517998036,-4.261626271327645,28.1783340500374,-113.80138520010404,187.91690996600175,-63.21540422744686,-98.54312123777267,86.16500990379289,0.0
1240,38.12180814536469,-76.30025539119288,76.14526035946065,-96.70418353823614,185.58765140021748,-58.030049293754686,-102.5517832902957,86.8996677990063,0.0
1241,-3.9567997421478704,-72.42647749482558,139.88648930107266,69.52665320925864,178.82264500292078,-72.43008427312124,-99.4519368509514,95.31356450671532,0.0
1242,-144.78190840493411,74.49128159510418,63.701840049203426,-41.142270554997566,183.31342743210533,-67.69998543753135,-98.7095349519695,87.22325836191727,0.0
1243,23.13800099896843,37.48622600596132,-42.799299898761646,-122.28675595512706,185.12021224662334,-70.04241450208437,-102.283082850745,96.0072311035552,0.0
1244,48.422143221260285,-18.428389209478965,-126.93996230858949,-65.48267581605214,187.75822678847447,-49.31826805451568,-101.56154572487834,76.35000888224809,0.0
1245,51.42709686766247,17.041207553212274,-42.470003873271025,-60.473465945474736,188.9285228730178,-45.108588907404155,-103.2998593106441,75.9516269684958,0.0
1246,-87.79027145815171,133.33724868399906,82.20571064079255,9.785979398256355,182.69425388748584,-70.7819489567321,-99.56114138177348,90.08131362628497,0.0
1247,2.6272180974083126,-28.001813069056926,-5.044892784656707,68.59411945093854,181.6257121144911,-68.21722130713005,-99.11746878461743,86.43864342425518,0.0
1248,-41.364063456481695,51.986528623540686,89.52764309917691,47.42234046860959,186.3534819694256,-62.25673244952349,-98.79704651654009,85.14863256280141,0.0
1249,39.6679446823307,-74.49687613930614,83.34534129715992,6.771075120595171,191.44313365468827,-51.334330374103246,-106.16203568004016,78.64461849507367,0.0
1250,11.572618931917605,27.583461026354094,-65.39352870157691,-92.30176636467313,185.64796122521196,-57.813437663317806,-101.81926737762224,88.170645121561,0.0
1251,15.729817241356905,-48.21331311076638,58.01690044721119,13.4634203986994,188.4420155053715,-63.34038913250917,-104.39160525251472,87.3577920625722,0.0
1252,126.61446686462074,-94.9059031721898,5.609256172473359,-91.65642796507831,185.20675418887478,-61.14097108451724,-102.26133364622693,83.50312459691618,0.0
1253,41.284432677563665,-52.61683974267489,-20.848067841246344,-26.0634621201149,175.43275771021544,-82.68502690638663,-99.63050071056597,104.89025574127098,0.0
1254,26.275972263734964,-52.631134953127855,53.44800271784263,-1.9250448104503826,184.65855047338232,-68.67957209088807,-99.21949172497266,93.3642467900487,0.0
1255,53.25967484298304,-59.15849842539682,80.42358344642948,-46.85064330780372,182.01545440460163,-78.09715192829805,-99.88886843625508,99.30418841688866,0.0
1256,-19.152494846541085,-99.47886545362094,100.96440558400315,-11.006931528259955,183.21668851795422,-78.36391109624,-97.00427834017763,93.03103546299079,0.0
1257,-21.90691232507107,-51.68398087225341,-8.050953317124183,135.15449174031292,182.32827330082827,-60.32733057628276,-99.20579719314364,86.26778536957977,0.0
1258,19.78234421045863,-59.22676142589788,285.0949155060795,-51.48400359971008,184.34623798951702,-63.96821996762655,-99.15002441651804,84.35794040600297,0.0
1259,-135.77360775998085,181.55040445000952,76.15498341483506,64.67059777789548,194.7797163204633,-45.67353782793477,-104.67183293115855,72.20747692941599,0.0
1260,75.08966776919064,123.27010654653296,47.78546529587782,146.5307319515227,179.2228979870841,-83.30015695518202,-101.25499944609132,100.17520927622321,0.0
1261,37.1152951531534,-58.116321326213026,88.80621237194954,-45.53602480459639,187.970721237309,-39.130405752059616,-105.59566798613817,70.76382036986588,0.0
1262,65.98365606431085,-44.075629259205606,-144.95885196160756,2.048577715173694,189.0456712834178,-46.58242015020263,-101.21592121506411,78.31452720872821,0.0
1263,61.90290012032796,-46.484470494837765,-20.27717985590034,-70.24559089114707,187.1246721494945,-47.48651063363228,-106.48249561883192,81.0221364836147,0.0
1264,66.4698373968322,-14.561362821941989,-39.884160852918015,-63.950504001368635,186.33881205899286,-63.09575694494877,-103.98444481507659,85.96698169665471,0.0
1265,-50.18194321430376,30.98113624414681,62.2530255948317,-13.015550084893315,176.89892072905468,-83.37705534507617,-100.22691650434818,101.15663577867456,0.0
1266,51.40099984690482,-20.650341380120107,15.012917233033635,-20.39177822386604,192.57329493783814,-46.72459226566758,-103.90972103023125,81.03322333335421,0.0
1267,25.17744354197773,147.82730740732757,38.610935758360924,3.863591471134109,176.9803761622868,-89.98059720810929,-103.01847652590999,103.841004165464,0.0
1268,-40.54372007434194,116.28537461468795,8.352804485715875,-74.75176182947641,187.24235128173535,-56.30114569378912,-101.56028573602937,84.19390610785842,0.0
1269,64.5628996902671,38.60201212950975,-62.97598042321801,-115.69241297311126,185.73528368506393,-64.82873552846648,-102.85573894046006,84.7738153218073,0.0
1270,-68.89365346096977,-52.09685761009189,42.6485295162259,-81.28296040012324,178.85446514214868,-81.3187317831449,-98.37064780463818,99.14710125737928,0.0
1271,88.47481479535524,-64.85061724757752,-1.448318526529302,-53.15358841281763,191.22804611809693,-53.24153337657897,-104.51494804641914,80.31544851600383,0.0
1272,-3.9870553501918424,-18.297732320512537,120.44034522438032,-42.37636612973782,195.66772347462955,-41.869997202521375,-105.77627826437167,72.19515504050183,0.0
1273,26.377106650766912,-7.288796819364846,8.143970348741348,-54.14090528831401,179.9200117896725,-78.89568366476247,-100.26504519157207,92.28890514149792,0.0
1274,-140.14130046660372,-253.7006722137933,180.18717864959967,-181.76956883194083,188.93118048483103,-54.480832704834846,-102.5410111390378,81.42929718366172,0.0
1275,6.25448155068643,57.49138263406605,-2.884243216949084,-47.9491578334975,181.97908282628777,-64.01353060861503,-99.48001585153209,89.70888493992109,0.0
1276,-0.026744117463206596,20.1628040718714,29.34023747754133,-24.075444222581215,184.49954140897222,-62.427694906883524,-99.94328313464251,84.84140574748596,0.0
1277,101.10409420410743,-84.22051291229047,11.001345546433289,-50.80309114626906,192.10056613898905,-37.62594629501886,-104.1454243412744,70.94947552800518,0.0
1278,-53.861182324680065,74.63130654804634,-22.19617056340315,-75.74872616837162,175.47908453768684,-79.45184723768199,-99.12202116648147,96.87448125493185,0.0
1279,2.924492365989023,-1.2931556416903967,-9.861670930611844,-42.11937037687014,182.17643530457917,-84.51747690295359,-92.93829151896936,91.43024530850192,0.0
1280,30.990230983907797,-73.32022335809827,133.69403831834407,16.53384483201661,185.977549583549,-50.64709927329445,-101.88901162221651,83.31207014346398,0.0
1281,34.73939403513245,-34.46411964709259,-46.02733557363173,-8.816636108603431,185.83458006474694,-56.404737231733996,-100.15137992848142,79.92429821681542,0.0
1282,35.0477369105641,-57.46434601828667,118.21957114323571,-32.164963603312835,193.2796868300116,-47.23619004503135,-102.5982774594385,75.2470433094853,0.0
1283,43.54412141962168,-64.58357138773006,170.6898115074554,-77.22712883695112,185.25379113931086,-56.7071575214907,-101.0417651295564,84.06856433024339,0.0
1284,4.211622036332374,34.03404089836572,-33.95028913851211,-91.23861062150496,188.51408786064076,-44.435707096745254,-101.49439373471127,72.98387551051236,0.0
1285,13.908796666933377,-35.44748556614552,90.59236260746336,-2.922935645921998,185.72293702504408,-42.94426952960026,-104.41013136209176,78.87287895212602,0.0
1286,7.683075582475995,-12.807574667609861,-101.11771473724744,33.731085203685495,190.59345272640823,-63.31067521783897,-100.17040267227809,82.71374875625251,0.0
1287,-77.77190687069341,96.95990216521261,50.660647630538676,1.0769904367776861,196.51030571728052,-28.71431396402925,-107.57827476065441,66.27834013136565,0.0
1288,48.23728509049713,-29.804618434496717,-62.56829657483287,-46.54363092190821,188.8529215792455,-51.78532799501965,-102.69120150101304,83.00659127721393,0.0
1289,12.204157598825937,-61.817864632514855,165.43557827757397,-17.06689351067933,188.19915243955805,-64.81730907174217,-98.99535737109817,85.22125196966262,0.0
1290,59.08987524925734,-52.61340115027867,29.860479929092254,-62.811213742072546,193.70636454329468,-43.04490329983395,-112.19121176847895,82.0064215785203,0.0
1291,42.417816120467464,-54.42663441129212,-29.88342723660059,9.855305442182727,196.66350500870368,-42.159258865789454,-99.50513010038846,66.39082039676082,0.0
1292,-9.761645408051988,-24.891925548850715,123.34252560612768,65.5277724316957,191.54656227233448,-46.864682058862144,-106.6534163752082,77.67446823118829,0.0
1293,-85.12940184032816,78.43016329440917,27.8494448062151,-107.67305780414083,188.16940849671082,-58.65632510165241,-102.11760587655928,82.56084337659458,0.0
1294,-4.176933650397902,45.01841004665156,-6.384277076488859,-27.135408884197666,188.2451239057989,-61.164084693458015,-101.79114325467071,83.26306932090029,0.0
1295,99.81577011916187,-83.20013563048327,-31.4414571456221,-111.84854167660285,182.83507123439097,-84.30266220248515,-98.6898934311814,94.38237775370726,0.0
1296,10.587460656783925,-3.633790785541419,175.23184843399036,-44.258188343015824,185.4228804051906,-66.60732633249673,-96.75907843570431,86.76443508415728,0.0
1297,105.77936569803121,-104.55923877982278,101.30116316704662,-96.94730601841391,187.07224405629123,-56.106914084208924,-102.19290374859777,82.26510908373325,0.0
1298,71.4932115174922,-59.370208029534545,111.84116349203515,-92.02648531775185,191.16285928021733,-46.2654193602755,-105.39522227680432,76.35282910806716,0.0
1299,72.69995980723135,1.7160616217424152,-76.18354733429172,-125.85757580698642,184.86537675392893,-62.27183788933199,-99.02237558434491,81.74657323515123,0.0
1300,67.6663182510931,-111.21644388251582,-16.53362229500318,-90.80588803223229,193.0246618083006,-30.64368475888919,-104.76262872068946,65.50805552579484,0.0
1301,78.76413792927515,-56.89831517521555,-45.56743260250941,-40.87718935098742,187.25135950653117,-46.07003737951357,-101.84039406027314,78.80520127090604,0.0
1302,34.25599944567512,50.792385015101594,58.06049683886043,20.134644154258872,191.4160893198318,-48.30529673899059,-99.83577559590131,78.477967604057,0.0
1303,142.73449077681065,-116.971746155946,21.70687082504321,-16.184581158053625,186.33174726182568,-53.98184136995657,-108.93692474991285,82.80349092592895,0.0
1304,-5.896286041429216,-31.00453910604729,3.001711407395069,-58.345128242850976,185.16280558817056,-51.371330042114515,-107.13843592096069,79.25794395560374,0.0
1305,-5.348863351873462,-22.003879435182196,-16.810078549314593,-1.193392765148099,189.70679526187476,-43.92143760583778,-100.47572090642464,71.8777832556056,0.0
1306,15.69277561849694,-21.373628071140285,45.17702422729037,39.66017221192455,190.06170695877742,-70.86880685463436,-101.46653102707378,84.0807807721655,0.0
1307,33.80593649008989,61.12023244542972,-53.412577856925815,-38.37229759993315,181.58144151243198,-66.61902512662172,-97.49920551558174,87.68324052505321,0.0
1308,6.35442283828106,-209.9305467711425,47.1043451505695,-132.79510575934015,190.22673415594073,-47.368735655405764,-100.25393916987245,76.2483814359392,0.0
1309,57.03653875043464,-108.84009573799732,-98.96159983048891,64.69508598144587,184.51592990723356,-55.85254620137537,-101.03095858956499,82.66722260559192,0.0
1310,-107.97933708463697,25.56419689642121,-60.37246421062664,-174.3685861320242,181.12445123851316,-63.72095824530669,-106.48792138537324,96.66795673048424,0.0
1311,-123.63402066502917,-3.405598780131874,48.917762858187245,-121.45450749727561,197.9578066929551,-38.29966625104862,-109.4853937813016,67.61891908424742,0.0
1312,-68.30533395303627,26.404735021766474,4.860579148708366,-124.0073518983183,188.68805269563455,-48.82036157958434,-106.68126787939728,83.38384912743153,0.0
1313,-71.99000164161492,-19.370255496442688,66.9605343283721,-66.2190983586354,185.21036913369048,-55.9546015868218,-104.04123710119293,80.27369460350545,0.0
1314,34.93178958694489,-12.812160079570061,-8.173266251035589,-68.41230125808504,186.00789546833926,-53.48464807829578,-97.1945581596513,80.27708319851088,0.0
1315,13.320989535909122,96.9484216893589,18.004665297672865,20.46659960503252,186.9121431025934,-40.46896055973036,-98.72530238778654,72.9681246788163,0.0
1316,95.66927286838181,-67.93409041359324,122.84510853060566,-97.39691079656727,188.80236879025693,-61.28462937164245,-104.65523783463453,87.11918841525103,0.0
1317,-83.66575083214151,93.04794677024681,-10.145192225355299,-41.37498477358299,177.67918897797858,-76.10856063274034,-98.62893772303586,93.01896227040166,0.0
1318,-27.0150986620348,88.30015006933294,-56.01599818121138,-61.291906536539955,178.33530859208403,-86.82488056560273,-99.49525366758233,101.53377100390496,0.0
1319,82.20213994005839,-73.58772358541425,62.68178960504736,-108.63115303118282,180.18737336905042,-76.56727515195162,-99.81936252071898,91.77848020154785,0.0
1320,-50.54660756183523,58.83003807427738,-21.943312310929784,-65.55796809402044,184.51675939368397,-59.525950233875086,-101.16242681633472,83.63593564849421,0.0
1321,16.570004991544117,-150.4476133309629,95.48879254380182,-58.978593315248254,186.56905958992874,-50.88649271727335,-99.04021725915136,77.13935849332593,0.0
1322,-57.289214504627914,147.12333332652813,-31.822754084691105,-18.43603825458089,188.72880241046346,-44.56579346569059,-101.71559918987322,70.87289391286797,0.0
1323,57.51647726679913,-61.68501407289455,-95.66107049314543,46.23602608168361,187.05903040257832,-49.92036891932724,-102.26094003655572,82.51613740991876,0.0
1324,-50.79122669224736,-53.12211947264722,-50.68922064979158,63.31726298199878,185.75283823530233,-66.12289878725427,-104.97016392502368,87.43570912412974,0.0
1325,-103.14247992688377,119.1576658398166,38.4625495259157,-10.789350789798762,182.02962972856474,-74.22411333764373,-99.05550757225376,98.3905647819914,0.0
1326,56.965291677318305,-101.09338767218216,239.65378825452746,-32.702834401653845,180.2123447686607,-52.8976764939083,-100.31985226186173,87.23751631790681,0.0
1327,76.27990318957632,-53.751760401351504,114.24705208260599,-132.29863717912292,190.34146050033985,-39.53943722775888,-106.43006659654502,74.41575751921431,0.0
1328,16.431625622000958,-38.53041988339818,111.10232981679447,-39.90329711969394,193.50252998831434,-46.118696256815255,-107.76888118933475,80.0371562975973,0.0
1329,16.194406045771213,27.96385454060559,22.001355963891033,-44.00207794591678,177.82344583508677,-88.72750092978787,-101.21703073431273,98.54596715415184,0.0
1330,-61.27067890028999,-56.92270032731006,38.045189533917956,-98.72601926311596,201.95310783468685,-25.644754802851544,-110.507211020083,67.82121940236476,0.0
1331,15.065794573199605,15.120676330221006,-72.88568061031084,-33.92855088940964,188.66965448026042,-57.514413436742096,-102.84932647874336,79.52872540053758,0.0
1332,26.917859527938422,-23.023469970005735,102.72175431661574,-66.5666589188924,190.57090590520133,-43.450289888747406,-106.4827243378659,73.09216796536097,0.0
1333,0.5057397868882263,4.694538619823307,-3.9805269034023425,-82.92019001735078,192.7311247465858,-43.84492013177771,-101.36579422383967,70.66920229877626,0.0
1334,82.69931852903373,65.23780194991387,46.009867149640115,51.82715574500237,184.74140410584107,-75.3818695402491,-99.48045853342802,92.11413772277928,0.0
1335,-24.193492177694907,-18.868068760676042,74.72531573532925,47.68021908197247,191.42294403831124,-49.402628848337876,-106.70233869514762,76.49020687148122,0.0
1336,1.575171085238597,-63.07626478896938,93.10566133147337,55.18612013115227,190.90978673418354,-45.70855756908861,-102.87214378827849,76.50896352375811,0.0
1337,18.683549387600333,-20.67155438625041,125.17379092530368,-51.456748504759965,183.7311629834218,-72.58730338649627,-101.45114715449499,92.13656467251299,0.0
1338,-57.99714678755882,99.13064921821912,55.2832657341255,39.95877215583677,179.99454259637528,-67.21708715484378,-101.04364664653055,90.55870142793182,0.0
1339,-14.886847048401899,-65.2199792238393,47.93399146693105,-44.484089456449034,185.99418903304948,-48.45286494782254,-104.48223438367124,84.70725356316836,0.0
1340,26.374246749484154,-32.95540547862417,33.653769786440094,-26.76059893105692,191.81422074951448,-42.86353778486344,-105.55716111159983,74.941296001007,0.0
1341,-97.49683612269493,-28.128183040020037,133.5433377884384,-41.8953417389839,190.97676147872346,-60.12166218205979,-103.05470835753957,85.18607553339258,0.0
1342,-59.211470034629784,8.742837709413504,120.61240209415836,42.355030693613195,183.81261052314238,-68.38414194228235,-100.04488250031163,87.15004171735629,0.0
1343,-20.409162717683284,105.97959238561315,2.0556514887613786,4.540266076555843,182.4524166815311,-73.25997836409931,-98.38853227538385,92.32422111779319,0.0
1344,19.47717068112186,-32.59537472137774,91.556892097153,-8.39413680479597,195.15374396024606,-42.246220383233435,-106.01209147600086,74.33060947984053,0.0
1345,57.980377685122434,-21.615557781852914,75.45957260993113,-130.97049095297353,187.5146056535513,-62.348525368517144,-99.077161807246,82.45103908248106,0.0
1346,-86.10562503362904,175.01645139489216,37.951764527857705,89.32739771187596,188.17115058129477,-51.71087709014185,-102.62676778978529,81.762870059082,0.0
1347,37.23653556043522,29.923970266416028,83.21100733964252,22.677519437220283,195.35883019065147,-35.59088359926126,-103.31145312217731,67.9580384077747,0.0
1348,-100.56888665026524,118.2522155310893,-67.05979497217673,-156.96475544743467,179.67260233497947,-75.72036037262514,-102.94567858519562,95.4861578981235,0.0
1349,-18.692719135147474,9.50505373049843,129.92219618221782,-83.05766806730428,189.18069433632942,-37.3784877436781,-104.24223258387552,67.63717999471024,0.0
1350,35.137690935545876,-52.508414830734964,-70.21148540245332,14.812824519096567,182.42436843512266,-72.88153838165199,-102.50797839121323,92.54338104751133,0.0
1351,-18.026793054604862,-7.64400954437523,9.775023771403962,-105.15827271109863,180.04489510249437,-80.45340831797716,-99.96675799439899,98.08626376321683,0.0
1352,-61.90560208246306,48.89643619512175,57.99005707753334,8.338988666277707,190.8487149762314,-64.33294117350289,-99.07903007715143,81.44015990803948,0.0
1353,6.370807916333199,-33.96267329143403,43.22852657585992,56.985293369367355,186.9842944393366,-52.38107965356181,-105.46293430906712,81.23470883565695,0.0
1354,-62.748645696508866,-55.273320024748266,83.3020564689478,-58.85773299047202,185.8778121667205,-61.20767678348371,-99.7661103284609,77.33129011862385,0.0
1355,-83.79748812553709,215.944235907829,-5.1887368255758295,-45.78033772332758,183.0548116585574,-68.9559823192461,-100.73370111568217,86.38482031028283,0.0
1356,-117.39049271643127,42.06791867268749,35.45885954023104,-107.96882355689665,183.47518764820364,-65.38290615310213,-101.67454615585575,84.89950792019715,0.0
1357,-170.09338444384963,55.55034594690825,59.23172230125297,-87.98438341372396,180.68452676905846,-78.63946645497606,-99.38685007053161,97.94894419560676,0.0
1358,26.074644614493742,-35.10843197794074,133.8481378197813,-55.25381644332954,182.63425175253468,-58.95882900493761,-100.32691859340216,84.9662771574194,0.0
1359,11.385112695322425,35.77836372556384,-22.613178911429177,-79.88553264022377,185.983317777107,-78.3898980168135,-98.45875983175839,91.79217663804343,0.0
1360,36.1391126957213,-107.22569789918062,111.28217715827414,63.75725358016295,188.6476909809319,-53.332230974337755,-101.98453124582049,72.6614177634022,0.0
1361,28.06993885461694,-94.26540682488313,65.61380335242815,96.26959006855262,185.98930706857826,-55.930175155815036,-99.36029579983017,84.93525253084519,0.0
1362,82.49823370562457,-41.57045709597204,89.51232130534895,-151.59402806174035,181.93724014036152,-61.12534938884041,-104.24784803219357,93.71740517589785,0.0
1363,-105.76305684196416,-20.116040342465002,56.91165817744429,-119.08311824320337,190.1389768300896,-46.73505862702105,-107.79498859924009,80.21724033898845,0.0
1364,57.978298433578125,-19.824282166109597,-51.870558249166706,-76.57885690951639,183.66694102209215,-72.59367135461206,-98.04713189940249,89.53754253613091,0.0
1365,65.38195633012998,31.621865118078595,22.471004987795336,-172.73158273365127,195.0447823404104,-35.89841969382684,-104.90037552925872,71.26512220990196,0.0
1366,56.04352631637126,37.01152194578518,-39.660468490005805,-113.21528164659168,196.06029794211602,-46.23977228569935,-103.93630961497992,73.92285750847743,0.0
1367,0.12969805268433499,-32.987992758920804,187.60409217913767,-9.294494391523195,188.64816360731308,-45.85953128217812,-104.4462640562295,78.48619855640679,0.0
1368,9.71037141405024,50.83379161729841,-33.148441201270714,-86.8514659341128,186.29458206411562,-58.01809915515561,-100.14938987507256,82.66858922375474,0.0
1369,-170.86073184748335,44.200371381689465,88.25353797910749,-20.3252375754258,180.02240919115602,-64.23018258383684,-99.24575586159098,87.05682870578794,0.0
1370,75.47868797865216,-6.834279683364847,-45.20327175540363,-138.35354004425696,181.21575488684047,-75.62172992002583,-101.41787342263768,94.96324040796036,0.0
1371,16.80608796291577,-60.80764674077486,227.68695428399246,-43.98817474437081,193.1584077950638,-48.35449135563453,-104.27665767354198,80.80568437217444,0.0
1372,-78.93858293162086,144.50725971984173,70.91281456407916,-0.5556973119956288,176.00504043151759,-74.54068951676592,-98.3350036911244,96.10155541158036,0.0
1373,58.45669456310033,-37.5531571850334,51.1883634799549,-44.68640721573966,179.28230398383693,-85.90476576090583,-100.56487997844091,96.05942696385921,0.0
1374,52.315357780296964,9.125575319485446,25.576961382906966,-103.25625102901381,190.30465507156936,-53.86361516551039,-103.86716567747078,79.2776504666809,0.0
1375,-89.0135038720508,50.93019009018621,23.897772124490537,-33.49120644567892,188.59721656250275,-60.07076609546085,-100.88906871922275,83.16539817897775,0.0
1376,-72.61394334863091,-11.996446085762052,18.387571510505822,-76.19677583135515,186.28435418308115,-44.732940310436774,-102.26275062724638,71.68322732334026,0.0
1377,73.69309130584784,-87.5769135950114,49.157945969027814,3.407415104694117,191.7047056272086,-52.22597913274701,-103.69877840281667,78.71430474520544,0.0
1378,-71.50344677494277,129.66286466648745,-72.69172749311056,-105.67018796828593,190.4267651769107,-60.24580490500205,-102.39549270617441,81.25653547792936,0.0
1379,39.066477543204684,-68.95723021075342,-65.333429267056,21.842266180627757,189.41085412404956,-58.66437343470757,-103.05660099320792,84.75476055219308,0.0
1380,-9.31707229521565,13.41589234105186,-10.722350538803449,14.348744359843902,185.82558914123308,-46.551834723870115,-103.1696008077081,76.57690609406707,0.0
1381,-47.015456033042526,8.017742109156561,66.82521248158818,14.668039553609724,182.46904823124407,-63.19696444177468,-98.7521517376531,85.73973273039307,0.0
1382,-53.776619146432324,34.4605209142849,111.16223740159947,37.828714042513276,189.5244718425421,-64.28363406767976,-104.23841438576837,94.78327739277499,0.0
1383,65.52327757860216,-53.54079189474663,114.07281343668576,-104.90953302755814,182.85663770875692,-71.85359201392605,-100.86549579199661,88.55810790490435,0.0
1384,48.25785964940946,33.596328811598944,-39.137804507447704,-58.34072832424641,184.30626605911053,-48.88838607791513,-100.75551292894326,82.77979296159174,0.0
1385,67.3826307733548,-37.4581551591272,-3.678429227573604,-83.1330189221408,188.5353077394082,-52.908036373196204,-102.42144716196525,82.62000669871212,0.0
1386,38.8897825318238,-33.23419228908843,14.75293744467836,-47.446078236157895,178.40767998482707,-68.58896623236734,-98.2665876457851,89.80929417387789,0.0
1387,98.72419637534374,-110.28397557611056,-11.21808501072593,1.2856016542238224,181.48969158201717,-70.81813297309266,-100.72709038302204,87.48037344295695,0.0
1388,-50.600049808002446,-36.35919822355677,69.07054012520024,-105.50965876288154,191.0377469322142,-50.48368397822754,-104.55369065695476,79.72964538833527,0.0
1389,34.4714787889401,-39.00558886893467,21.36800888806161,25.39380512454601,183.55703400906046,-86.96905039185349,-100.77706114873837,95.36128947657512,0.0
1390,82.31309584188509,-68.35200796727621,-82.40053703273216,-62.80688950227159,184.37555743362802,-60.71713624301885,-102.56997736266754,84.25788375463141,0.0
1391,-30.93307613284997,-127.2952302933233,77.81208124329655,33.629387304817286,173.2024338379881,-87.71873963126505,-101.09282660692173,103.17552087262256,0.0
1392,33.55581993919472,-30.05323299713425,-44.055589144003726,-13.04973328430352,193.50651954218287,-44.38389463305301,-106.62834427878099,76.70285373183746,0.0
1393,57.751588939549336,9.884006126775391,-94.02845954430805,97.18763676627248,194.94474816744474,-35.82651537153238,-109.06971666782854,74.30509361864922,0.0
1394,19.19142574042366,-23.048413201917555,-18.642423183488642,12.087981587656627,190.69875328898996,-59.18227706928411,-103.83124957373536,82.46152269209078,0.0
1395,44.86863963040065,79.77146120027444,-59.279549434403556,-48.81311509068913,186.79244709044048,-59.95690577773846,-106.33148305139738,85.25201236595589,0.0
1396,-20.630187056495274,85.58521983895567,-32.32706483793414,-80.66318349799573,181.02756434832793,-65.4115154248025,-102.79759864885295,89.92266160168353,0.0
1397,17.630544504502254,-154.55798988045066,100.22210634381878,-52.035715389211724,196.93110297093017,-27.653497423495416,-105.81218714697128,61.74066009699359,0.0
1398,8.59211268786465,-64.91955312893296,87.14392362359116,-39.859832809788855,192.66898839261657,-31.321798593654073,-107.0822256240067,70.07914782864017,0.0
1399,-195.7292258495959,-0.7809321162754512,45.2124546141726,-161.6693172230398,182.1465598048432,-75.89447769598468,-101.31252615691766,98.69244725076757,0.0
1400,-76.98565633326444,-10.685870822155247,20.079357043908175,-70.22086407759802,194.27198394760052,-36.433671786604,-104.5763587522352,70.73991393519877,0.0
1401,36.35209819778268,13.707007268734205,-86.74952232627098,-133.57551730306434,185.57936695460518,-53.69717937632815,-104.97119778032642,84.17050750804385,0.0
1402,-9.044987255849485,-12.015790327843595,97.86980399171559,13.624486478591125,194.71911967793974,-35.015015370023065,-105.20175958869922,71.5256782693918,0.0
1403,-164.38577230328576,53.27254383118729,7.896062316705338,-125.05354902442622,177.04605128771152,-82.65278076643017,-101.92378361744458,94.84625217588395,0.0
1404,-50.043718890901665,22.03735107107236,-18.859580466591908,-101.35422317917944,187.3059134860483,-50.635624477932666,-104.98358937889417,88.23192279707924,0.0
1405,40.98325980717796,-28.14707360133773,-80.67345862020568,-46.584611483094406,181.5102985628835,-70.52178172674465,-102.36084108280886,92.45787412188922,0.0
1406,16.701083125011017,-26.535005925381604,28.037717096606123,-26.556493555119314,187.90424952348414,-53.35725495987508,-104.66002354134694,80.69864390630273,0.0
1407,28.18085569266109,-35.24029784832965,-17.551044843723297,-17.772369076671747,182.7582312045746,-56.072920543163555,-100.5512926468416,84.25551352074736,0.0
1408,-55.81627906106472,-34.18062316712616,58.96628168851797,-89.38863388219501,184.10805254842415,-70.3662353178735,-101.0033383900749,91.16781197490491,0.0
1409,54.81464673369837,-24.875578233136174,-9.986429193910457,-60.973508836320455,195.54564380406475,-37.91887454087107,-107.76296356926608,80.01259263462515,0.0
1410,97.30864401694706,91.22156780520768,64.4490244400438,99.27603353920279,191.02862460783524,-55.96483641069455,-108.3821953962376,83.3415281849594,0.0
1411,68.69196322706937,-16.249858741573018,-76.0222484233241,-80.32121251079704,189.13312574467724,-52.48006126193589,-106.21045696324332,79.1314420393499,0.0
1412,64.3252088246565,-98.14892638371828,206.18944781120493,-98.24654533525492,192.8096963742822,-37.341300674896814,-107.25186128575491,73.27469056040191,0.0
1413,87.68240895067167,-87.62095252803212,16.119512607229925,-67.72602461997211,188.89335895136492,-52.36788992163325,-99.01200258418193,77.3694997399728,0.0
1414,17.49299363352842,-32.13450730433317,-20.295679269061385,-146.491861962318,190.241264165096,-41.817230873308795,-104.45483326923718,73.79021957130952,0.0
1415,40.211932847963325,-56.20311825785965,-34.22971728135483,3.95914682137285,192.1646895901044,-45.75512144886439,-103.9184035911868,76.62938625619333,0.0
1416,12.483355450257699,-57.7367441451494,94.19394641773316,43.67982953602151,186.47453040653613,-65.20422229865484,-104.12901959427658,84.15015329434078,0.0
1417,-115.69924011021193,78.8600336863555,35.10141401375807,-35.56532377615252,180.64507075653088,-63.024819818571245,-102.99923619286011,88.51457285848207,0.0
1418,63.77907057527783,-32.22086440682156,17.12538248020378,-112.77961460143774,181.18544361723727,-66.21674993614792,-100.38261210402916,87.03554664069067,0.0
1419,35.25068998733986,-46.454785643462806,94.49482503627142,-7.455379538625046,190.06383802706108,-51.53190569798751,-103.72456826358464,80.6328233251828,0.0
1420,-142.20719781986259,91.9736625498153,87.63566653380327,-22.007943201730836,179.42923440751673,-68.06591872086747,-98.24421661377515,95.40344394877073,0.0
1421,-140.48595415376735,33.52088865388182,4.289807677371332,-150.33517759980015,184.32567547253603,-65.99632196713026,-102.33392706737692,83.51805074889472,0.0
1422,39.4375594273684,-76.29501513322722,11.894865972596458,27.26842871856744,187.3647178729576,-42.79291955412866,-102.32205320359068,73.20815610869032,0.0
1423,24.467662567746174,-66.09183422373637,12.694168080476256,-133.98316002004492,179.9997139546834,-71.66413339545636,-103.37501049318087,92.84104860483885,0.0
1424,32.72826498891581,-24.849183577513852,28.315439292104234,-60.14470968133705,186.08182554371473,-61.674570092148485,-102.61001182093443,90.78721384211399,0.0
1425,-126.63204161993553,180.73515148148456,80.64178414727508,39.818330015022795,180.01937260497343,-86.96133331820124,-100.77555902103877,101.63209979926548,0.0
1426,41.10370090644493,-25.374557789504532,74.4967738273534,-65.48598263742649,181.1885717082564,-65.1395591414444,-102.67639036673788,87.1644039677803,0.0
1427,50.39115012532406,-7.851690492748981,75.62914907705027,37.32803305385695,191.62322339828367,-39.67714627165939,-104.12946842686291,72.98599577548447,0.0
1428,50.63382014955457,13.482102252661798,47.57971543498413,-155.27665419506658,183.9411322264361,-55.984052196153606,-100.44648804945864,86.1496449405877,0.0
1429,61.71082808747739,-27.053325508105125,-215.5613142641981,-1.2365825526904017,194.05024237784355,-42.012994824141835,-103.43174047877518,76.87274355282402,0.0
1430,62.090029247266365,-98.87650168779572,200.91001420397686,-40.900148064525375,180.55198048712498,-57.36880216572403,-98.5572989929571,83.03340521241422,0.0
1431,81.38047524980068,-50.744427487168764,51.512848841511946,-86.0379179174876,187.5907893587316,-58.335562095376275,-100.07797584926715,85.57786722586424,0.0
1432,-7.19949699516424,-63.706545192411724,56.96780384863486,-73.97083529669531,179.31533018814014,-88.32562305584884,-99.35942192254394,97.45736998879148,0.0
1433,45.923612521560415,-89.91635124217801,141.63401245640895,22.665556296275646,193.42625745132128,-52.97399743288681,-107.93910880026807,78.65100491988755,0.0
1434,69.230478005354,-113.74116204368651,-51.44719492522233,53.46773944727086,194.43306527884488,-40.754246452451625,-108.10257639165576,75.56035821237114,0.0
1435,31.051028477071945,-79.47377437639076,136.48990820931405,18.96513300673236,187.9134175943653,-65.6532476024341,-104.74842307959356,83.88447165391933,0.0
1436,-56.871880515123216,-19.13964513787956,75.83642484105224,-31.850874474147506,183.21038986568095,-56.6347717132085,-99.17676519896968,81.66104125430797,0.0
1437,-32.12884220303973,-93.38066790614141,176.4489250979348,8.953691649430628,187.72343448030665,-58.912224743664574,-101.39382077997185,85.69609156944033,0.0
1438,13.730819681414799,-65.65350060691,36.26961987102804,84.52763109799812,177.26020992414996,-79.5585434297081,-98.10652946814406,94.93306857785086,0.0
1439,-106.12473460925345,210.26131906426332,10.561981102798423,15.496009611012484,190.18781030488162,-56.757284022686164,-105.30957368875997,82.32095277725382,0.0
1440,-83.82213205823805,109.08375340888199,7.788760144708673,-32.7192955326139,189.57032416220525,-50.29873088622632,-104.098005383855,79.61011314920138,0.0
1441,36.55179091972901,-15.212724927551942,-97.64830223542977,-23.200586562709088,191.46509659160273,-44.660405710101124,-100.95099867085679,71.42904596098396,0.0
1442,41.73463052658286,-58.245973556922046,46.96944046176721,5.2411765308649,197.0147911150923,-41.95292765608408,-105.42994222791843,74.32297884170008,0.0
1443,-0.38362221859937207,53.90277531343071,29.81906821637009,-106.41076105830867,186.1750406358859,-55.258746597018394,-103.46457720537768,90.5210737928353,0.0
1444,-120.53158845374381,-52.85743671583732,156.08779503401882,-34.96122121887796,187.28123779091956,-62.09109445848744,-102.97884574426942,86.79489681148053,0.0
1445,28.421260590151764,69.69689542084423,-7.883258225860196,-41.26280043187592,191.4189465294674,-41.062000464132815,-105.01774741010338,74.31514044710636,0.0
1446,69.58620370641044,-53.121630050265814,-19.890521759992787,-63.57316763546868,177.12665649900623,-89.35513688197923,-95.61666704059542,100.20272575179582,0.0
1447,19.574404781694398,-26.40311237225232,42.86500289808316,31.879407665609214,181.52635239967535,-73.72513430128971,-101.42636103074767,91.57073652806908,0.0
1448,6.508662639970697,-3.8651657744941224,66.50697761395578,-49.445647066309796,189.2822670846091,-52.813618615838685,-104.4946462731214,75.65901788717329,0.0
1449,83.48661456715438,-58.37186171425708,140.24839857622703,-130.79716520591433,180.5769776886468,-63.5611728833891,-105.67638212072042,91.85301154058672,0.0
1450,-65.08163618504115,83.32886532118509,9.256550169935467,-54.984204387885384,178.32983831006115,-82.45781856042534,-101.21100456160688,100.6275079514302,0.0
1451,0.6472264600087263,85.86407675063657,50.92760573844044,46.71173567130751,190.07040209458435,-54.992410993681546,-106.06795353918986,81.28049637803731,0.0
1452,-118.98976841893668,-126.33673733899936,188.8499844863214,-7.321947429496717,186.90997829013088,-55.64478173208685,-104.63186498812256,81.09816029904437,0.0
1453,21.675926757352478,-8.403244234599772,10.078145397666411,-19.92184339338918,186.11261623068705,-78.68744061716234,-103.03418050487586,95.81192138080645,0.0
1454,-172.7804143050432,-27.82286909373498,97.90479343772401,-134.92207506204693,187.45177281481455,-52.23629238162118,-104.77945229740291,82.05875453424851,0.0
1455,-57.28218715291548,-114.5531828711517,113.34320413001147,-113.23113296862964,179.49612481663868,-83.05990564536569,-99.42313698379412,95.93559488092482,0.0
1456,-222.75764061280537,-83.73993843055732,170.5921472252636,-61.90123381198329,187.29641404219058,-60.46062643261978,-104.41811058603153,82.380626396217,0.0
1457,52.97937275148171,-23.903341998685132,38.60646240492212,-63.93904786684491,184.66281527530893,-60.94224251899645,-105.18858280775729,89.88992214513402,0.0
1458,54.22974958161737,-55.48538862161585,-0.09578005351754681,-23.592042185435503,183.5944644254079,-58.95944873503875,-98.97171091751005,85.1034536165329,0.0
1459,38.84381395365539,-101.33266354950035,58.78318452467954,69.57918704811732,192.68589440887914,-43.22522689875226,-105.65233463078852,72.76682546816747,0.0
1460,-60.446788321235154,44.37690734558106,141.26888457364615,71.41317683936572,184.81734250786843,-58.421124922901555,-98.77351459115606,86.86992764901292,0.0
1461,-34.548380904182736,-26.962727590586656,-109.16465459963483,116.83992974369363,182.83773850019293,-62.78062419362737,-101.02074186308079,86.8092235934513,0.0
1462,-92.18888752512224,42.41273938743565,-69.71574371242231,-173.72462268653268,189.94982863825933,-56.829415366083644,-99.08483323288274,77.61467612700656,0.0
1463,-85.57355310617555,67.51566256919881,40.345775460262075,-78.64874314273152,184.0757197742282,-71.88444703871542,-102.07607932234001,95.53490168457547,0.0
1464,-96.97375230427427,-38.01962394860261,101.09109942106436,-47.660672491819845,188.65915367974955,-65.03050277904484,-99.20445320535832,86.02410281072525,0.0
1465,13.023142295885638,-214.12936022625294,164.30851901438857,-43.326241432825086,183.93080569842,-66.01583131276793,-101.55869948701566,88.25408863098275,0.0
1466,-7.1128187617453325,-6.303536557409722,-20.473707220313052,35.87266327812094,191.15847032335014,-48.70259024007689,-102.51016393432472,75.07108964184239,0.0
1467,23.707935210717505,-38.18836573221884,8.641223365120304,-13.093832032920647,190.63260979342022,-42.85852891838823,-103.15195901803945,74.0779672620327,0.0
1468,-12.348612642033258,-16.30569768782841,-25.575820298181284,36.36666060742419,191.03243240537017,-39.12084150187678,-104.70677456618328,72.83846352864563,0.0
1469,21.830399445527032,16.682747741460325,95.45523301188385,-109.1587411603583,171.99589336814597,-94.99140098350493,-95.09830887389761,101.27909214280038,0.0
1470,48.665941095889345,-41.63305575356143,-26.24319890511686,-43.40207297298962,182.74043400903292,-70.4449142322949,-101.45877346876891,90.27121332378525,0.0
1471,-55.44774339278141,0.4941202906670106,21.90526787632958,131.76997018921335,185.25148275381034,-62.699154291238465,-98.00161546880786,84.81689871494397,0.0
1472,5.038188786919168,17.41470779447799,96.82091587158023,-56.011685229347385,188.48877549587422,-47.467989822930576,-105.18162672761507,83.62210661577798,0.0
1473,22.766186272870335,-52.25450705159158,96.84317465559916,-35.14024620971545,174.4985519947342,-93.80030852266817,-94.14196270589945,101.99882414467123,0.0
1474,-13.492770312480868,24.987260371612894,95.41364010707221,7.549067836657097,185.60847536712856,-62.59359772559389,-100.00668775272142,82.20549097911379,0.0
1475,-172.96265439126682,-28.581520814532514,90.02533467320903,-90.9846362426852,193.0049392644124,-41.701111804374484,-104.06503921142873,74.14438583019687,0.0
1476,-71.87229649624203,-117.86698266090741,112.64994837922642,-70.3752008301882,182.90745887947992,-65.80146431982573,-97.94263269101253,85.1670389724387,0.0
1477,82.69355302966545,-93.51817872056188,8.944279789562065,15.876675015265873,184.40182594294117,-66.71025605775132,-102.03512859665366,86.94684809341364,0.0
1478,-58.07346278329604,39.62696337488325,43.60031913961558,-61.223643077382015,188.37442469560355,-41.39317477279359,-104.28749906466021,76.2963533241371,0.0
1479,192.20785268672364,62.12258775315367,-10.013586647159778,14.516733519310943,188.23800054967253,-62.671018611170034,-101.1884822672805,80.89380283142594,0.0
1480,-207.79758206646605,12.74016024111262,124.42855005088094,-80.17190868633716,195.5408228876576,-28.55801224018925,-110.54915750058333,66.26444824497291,0.0
1481,23.86086344401452,22.153388666812635,32.77685365480983,-93.87502869260402,186.7005352428155,-60.127011460425926,-101.58225114513357,83.51156293401868,0.0
1482,13.530936619376266,105.81111652664397,12.081610817810123,32.59916444737594,181.43168759985633,-81.54414353711414,-97.77805682798045,91.89982745009083,0.0
1483,61.453854534203735,-68.2406132147924,89.44764772472443,-42.80722545307199,183.896335586469,-58.615376515253075,-97.04040215859415,82.44912806844918,0.0
1484,51.84754613204233,84.94291930327458,-80.57969698327261,-77.55002395095798,182.08306861304783,-75.73081123033475,-98.9203556537047,91.62915459606069,0.0
1485,64.60126507218142,-88.50197798184055,-0.4267957353657037,21.350249508954533,188.26138713459633,-58.46290375416452,-100.47612632786843,80.05735954094365,0.0
1486,-127.00886148813328,-84.8503682509843,75.68941906437932,-175.4217330975948,182.01433770652204,-64.50232946999988,-103.62212400837144,88.00527473056924,0.0
1487,-7.28274620533218,-31.622291348270622,58.47997657544034,95.34935304181195,187.04636979287145,-52.646047232376254,-100.45290194344712,80.93278896767261,0.0
1488,-80.40281153717157,19.888738553561875,72.4335493529916,-14.488817921088861,186.01288107212173,-53.50428803476073,-103.8732314263759,77.06728090718325,0.0
1489,24.855137811178015,-15.752484564379222,63.32190273070356,-19.64466950946839,183.44392526301309,-61.281290245779466,-100.28929589491011,84.41188270477274,0.0
1490,-124.00167039100025,138.6709731053537,36.243086619819096,-34.39103706536626,183.47188734580487,-62.84703304501791,-102.58169747464474,87.04832971347733,0.0
1491,93.74175309557857,-96.92177042446853,89.93984771580672,-87.83818722905046,186.6111670548982,-50.82287346555594,-106.04894013981921,78.81368322830211,0.0
1492,39.62079346843056,-10.494825455097235,89.6044130428797,-91.94701064238828,180.82392099332907,-69.40349032150118,-103.39944164103531,87.76755282767061,0.0
1493,32.82047862999165,-80.55004108170144,82.89653503612762,7.736517115571151,180.66229772841515,-73.22914037435788,-102.09196277015783,94.1362856396124,0.0
1494,59.14163238759823,-40.69237241579549,71.42415105113456,-51.2221336330918,185.4143365510469,-51.6202084012636,-102.01219007762018,80.29432913291622,0.0
1495,63.42703271233996,-85.6832101425372,-0.10372565320339588,-26.611507841872417,188.48248715439294,-63.51167374460988,-99.5576334648162,81.71468787817719,0.0
1496,55.93356921644559,-19.26366367553865,-13.11619095648342,-95.67610567852128,183.06244579731558,-67.94067931641251,-103.92562090562207,87.17632875441498,0.0
1497,-74.60171516594389,64.61571429370181,65.54456083821114,-63.40812176643593,177.39954674642948,-89.1525733108259,-98.37761090888016,100.53936740418902,0.0
1498,37.571596483018354,-10.776741358695174,73.29144251047472,-90.69430003530235,180.30590733227555,-66.37086290932592,-104.10796020574327,90.57288827984547,0.0
1499,15.225800836309315,-3.3802240829883257,68.92591098852935,-70.38086364378078,179.985701664072,-71.45187683870951,-97.88357130649361,92.75247345681511,0.0
1500,53.052848222674264,-81.48319614489759,133.45081806480042,-97.84743959935206,196.22841716695964,-20.08962640018239,-112.39596663992744,69.74261683680113,0.0
1501,-5.721409275230899,9.147127541825705,55.906440093297235,-43.18545639978005,189.5486926009164,-46.93938171461008,-106.36994208594284,77.80859344258396,0.0
1502,-69.14573077048527,-0.08650802174265948,101.56817179965793,-29.126697077173304,193.16259263985168,-42.37122535401397,-105.26665395426983,75.35562995022774,0.0
1503,34.19261586358364,-4.62230878777829,-77.25233022897753,4.513135948708236,194.19174117352676,-50.944407519244024,-106.60455991698925,81.20194108013,0.0
1504,-85.49638053734854,89.89123694406996,-32.37513576428186,-112.96069731526268,190.62467320791114,-40.1789626481405,-105.67371099012998,75.20385753045882,0.0
1505,-105.49909155093773,-68.87445601535993,88.61689155886188,-111.76954133969691,183.56327089750945,-58.83594040904174,-101.3442234239685,86.88050519377619,0.0
1506,57.167673899854336,166.2634706373439,-1.875455200894638,59.33459504239924,188.61990717295726,-60.54636888021112,-102.50197107686601,84.76655591772116,0.0
1507,-27.628984647207865,53.1116518334647,71.359636749299,31.67214716603216,185.3473169347114,-41.72192033037631,-107.37010522645178,80.54233494875609,0.0
1508,136.17381097341982,-96.18840875191604,-22.051801597340436,-113.91693091841641,186.53077800447178,-54.13248502347254,-101.42374080574668,84.56520822022715,0.0
1509,40.94106784260285,-88.3275195017795,180.33016016037405,-20.999786018791312,192.46147609930506,-39.56715893171554,-108.51943121587269,76.12432259080883,0.0
1510,31.901629277937587,-13.354602250336356,23.495857339931842,-62.59099831008492,189.41606218388847,-56.41094883771011,-100.10631726258741,80.66417381125333,0.0
1511,45.85009271253928,87.26023237668443,-43.83048998681582,-65.37855956761017,186.0527406080251,-70.23685008789684,-101.17922340923585,88.55250841659532,0.0
1512,-22.28777102919658,113.49277717128778,61.3824059019732,47.801114787902634,183.65825787220763,-51.286709768286,-102.94555451128119,86.09271049187241,0.0
1513,-111.15501561224437,70.19558301406829,56.726350256708876,-50.59201934678204,188.81308274602674,-65.79874092915654,-99.98736162043934,79.65322798770576,0.0
1514,17.517429850736633,190.55868432792437,-54.74147899868721,-13.170017700519837,186.93996143109547,-56.87451417838499,-104.256936839719,86.00124058663269,0.0
1515,-42.3021828619093,69.04372226064679,47.828829643462164,20.726628885395314,193.12904917805687,-43.95313852604899,-109.66063828499497,74.97703933479485,0.0
1516,-3.970976683001476,-44.26466635176901,-95.6216675580989,59.13575166259205,190.6118988823562,-48.67782468157823,-105.59206467107177,81.82129624844066,0.0
1517,-73.82939416534147,-50.97927105562032,34.3367878540052,-122.62263571676199,185.45380208059566,-58.67965507572858,-102.48404311774756,81.75995590167284,0.0
1518,13.631187686615078,-13.62660797448309,21.674202685759848,-1.5881181739631156,185.09987060419542,-71.00007251708406,-104.24691256844712,88.60592774531088,0.0
1519,59.30487858277549,-84.41123210085628,108.8156483585673,-52.61817549646155,198.56394893182213,-8.049322034587917,-108.75307235409292,59.89347958327278,0.0
1520,-50.15062272137869,48.71282295414014,17.457616161937096,-49.74747834300019,188.54206698266515,-48.87024196962901,-102.29674126855974,72.4248985953972,0.0
1521,-49.12870033452404,-40.217316897337355,44.718222411562095,-135.10088872806224,179.0050060000029,-70.73375103872596,-105.55917595997818,103.71449383635742,0.0
1522,41.045696123307174,-69.36999317895783,-45.38625728948219,31.917228949372657,196.53804688661756,-38.508781846579765,-103.28788897664715,67.54855722314353,0.0
1523,28.599753380381564,-65.73866606651146,40.55203882209713,64.76118682436362,180.9598340275745,-80.98689211757969,-95.45839685526552,92.15114579173301,0.0
1524,47.182327424064596,-57.027138622971485,-69.48765400038633,-42.33254985444112,191.19285679241588,-60.46642023427857,-102.12027481291362,79.82224147035565,0.0
1525,-3.7483794006361038,-6.977597690591352,-34.85292272211349,8.01629928937338,185.4405495673198,-62.181966835542504,-99.23003551607533,80.8853856500877,0.0
1526,-38.69780844422833,-45.5580760884626,112.38375047826355,-45.1921199185194,183.5595057010186,-73.09725354497122,-94.79176069963208,92.24787555985566,0.0
1527,-87.75349117028487,9.471543462027505,46.12157179541494,-63.584183820358774,180.99095764244302,-81.85983537888495,-98.21168607416512,98.32818617238695,0.0
1528,54.00982969637297,-123.18555492692336,133.14011067558,2.0785948762229056,183.38447381875758,-63.09391096861972,-102.15486005113127,88.04654081404031,0.0
1529,-42.19384093230468,3.3299821589044596,6.926591322490711,-88.46016381887615,178.52246812554958,-82.88850977669,-99.3985861149737,96.7094352711811,0.0
1530,40.083215881229535,-39.03379800858503,72.70209927778171,-47.02562026881167,190.9582293817581,-47.10007543515924,-103.43318943158637,76.72911464344052,0.0
1531,20.191997653406013,13.18567549782026,97.32649947093098,1.548454909030883,193.57785137063087,-43.14127751249948,-108.1255635989029,77.37801154329227,0.0
1532,-97.5726206201906,225.36033183505762,-63.6739023822428,-32.44947767040753,180.8366988028471,-67.6729511601081,-99.96925688393449,94.40652507726075,0.0
1533,-22.57380072340055,-19.502197326214368,40.59135090001748,33.268862403066315,189.72022136652896,-50.42040256473451,-104.24269799049462,77.30414163127126,0.0
1534,23.528841652010215,18.160588038209003,-76.6250941487854,-77.1043576248114,192.22774560122286,-51.65234339365107,-103.27464678466208,77.17027020034422,0.0
1535,42.47580782335773,80.24179609530316,-15.16617640286736,-23.904715924814983,182.23290716794048,-71.55336370622987,-95.49472365411852,86.51141066022534,0.0
1536,-38.6609610952124,150.30190132986516,-43.53922968213057,-10.123681479862306,186.4285930010862,-61.8692072144238,-102.52031517737666,88.48300703410223,0.0
1537,-32.366120465975946,-9.068437949523478,67.39736785861132,12.836748004528465,183.83069558582488,-74.878464618344,-99.24659170602769,89.18879818249192,0.0
1538,-12.425343709398467,178.7042302495578,-94.51664994167086,-38.70055414239539,189.0002204695149,-45.91726976080713,-105.32687293542045,75.94653589718158,0.0
1539,-43.26093367289889,-147.73278105979242,24.88666891939663,-145.41095009263597,177.71438085056258,-80.75474443041793,-96.80032596207305,95.25447447707035,0.0
1540,12.621709338497345,-6.600327762691943,16.208283343875507,-15.673336898641022,186.42276797205102,-61.447244976040174,-100.12619439093415,83.30622444210117,0.0
1541,58.34422433939105,-53.27518431507534,34.05450400242999,-44.74363140198919,188.46915058642048,-49.08379940713647,-98.18842521880221,73.26288698096936,0.0
1542,67.64436818205483,-102.7894946123491,20.78957502930912,10.954402763523763,187.85608675909134,-58.646644294903616,-101.3157453771023,84.7168963821092,0.0
1543,-109.02779380966425,57.697337965887805,-39.161062526145415,-134.6834058554651,182.84894819131733,-71.60575249504765,-99.8510616658747,89.43906599632881,0.0
1544,-32.06750865082791,90.82763397143516,0.10727512143641205,-60.856592765466466,192.01282343385165,-39.08702740735984,-105.93902583597253,74.88971367753167,0.0
1545,-139.36284254226143,77.31928391169862,8.852923324518585,-97.94423459332957,187.26070958285302,-58.63572416697454,-105.60837058861087,85.39255762643825,0.0
1546,-16.169763854217756,-160.24897351467337,60.40263244627495,-144.23522276663869,182.70040050598433,-82.31362178569398,-94.86508341869748,92.07054402878494,0.0
1547,8.065115737001982,20.05883437224939,-1.7146797787643442,-31.02370270560233,180.11893196019793,-77.11248895154233,-97.94941272755268,90.4874623936526,0.0
1548,-122.70303418279833,27.571897355674903,115.32120674152584,13.331442116800652,183.88627375894362,-50.02876917400698,-104.0332143190491,77.42353814760077,0.0
1549,-64.70494898120533,-145.19233587487605,73.47549284569249,14.910871176021748,179.1501418611462,-73.95210927389948,-98.98507455487803,96.26089545251185,0.0
1550,51.693277427405384,-29.91833005085641,63.20585787441115,11.399366179434061,181.0803252590012,-66.82745697730454,-99.86193748189912,90.01070417301001,0.0
1551,6.6249519945521085,-61.90424295543908,146.99618670034042,60.874919645580064,179.12200375914142,-74.5944081900612,-99.74734292399589,94.47991692634994,0.0
1552,-109.11052647113273,138.45846228381112,12.553389914185326,-12.314321015648154,186.00346088170573,-53.88045993073601,-103.00866859912176,87.03596994505786,0.0
1553,81.26542283031972,-122.58234970892654,0.9936206411136683,49.21598711898909,182.4982293578682,-68.88620817599353,-103.4615845199921,88.93512467167764,0.0
1554,41.027237960438526,-39.81254324876068,124.80121951154605,-32.975722729663595,189.82638147407343,-49.59700365546071,-99.10307702641039,76.87822268844221,0.0
1555,38.71915410406774,-50.584835193801545,7.7530647326025,-6.196308318579785,191.579997083415,-26.73497225809954,-107.27009117406301,67.57919025657864,0.0
1556,22.749873685868675,-63.64917812254207,37.9231468137129,21.5505698894463,187.19672225178812,-48.303318066032105,-100.64256581597763,79.37382700910526,0.0
1557,-2.0954077401564186,0.8536214538948095,139.0431925862878,-19.849467028425746,181.66085905514842,-59.904535862887485,-98.65163480799873,82.30260418695961,0.0
1558,44.55621632833584,-80.94318776350028,-96.25883924865748,14.052604647718637,185.33937519618024,-63.57793111583862,-106.24022279709351,86.46317219236816,0.0
1559,-12.930379030370002,-28.924433525559024,110.86845013385948,-41.90921698304598,181.0300853837264,-75.60507438516147,-97.73740213846638,94.4362983215184,0.0
1560,9.856811710516416,-45.451603627032924,166.86458419078122,78.11875943726471,185.84354686712123,-57.53773273332783,-102.78618818747397,84.67107914957549,0.0
1561,42.51209529352891,-46.15968235183928,77.93917799667511,43.42056220114857,181.0513792320135,-67.79418050967026,-100.88578364078074,91.73360387996489,0.0
1562,61.999036527031194,-76.67918426377089,81.89281485223431,-43.03847874518051,180.48871116028806,-77.0189262744315,-98.04925033466486,95.16055653532729,0.0
1563,29.378325936606302,-29.214619512168483,4.7119618267998264,-33.43454775423529,182.04598729994325,-73.68520973194177,-98.79619191713164,98.36782358128437,0.0
1564,48.09227250136262,-16.658792178286973,110.9126891879718,-78.99607377278255,186.7380370869965,-59.16091485822995,-97.86862924935835,87.00192642055589,0.0
1565,137.10186148640395,-45.968792210732055,124.7193257496966,62.97712520640404,194.558319986517,-47.12967861286865,-105.4840305204638,76.92677213657949,0.0
1566,-51.91486970501299,-61.80821273028159,57.01262777823435,41.12008013127234,179.22687900545844,-78.43894292745165,-97.54199834275221,97.47607466769611,0.0
1567,-21.321278453264775,80.28601712781635,25.226240676235932,13.797414879252267,185.75316778096482,-67.46318703634198,-100.2564880113588,89.64443669951378,0.0
1568,46.04609333251742,93.01390585413813,-22.845764135502776,13.240945018416816,179.46540826225606,-77.3925967012605,-102.32862666264955,96.75457956689554,0.0
1569,30.43278782123484,36.87500212819411,-57.97265176007138,-106.30641233632359,178.03889539294377,-70.80607585795133,-100.74748442442153,98.04476780994204,0.0
1570,19.884565683014767,-43.54035675555733,66.13873836659864,32.459302954432225,193.0349027229467,-42.815176407299695,-105.49809344252326,74.98686428515008,0.0
1571,-81.74583772140397,-4.592658346959288,29.97648815941707,-57.13754414560379,183.20838862515996,-66.62462655248274,-102.79383419440306,92.67310684249891,0.0
1572,23.12597430304526,-24.87981941023197,55.70132903223228,-55.53165804345017,181.08389932071188,-65.97857920290134,-102.31150601978091,88.88175136360294,0.0
1573,29.25610701345118,-28.714634587781905,70.78290355288026,-51.30310645825216,188.12575827645344,-47.55005343543918,-102.32390471315875,82.22382480026457,0.0
1574,-16.567617788974975,218.70784745917467,-33.28742613059917,-65.02282061238016,191.55692958889514,-54.80745510585561,-104.15173795631046,78.79361966714613,0.0
1575,29.06191145098711,-16.855515481022074,-43.83520793593551,-5.282229462292342,183.15763714471018,-54.09965915363102,-104.92017525637411,87.33196054521665,0.0
1576,60.984558084396504,-18.730791640648647,66.94429326934299,10.767650688314667,190.12995961925193,-43.27846996114931,-104.17753282253358,75.73547607818998,0.0
1577,0.8558612466951443,28.942420395383632,22.619349954858862,-14.408292262009759,184.15408270479392,-66.43638472260919,-105.3003851033131,90.63001289731075,0.0
1578,38.01364711305783,-69.49784210030326,85.20170014764514,-5.989977384326256,194.45892529341396,-52.1639825393857,-104.93548769779879,76.95325571763595,0.0
1579,88.07585175797055,-88.98405322119226,-186.19017006708472,15.051527975171696,180.4920045264226,-76.07383241365689,-102.00004494371345,96.06927298398807,0.0
1580,4.745152982486695,-42.71112984774726,3.152865442932573,-57.369613402295336,186.1378700031966,-66.15011503609442,-103.16402453514297,84.71933750262275,0.0
1581,-129.41968884887288,-23.82086584625116,31.974962846341633,-130.8013136880937,181.80600706227554,-78.01720065171571,-97.32131972814521,92.24104470679269,0.0
1582,88.58590525374721,45.93817217522236,-24.78375722353945,27.40587543795172,186.3944144698215,-42.3412067135159,-99.93212074029749,78.206770237705,0.0
1583,-42.3782797960227,151.37903857456757,-25.13420417202754,24.888755116599338,189.95463875278475,-34.38534168435899,-107.80123511330203,75.73493263016913,0.0
1584,-47.55111880668591,191.46343923998955,64.41869354665303,76.19023635526258,184.20776435530706,-68.47317782034087,-103.45658100186198,90.49774332190465,0.0
1585,13.488041719148525,-5.87940989569955,-41.812766272579616,-39.67365813343762,191.5150966358979,-41.08758901943412,-104.48667188312916,72.80831596781665,0.0
1586,29.726130153472173,-16.977972176995877,22.29715742076813,-28.12100633251876,186.11368051705824,-59.99411010292583,-99.88828027400365,82.85393941282432,0.0
1587,-162.76504248623755,166.82678579981945,15.40062215620816,-87.0051762591402,196.18456560853733,-54.10564294931228,-102.17390336675275,78.12285603484248,0.0
1588,102.46152004731475,20.75709231879287,-24.76137765149207,24.098893917509713,185.9349586814983,-72.40090889579612,-100.10842405407588,88.73825978790532,0.0
1589,47.98337515417304,-78.44958447194787,53.200910245425895,31.281513580322738,177.44085774266492,-83.31622429981851,-100.03408130664774,100.02529984137323,0.0
1590,57.537336071517366,-26.712648265203843,81.7641107756568,-19.78493311299161,191.43022792480804,-56.901837741430626,-101.20544842012636,85.2527725224304,0.0
1591,-137.03110243304124,-3.082272485151255,-4.874678902403817,-144.1054774694062,179.86728615560224,-73.10127463796087,-101.23617801800272,90.49043609000873,0.0
1592,15.109946205888258,-39.6997617384893,-8.429481596915107,-70.18825949530103,189.88978166426915,-63.99426808245987,-103.68465381452215,84.05968602947362,0.0
1593,-17.084487656123798,-19.022975795416595,-29.536485900954148,-80.15682333124879,196.83655692673236,-33.63496468462657,-102.97355173010246,70.77349164167684,0.0
1594,40.925423919470624,-32.831687937611676,-30.224974490547275,51.37837346012519,183.9647978140453,-73.75998225603882,-102.8188682280915,95.31542558238307,0.0
1595,-0.9400867185752337,-27.233362445013665,3.593796880053973,7.665815281854277,183.10123207826365,-74.68755716007225,-100.85785918603625,89.44021724127579,0.0
1596,24.679013960483907,-28.471442554473086,34.29780240175336,-9.980882590033053,185.5373168764755,-59.405888938330854,-103.01288352738683,84.74249762131693,0.0
1597,70.23896246537178,-95.69522768087492,98.99000030636171,-17.249557890989635,187.95957877088247,-64.38503851467019,-102.00250103526082,87.16531843392632,0.0
1598,35.875049558654815,-7.749250431607063,-94.40022698384564,-9.006090991163024,183.58076748342316,-61.7538482723669,-103.72835589927243,86.40379304926718,0.0
1599,-17.137675805271787,166.46986479209409,-25.12636549443792,-20.485107160333968,183.06573424352214,-57.57265791797717,-101.13146794383547,85.95838185271244,0.0
1600,100.14503549981721,-78.25188749739701,-175.7740269825757,-39.51874309018459,187.7680031823184,-65.06629368253077,-101.83958470193903,85.49718082616738,0.0
1601,24.658732345130662,187.16001030274933,-99.34013003828355,-78.83786088857833,181.50827465691987,-45.017655228508076,-102.70729236910299,79.29150764781745,0.0
1602,34.09321817483193,-53.78216144066978,158.51041936232986,-30.249307894551013,192.14815605649116,-37.4924575378665,-104.92005002341267,67.71250729272748,0.0
1603,-114.91708736313886,-54.60857451524179,29.1760898217908,-158.77174995825771,182.932451876616,-73.93056257444054,-99.48565241349259,95.31101238481,0.0
1604,28.577555059311898,5.72215016170044,57.95012039190141,-100.47096130284596,194.18499737437955,-32.36788275237305,-104.7074126253971,69.27437355181192,0.0
1605,95.96528132983725,-91.22628376248801,26.627352880508504,-8.249177380391032,188.17890123197972,-48.355902182401294,-104.32827313133922,75.52390380530413,0.0
1606,-46.82610738361466,-18.78080655087978,62.23910465259864,-5.883615620134247,184.97753621966942,-56.53335316956925,-100.04289893317696,80.77643880771096,0.0
1607,-22.784951056954085,63.69272570444553,-47.4114475607625,-24.849905952469474,178.0937697048188,-72.88122090935698,-100.20465691176787,92.82642439174657,0.0
1608,72.82304257552495,-74.36245115589541,64.56517801693997,-107.91284599938957,184.2642162460478,-71.89609309801305,-97.54024143345576,85.93283271588774,0.0
1609,31.535711651220954,-65.84442512180459,-78.3809810686027,94.74611124223644,188.26496107813466,-49.195377221080705,-106.6528013553678,81.27908843034668,0.0
1610,-42.44590414154222,154.48472166982344,66.77698636474997,22.385838828190963,178.8539089398435,-70.77976965885637,-97.74987316494085,89.01663858826994,0.0
1611,95.10856007305827,-102.65948924606883,40.7309217222846,-74.35937456225602,189.73580712339304,-61.88977213885492,-102.86103880403996,86.25425720200809,0.0
1612,27.84839533366133,-68.23312348995145,87.68472845839341,29.49573795671879,185.29896901776334,-64.7775780075436,-98.24157798796602,86.89664119928626,0.0
1613,-41.65159089301015,-5.652269876865429,48.96339153609311,-67.39005224513875,180.49013438628637,-68.03602082252587,-104.04389020231852,85.68803160314019,0.0
1614,-127.94600131737768,89.7625445302441,75.26518878981572,-106.18707473659008,195.85115645655716,-39.59511648160854,-105.69279584456005,71.02123409727977,0.0
1615,170.14584870564508,82.59265131236428,-27.092668221505654,47.33402864239488,184.36136797633614,-60.100871600186274,-101.68443748792915,85.18320234162654,0.0
1616,4.726488224880843,-56.516676779073606,-22.78527241663395,-127.64930445892927,177.90251023137682,-84.60711428639658,-98.65055038186225,100.76559556169147,0.0
1617,-33.23594834121425,-217.86384833577515,78.95937372428541,73.1355604032861,187.87776778919562,-44.69413105323757,-104.82077650640257,81.16961405010365,0.0
1618,27.32557517554801,-65.60893497861748,111.91187794520432,-69.49973170379208,186.64336768165168,-57.13745864814981,-101.52336418320128,85.00302591152384,0.0
1619,-36.9314942527738,-83.467080638412,124.91087292022259,-9.293060004231767,184.58874161906482,-57.143905847859834,-100.39686887914007,85.75772997588403,0.0
1620,92.55827772690503,-69.53120297205754,7.973239946408784,-86.93232196352348,178.24486675029348,-75.02395220147622,-101.24703112474161,95.79546020444698,0.0
1621,46.190056409991286,-76.09441790432341,29.631204272231177,8.262602368567668,184.6487755356076,-53.13307337328983,-101.93836994646722,84.43550667849995,0.0
1622,-87.13832658924605,-119.63150288942215,69.03731021887415,-169.40588756792468,189.1858397982888,-65.72044848906778,-101.99496362035524,83.43863028801312,0.0
1623,-131.73840997224568,-5.09382097376726,113.4523842864171,-42.43422413707657,192.215790736871,-27.94221027695365,-105.00443246998327,69.8888848910738,0.0
1624,-60.0142072415705,-149.19492012849807,121.72040993313007,-83.2332830982691,183.37013296338642,-55.59519935745144,-102.48987640774425,92.79483691675316,0.0
1625,-32.19123569828856,-30.00385988327231,50.45981926592362,-83.51037718780232,182.82247318178557,-65.18927909366484,-98.96771472228757,90.9591719091427,0.0
1626,38.76148123604866,-63.6686504626119,1.1740050050906614,19.290820230189166,185.79819021103822,-53.218962529355,-101.78283315062096,83.26575791220613,0.0
1627,-16.646750541430162,91.1618723486196,35.292161456474496,121.532302216948,185.30092391482577,-60.60293710824,-104.81555161094927,90.33281968477463,0.0
1628,-149.42797516990626,29.4004063230092,82.3017784555672,-74.00377379199091,194.75736122507163,-40.41379978038789,-105.66332637471743,69.55920891376147,0.0
1629,71.83285085063244,5.011576915553634,51.281332878244434,-153.13304548509117,189.05246980711476,-41.20100464570699,-106.83483350789886,78.2523560878272,0.0
1630,51.13992521207058,-49.029310917762935,141.60675931931942,-46.03668529722557,178.30693930230598,-78.54524774958696,-100.37155189334685,97.35150950207968,0.0
1631,57.752279200579125,40.83961258887558,20.633263866888488,-175.83964064668774,182.17704755392415,-73.10138604315709,-105.13307865783148,90.86446785052873,0.0
1632,-6.4451257525857395,-41.84665761701966,196.4106422620596,-16.59135652159239,185.47850992836956,-60.48550751615445,-100.58887000316717,84.4305942905658,0.0
1633,-33.12238552696624,36.823827533693176,32.554670679562626,-58.45011984358178,191.03402760885703,-49.90942695247872,-105.69790778566437,77.29424454585057,0.0
1634,14.821029884787318,-37.11839733960773,88.50531208103541,-20.645820000706877,173.3263028050158,-88.22136710493675,-96.79841287174781,99.93540042878824,0.0
1635,-87.22685376846523,9.641438327780161,67.41501736126769,-62.060579520955386,188.7966779231579,-56.11692368261441,-100.93834816161825,79.42607259794732,0.0
1636,18.86584588344702,96.92006176338373,-28.193095105349197,-6.700739344957513,187.16323557047346,-54.475684220528365,-101.1228308728448,77.27593510691653,0.0
1637,19.864453633053238,-2.896431235329561,99.49534116672915,-41.029448892850255,190.48695135213526,-46.64171110267248,-101.80018732006923,74.89131526818,0.0
1638,-35.8722543917462,84.48951462481355,40.114428559437364,28.349122205655043,179.53867466394877,-75.96748173379274,-98.05902422309073,95.82742908229437,0.0
1639,36.77350906506511,18.033228415508688,14.877452314481655,-3.3232795646124025,189.18891436813647,-54.333777407452935,-100.29129805428124,82.1746242729883,0.0
1640,-59.87421833474657,58.71507201996551,28.798924113235124,-13.503065603929802,202.18063340441546,-21.263197234355047,-104.9391990029403,59.01092475729012,0.0
1641,20.73486624088296,-10.1344377572889,104.43038702924153,-67.4010020217251,180.8360158509591,-85.88730210678396,-98.76851926916805,96.88923328822194,0.0
1642,87.64575052049311,-18.78054719264552,-119.48323417214557,-127.16252745162868,181.36050915867108,-58.86437924032593,-99.62993449413305,89.94288868685038,0.0
1643,66.33452654167388,-21.90294936240888,90.11502913067137,-171.7242420151601,186.45906576327135,-49.26073956898872,-101.12137259332545,77.92159333903518,0.0
1644,7.5021909261133555,-36.137974428088796,22.758078075682143,-27.032617519122088,182.6250635861955,-74.12265011600871,-99.95968824092074,92.82944958773861,0.0
1645,4.768521241075585,74.07524570761889,-43.2433737997452,-21.700104297478077,192.2984497249363,-54.68675420863817,-102.11084110178557,74.05696887957167,0.0
1646,-16.563789738549527,-53.90244076570576,144.08010148756827,63.889085358621585,186.3060003437425,-65.37940912828617,-100.78483779135897,86.59301973012396,0.0
1647,82.19740653028109,120.54773838072705,-11.548443322189483,20.538945920357023,188.11484029504015,-47.062737210413275,-103.57144979485717,83.48904962018702,0.0
1648,-56.81776997054144,-89.0931795217517,82.49327156530836,-68.2444597832197,182.38215813294636,-62.35748890795457,-100.46478681705268,86.39835089883393,0.0
1649,-118.83215950227948,-141.84917086748646,153.87507919186655,-97.49433528952282,187.88012874753792,-68.58568278583883,-101.62128728003171,85.56314014777618,0.0
1650,-115.412598620414,23.504675438416132,37.71290661330167,-89.72982068568732,185.0601866832364,-50.846437926299316,-105.75508093472519,82.37252506644036,0.0
1651,64.11446144913766,-64.52448014061076,-63.90554599811691,-2.284741725914613,181.06464561635553,-66.33775281968596,-100.71996969212857,86.73092261411901,0.0
1652,-136.1861173435842,6.147379948790199,78.33223568363196,-63.325793090642634,183.16880717042974,-60.78982301336161,-99.91723194850634,89.50099437786942,0.0
1653,-22.840787960321048,-51.573093575757326,6.317358527452726,-98.06658351965294,195.69281029458242,-38.82443999438354,-106.62220449308013,75.49967521054653,0.0
1654,-95.66717304332019,-45.479525976944004,105.1137153213754,-36.72842478756397,189.58861558448115,-53.14630701782852,-107.70071591373504,83.01286955439888,0.0
1655,40.159998685905926,5.593725205850353,-45.50170896857448,-109.61438378930805,192.37439922188082,-45.469112218191185,-108.47866232408464,76.20671371092818,0.0
1656,73.30240407481956,19.81451931418114,45.409124185635974,20.434259050819435,182.7214738831293,-71.42394216760592,-98.62890189175396,90.78647612900231,0.0
1657,91.9459623199383,-85.72854184502128,41.80735878635047,-101.82553866528461,183.36229796155448,-70.50951313278368,-99.01672766601507,90.40401963768961,0.0
1658,-24.920211693726753,259.1015265090518,-47.70133114600813,-24.04320189182851,174.9525780583192,-84.74530688421456,-102.67289307802241,98.38772699562102,0.0
1659,23.73477208581815,-39.176186102655244,96.13188968181096,-28.73280701883889,188.31303201587923,-47.72398627552946,-105.95241285263155,82.39258114329657,0.0
1660,68.43870003387693,-31.399030994083443,55.76176172447451,30.042895378143886,183.19452999597362,-64.50548981733293,-99.30558494551605,88.70511615396082,0.0
1661,-77.23588177134594,-74.79562252627214,62.16505105902868,-99.94031754314196,184.40515798495565,-63.1009831167033,-98.41116611304501,89.11547034960105,0.0
1662,-153.83957843156227,-15.83767234459551,9.905133546654993,-191.66663536386454,197.08633316747424,-28.105722521961486,-107.16023212479678,64.44247906302715,0.0
1663,-42.476586711921904,102.75419887636642,16.693336790318604,-55.473338757938265,181.67621040695323,-71.60528774983263,-98.58417689878334,95.29108454481099,0.0
1664,-123.30182054026513,73.0744625303126,78.0565561494094,46.424867977686056,185.40718434749493,-51.25675134806718,-106.16766898275904,76.7895439714614,0.0
1665,36.3757182428871,-34.20605334576655,18.679355258376965,-56.92750018765923,181.909437958546,-55.78596804656858,-104.65468344296701,88.19042384054946,0.0
1666,-16.386028046543203,130.75554932368897,-25.565378983561825,-10.41323076194684,184.61505243106836,-76.17592540519811,-100.08075809821597,88.47580736043574,0.0
1667,-4.169004522719527,-61.031211162580135,129.34933916058628,48.19828806898507,181.14135402636074,-76.3605286405021,-96.93737154207628,89.70696627370232,0.0
1668,-14.644433859036631,9.105352737229477,-95.03012429924051,-187.59542516900987,188.7933373302981,-58.40347630412864,-102.07407183647041,83.31807714032071,0.0
1669,-14.463640538500844,84.3115689245207,-3.5979352371506126,-50.09387715961623,199.10336287178842,-25.02135189031683,-105.91905837570495,64.20828631144657,0.0
1670,8.210984590383807,-19.02150759919773,71.66935672292881,13.557244787082412,185.2650647892526,-77.42713108695433,-98.58218708821117,89.73604495523622,0.0
1671,50.63926456059099,-40.808363326196364,14.898305588915193,-68.02847951174398,184.33455328003407,-70.32124206916468,-101.47873737298542,93.10285443188647,0.0
1672,52.677382276304954,-92.72332437488603,64.24956975405391,-20.515468154550046,189.11027120257637,-65.40165825194427,-103.53046740289099,82.36988814212496,0.0
1673,11.878730963901585,93.86028264374457,-25.90412347311225,-11.853441760075151,185.17984876497064,-55.4843021804309,-104.73706311958061,88.80859083388785,0.0
1674,-33.03902957315198,28.611903507575132,105.00387521966937,-52.91314594177343,183.51582580399605,-76.78464961808928,-99.58379269086032,92.4808080144892,0.0
1675,60.999420448822626,-62.843695671208025,126.29733957409779,-66.44680593487581,177.29989188001747,-78.77676966395208,-100.58724773592205,96.85239284141072,0.0
1676,35.19504848145217,-16.719561645774757,106.37106218125562,-38.38702887396698,188.43861490211074,-48.203776428321355,-104.40361328546587,80.85318085332588,0.0
1677,-109.82853602526119,37.35353209311862,69.64511221166035,-33.954713380572066,185.00600426091896,-60.197950383042524,-100.61725122130697,85.47007674199578,0.0
1678,-40.23297274811811,63.50585664885082,22.257256961508947,-31.92568422071093,180.51599851917516,-77.20425046469384,-102.20449555602366,94.5107860976153,0.0
1679,39.4851798291347,11.13210610598972,-0.9141133283797565,-37.05393489121035,179.2607785490496,-74.56198438726385,-100.23443478660877,93.89176131372635,0.0
1680,85.8419706528033,-56.19087411086101,-98.70595787543077,-43.53405562158012,180.90247426833687,-79.3477473343033,-98.38258198672162,94.04597330364915,0.0
1681,-81.00724556502823,13.300683568451019,74.89004816606406,24.835039347589905,183.3348900624329,-60.021051632772014,-99.04730395637296,85.97241954885925,0.0
1682,-51.28635976146114,132.04736779169312,16.1756832586109,2.396346376273173,186.98722775582712,-66.48887186577414,-100.7859678449011,85.37200167123136,0.0
1683,34.134538727461766,-28.35446515368244,-14.476717805431827,-1.8744759971239255,194.14933834252554,-39.34049595862422,-107.19941513515568,79.34358037371841,0.0
1684,-20.089486071192646,83.08246537169765,3.2746515390110087,-14.226782229376337,191.0698201139617,-37.213574292713155,-106.58797533090109,77.25487185873045,0.0
1685,-59.923345805372875,-29.066492991297732,116.37272982828296,-82.21262560336073,181.6499516999832,-78.83804890059125,-99.53777377204918,97.20365006314104,0.0
1686,-37.681017813498194,67.38679573229616,78.27196574936232,-1.7800022351043054,189.60932498554877,-59.28929835960233,-102.62883355852351,83.46060933421519,0.0
1687,-3.0919015270399752,111.83207026324646,-48.385542026273775,-50.89848184216752,196.3286066991939,-41.362638403500725,-107.51789167359077,72.91362657093795,0.0
1688,-92.77541114692637,-1.9210812734691773,114.09842938586286,-14.31782835738524,188.0698829906949,-63.591291716867595,-101.67705950718073,86.90813838194101,0.0
1689,-58.74830528008712,56.002827536367846,60.525556517159096,-3.649809169808249,188.85079173999648,-58.7028615779657,-102.66167692543611,84.0150104604429,0.0
1690,4.0480181508974145,-71.63929776009641,53.13414269735085,76.79122215944116,189.64904965629984,-53.554037080355926,-99.4973599476334,78.05303929302458,0.0
1691,34.0164178494517,-41.58983479407748,43.29728662433849,-20.68681462829337,188.74009864331234,-67.55569799602053,-104.49348737758184,86.70873164824268,0.0
1692,-112.61277958080763,54.57923018069456,88.324795146085,2.216323345365984,179.72006695331314,-67.11318360688057,-99.972012354288,87.81352002352604,0.0
1693,-57.92601596902838,70.74888144263767,-20.426824151996016,-77.47530570916754,186.87542814629091,-56.18598206195931,-101.4331030479755,85.72919822368112,0.0
1694,68.07018023966167,-86.79655859757645,-23.959111379730803,-31.51021632480337,172.67736537592725,-96.49810829542666,-95.92657675496531,103.96683165498806,0.0
1695,-92.4502620209941,-65.7660116226638,49.8649577300318,-173.2015885937768,178.42703325445456,-75.04592771381125,-99.7827392341996,96.60434588773856,0.0
1696,45.730166426276355,-71.05115318564499,78.35160344350139,35.83288014054056,189.0321026824799,-54.13312407336998,-103.1081392145092,83.35281936436687,0.0
1697,-13.752296519649043,0.1946845435789324,68.75650126817563,-19.864857546800746,190.89232237356947,-42.33111590037652,-104.83193793409642,72.72430488948837,0.0
1698,-0.7397820885529593,-4.4707695549136615,-15.300657336240475,35.28160291303748,182.78536514298636,-70.28843615792665,-99.10896231357209,91.24103793502425,0.0
1699,12.144554625849057,7.855826564718715,125.72582165449874,-55.662282422899054,185.45094293185073,-63.006180214233304,-102.20332171552549,87.03391257373136,0.0
1700,46.48260672757759,144.1302219970636,-41.86428164831647,-12.524025833362485,193.5526226128658,-34.95240033246638,-106.07158211287008,75.09927724221292,0.0
1701,-56.74660912879911,-29.246969638705455,15.689447908757398,54.34078756947622,180.70233156915782,-83.01783977900192,-100.91935229291136,100.36901403330764,0.0
1702,-6.978459331172165,-20.3721174859417,103.9957954450598,-16.11673043537894,187.35145644446544,-49.21398140996346,-101.0598220516617,74.13907768120772,0.0
1703,-3.2093133335819592,-5.7378989237773235,129.64478769471037,-42.78501071042558,194.0535851618589,-33.2942518117505,-103.90908084803621,70.24646252495096,0.0
1704,-96.87068911379426,49.24633877467268,83.62567300886225,-12.544400782851216,184.29437472519695,-71.00739107059414,-101.92172332472167,85.28823543298202,0.0
1705,-92.02931376276898,189.4593292908713,-99.83602758347936,-140.9945161085234,183.74012556813025,-56.1174969426595,-97.70088190203414,84.0859008523779,0.0
1706,-7.013355434258517,1.8783533692794008,132.90101603619416,-1.2359738633158313,190.70839661281312,-41.8370700510489,-104.75685077755948,74.98128032620038,0.0
1707,56.101600720394316,-54.3406942329409,60.17586660682306,-45.06148825627114,184.83097993324046,-55.9069373932779,-99.28930045130282,80.87252736860326,0.0
1708,85.69073835673878,-47.570467783988825,-49.289073226381696,-84.07625500963674,193.7990336175113,-40.82392724752064,-101.48049861405141,71.01497620593068,0.0
1709,76.57593843942423,-38.08995475773859,-264.0252173201656,9.96607677897825,184.38138216647286,-67.78747403245265,-102.97585829434576,90.21847099064986,0.0
1710,40.856788753824155,17.130890309238588,-149.76229018351438,-75.01329305758789,190.53214836808039,-50.721014279524105,-104.7307878631425,80.40486381000808,0.0
1711,-59.92217913877025,-8.731602818078033,70.31795425806153,-50.94977528919462,185.99551832452715,-55.471331718365576,-100.66004759356946,80.21985902377499,0.0
1712,40.26437922532381,-35.75554210710743,33.648226943465446,-78.12850742524414,191.1507808574785,-46.713945302881086,-99.73811595007368,73.86243126063592,0.0
1713,-64.1851775384948,-41.630678548484035,4.352937898976972,-139.16857757494932,188.17146039564122,-44.577874387589304,-107.21940174463552,78.53561866408019,0.0
1714,22.5817770095763,103.58006436200475,77.93126298205304,87.67882441155214,182.61528375899547,-62.834110505111525,-96.77559691856615,86.48684415229107,0.0
1715,-96.88323328304934,-133.02716568657502,113.33740625697652,-108.887643921017,180.9839334451977,-66.10283821757132,-98.65673373145171,86.10935535686792,0.0
1716,-96.26947528287421,153.1555104588891,12.140426987628095,-19.074204618679936,189.4736174995533,-48.97062136497475,-103.9957339278978,78.11208891605425,0.0
1717,-74.8693037279673,-42.771125227726614,92.44841395101065,-71.91268824792351,191.51399533072555,-21.112525011010383,-105.56956043822794,67.69910146079363,0.0
1718,31.103658139515467,0.027478361914079485,16.078427323494928,-75.06607250781107,187.9229004256685,-53.779653911738095,-102.48057786980182,84.34626095687167,0.0
1719,-83.3425110619738,14.210129862458931,22.68609223341385,-81.09043383183217,176.42583060708617,-81.78737373863427,-101.55686700303305,98.83533421540123,0.0
1720,-4.1475258596072875,-119.02420240986422,134.72731677380838,26.49833099844544,189.62337188978123,-57.918718385845615,-102.91747121081231,84.89351317384786,0.0
1721,42.82637338370184,70.49300177218032,14.39883829176726,-26.25770265513332,184.5930614978342,-55.79437703990193,-101.1688498590232,84.07321590514928,0.0
1722,68.2316247694381,123.15033391111281,-35.936978120606646,4.30701289670532,188.51179824139962,-52.45604459762212,-102.23294037057201,84.8688364403397,0.0
1723,21.205533649082636,-46.89029225351102,50.05813899280087,2.4974999806744114,195.529086985184,-36.20566000167204,-101.78450796779738,67.20929073086293,0.0
1724,-6.024532618890421,92.83839809257472,-16.168350545776033,31.9645729669088,191.41504942058174,-40.10261826695043,-108.08559332509994,72.60025859120418,0.0
1725,43.681693789902035,-42.46185880010398,-127.10592061900716,11.562059106210897,181.37839409381098,-78.78958083808543,-100.4809675575823,96.9131099239175,0.0
1726,-183.11775645524747,-29.02397370272499,82.28321307538747,-97.96302452737584,190.727664580864,-49.70192902499801,-103.2684449785103,81.3121478796535,0.0
1727,18.938141671959276,-3.582138497727394,54.276755417290204,-22.701090154207826,179.42331439296998,-80.97893174338108,-100.3333576104594,98.87114065453285,0.0
1728,9.007407879244745,-58.21086035240487,29.87341393757777,-92.5242935565049,192.23457834760342,-63.652689651871,-102.80275198252326,83.16943217889781,0.0
1729,68.46507636830295,-47.848208456136206,-49.45443078508783,-54.058235910944234,181.0858581224928,-70.03903577938476,-101.17743538183485,91.89814973935465,0.0
1730,-27.743444388371675,67.02205112263746,4.4495993142009365,-67.71915552947713,188.8097861816936,-46.00561733965611,-104.1142007999971,76.92703277150267,0.0
1731,-37.21273992717723,-84.09846981552012,88.74115039108878,-16.71431707858812,182.10887207505706,-76.87451051813062,-99.3908997410876,90.8057687454341,0.0
1732,5.816786130267282,9.328182941294994,66.97485234902791,84.505363007454,180.08139876327962,-77.02515908525532,-98.89519693293964,92.66309113456731,0.0
1733,103.60563637626414,-8.037560180453484,-112.63666292431127,-138.10468901929053,191.0183889225964,-45.914691183756716,-101.26253133549145,74.38756605166506,0.0
1734,49.46571305985543,156.94482856562882,-45.94487905419147,5.083521306572986,186.30616829360162,-50.00869473502697,-102.53245460614852,83.75435120270467,0.0
1735,88.6482656689963,-81.02329372848912,40.59300821688885,-94.5976327737972,189.3774529588427,-43.20496024434614,-107.84325750887035,77.0225915455803,0.0
1736,-57.68845127106641,-33.95886167995271,-26.141761781506755,-164.38427922868902,183.70588465104774,-67.21055890045332,-98.50238341839136,88.6152591493921,0.0
1737,48.982334450063966,14.882533072442417,64.27316516308684,-9.00115328487589,177.1047818204958,-69.27450578328386,-97.88609119232999,93.25658600583566,0.0
1738,25.524574562629116,-12.699123274231445,170.30390667447517,-88.87578786941258,177.72110398061872,-83.79391674520484,-102.4139762013286,96.79648168128091,0.0
1739,-181.9398411562385,117.37550839249013,48.51330504567534,-79.74291567471002,195.25953534982693,-26.950359994151782,-107.61693213187047,67.12851708626121,0.0
1740,15.101216415444082,-38.855753337166234,151.43150796995795,8.308268471991376,201.18130220195243,-27.728683592840355,-107.69169808871034,67.49917106187637,0.0
1741,-79.10426368240498,69.13212917658555,93.8658509653139,10.592704525773977,184.34198384975278,-69.14052313627798,-102.30315982834544,88.38025819012752,0.0
1742,-84.12008108779023,76.03666516354359,48.81388663422486,-14.347500932259006,185.89119233296225,-56.370248796398556,-104.4745432550704,85.4524087886857,0.0
1743,-115.2631049567794,47.733206147044136,127.1589457137917,20.2854286918286,196.17455452640988,-28.909283532771255,-104.98269438874307,67.38545690916648,0.0
1744,53.01488406672985,-124.19262010912232,21.455470934747275,37.873797917531824,189.60733248766482,-72.03036418053942,-99.9710186919244,85.86418315972278,0.0
1745,27.740587778270758,-98.02333605400236,64.74205078053691,74.47424839097026,182.06038090648343,-74.33514361525108,-100.50423378687371,85.5294655165247,0.0
1746,-67.06450459979808,118.5721334865205,22.030986491940048,-17.243030721238675,180.57097853648528,-64.60376995228141,-100.56210801316215,88.7801179515324,0.0
1747,70.15259836130512,22.974132331422854,-28.422949106255224,-75.37139160458051,186.17660477875083,-56.48901531737521,-101.21239737311123,83.88992564711076,0.0
1748,-173.79166228421457,76.69723315541258,57.844038531611,-27.452466578855883,191.88974295972136,-62.714494898310015,-101.88685888809762,85.56755656821372,0.0
1749,2.248221325100075,-69.86889542425808,62.509635917772265,58.8624556647228,176.31056042463388,-101.4159170993016,-93.95051334943139,102.41697913407585,0.0
1750,-100.07232191053556,-63.1414942404048,63.78606154043561,-97.37492677145015,182.87224862374032,-59.49245506994244,-103.0188856458544,86.31447810601185,0.0
1751,-102.16221291291288,86.61800286156759,65.22484147258277,-37.59918727271999,180.16378363584556,-69.55783107959016,-100.05664274897408,95.33399612469863,0.0
1752,21.787594926973547,-24.564053547768403,54.47239619348303,11.171857684818015,189.656000411173,-38.67249083393553,-103.11357217977299,74.05957753854827,0.0
1753,69.58496496341996,-147.8280845196452,145.90369377940095,35.432989441133934,188.97623433919952,-49.004359015093485,-107.70451998929136,77.80657865034615,0.0
1754,20.177152378001217,62.35420814661128,-58.414650947771584,-93.32396212000943,182.48758906225737,-65.77638723354609,-104.86071936346808,95.19710601970468,0.0
1755,58.61686318559107,-6.581237821656827,4.815557898502493,-94.71287264371745,181.35913973143005,-68.13954728660381,-100.09659307308995,94.90105858321064,0.0
1756,-128.8870942761713,112.14556866447387,36.772123859073815,-64.98739012715504,188.89860658931025,-51.73734156388174,-102.19771877801793,77.19952649109906,0.0
1757,7.351685998911534,15.105119026026834,56.92353974018074,3.497035565686252,184.3731791460995,-61.760636109825676,-101.50759454224495,84.50335965863208,0.0
1758,-5.978332566448946,106.94827046915161,59.96035384425185,53.815628543820296,188.5858287410952,-62.14929958593865,-101.63819201990229,86.18522395388987,0.0
1759,-7.871959152788905,16.46046291751957,105.79763090323996,4.909897001716828,188.46104229452183,-50.33675984320294,-101.68206348685683,78.15633491586662,0.0
1760,-58.0191662784626,31.92040822002878,24.84753118587217,-42.3812872926725,199.79804123500625,-20.726885919133615,-107.61199275784708,61.92402569407793,0.0
1761,15.682118430089856,34.11823709141112,148.79659724864928,-158.95951258094888,182.5954990234768,-64.23257140589445,-104.83364648244387,93.02912948265562,0.0
1762,-12.440784595931904,-2.7834907348688542,12.738334299774046,-16.254291432616842,184.55604556401389,-63.074634057204676,-100.08143733566097,81.05941255125256,0.0
1763,48.40915051337342,-92.54908664012196,28.62476371160179,48.77672709984074,177.4551714709527,-93.36130756194356,-96.1764870808604,102.0224564740751,0.0
1764,65.18715842432363,-42.168459660664304,-104.03527536930066,-28.67666778490769,185.61378907628503,-68.4054022990828,-103.30362885670804,91.40888154570457,0.0
1765,-2.286860728835227,110.90337677019649,-80.9547365434772,-105.3858502412031,185.84166172567544,-74.17993977650825,-100.98026677473293,89.31797459065552,0.0
1766,-60.54794830592042,104.25986356350072,35.143031789520016,-39.096867122930895,190.45212921413835,-49.860737406688976,-105.46386887374565,79.3657556187966,0.0
1767,39.63497003013728,-70.58469645449938,-58.71848631260179,38.605441624282086,187.72671302840317,-72.35011434014501,-106.18549302037468,92.00443315758332,0.0
1768,-37.90432146700893,261.51858548153547,-126.14153259127137,-132.81899934709972,195.58128330914968,-44.35500545211402,-104.78603751750688,70.97516166225554,0.0
1769,-58.69680610678034,-75.92841754877486,128.04056344089986,16.054560215591728,177.16878807723697,-72.87884273136899,-99.48775940627503,93.74237918716275,0.0
1770,-15.328482193206797,-52.697105590522156,-114.06395593321056,102.63268721382136,182.24096255244518,-67.7126652272312,-97.28237354228439,86.06303142335796,0.0
1771,-53.655148991999965,129.8500626641538,35.493711348738984,44.38917947668284,194.8699134011879,-53.28360091566648,-106.81993956430082,80.99866318576493,0.0
1772,-156.03312779767177,29.394379311421453,45.335276273942284,-97.2611296993617,194.04703685345058,-41.293524779836844,-103.48617486576046,77.67923775281865,0.0
1773,0.10647229376115064,2.5521524579409762,-209.3072683466073,39.87042694728047,192.19497892582925,-47.84139660474718,-103.07656986044485,75.58078351387425,0.0
1774,78.38977173994238,-81.57447955349397,9.320847784385366,-48.870592749671104,187.56925467690166,-53.614950467954074,-103.04994768556963,81.72953497486105,0.0
1775,38.2504210685268,0.7345223896303599,116.04260408308859,-95.25892159902376,188.4613647843148,-63.42809491216184,-104.84901246723966,88.87504641107316,0.0
1776,39.961235648764436,7.852540292140536,-21.38811932479665,-104.43998639128655,185.79176127625072,-54.65984155181961,-100.19360861749733,83.66337896024272,0.0
1777,33.072042075396524,-45.460672505029116,140.71995805652392,-71.96527342652975,186.6956389893166,-61.273975893067,-102.81316073464555,85.50032763419779,0.0
1778,-76.50125962321704,-36.827114770012976,87.48862415711405,-10.839494557441204,185.55265809699503,-45.31299770282156,-104.12641058784926,76.89468649875249,0.0
1779,-0.9400635908527855,20.315998198583205,1.0721185486393003,-51.81189358277328,187.19571291470456,-55.549090966184956,-100.73074370413782,84.0128081968868,0.0
1780,60.20334610876381,-66.47109808787582,18.95782169272672,-54.68355564586378,191.55614305704748,-62.617926618084034,-103.82888976319605,83.45258860643706,0.0
1781,-45.41251506513977,1.220842324133492,237.51860399358313,13.856282620623372,186.64199855865874,-56.49808481179846,-105.51127770210495,86.88030214672938,0.0
1782,-70.0714646682534,-81.44182489678215,107.42366387741443,-34.67481581812898,180.94352713209162,-63.57801816035716,-99.84317097563374,90.07254539752054,0.0
1783,5.799658114629175,-32.808964172874454,89.00514063580523,-1.6091355312990274,192.3888167839281,-43.26367597529067,-102.60255765879126,74.91298416252585,0.0
1784,47.106361311889636,-47.081138275215615,-4.811955726622768,-22.700622739294758,193.51609818342317,-35.76173005882026,-108.23346666988118,75.84575411284081,0.0
1785,-124.37431835410943,230.81584350620102,13.305955505717378,-32.74171002943416,190.31187510803252,-54.960981120848416,-102.28708475746141,82.9689991342194,0.0
1786,15.931954760034856,-38.01090057351592,121.79416200442068,-64.20509837075696,171.879809200247,-88.72188673710434,-95.34001881521243,102.72254138170366,0.0
1787,-37.626393510653934,28.22651415568017,-6.7800720557270875,-18.59421006009146,189.87993931355842,-54.441839058463955,-107.30734475954954,84.99627203118493,0.0
1788,10.850966330455375,4.066013142633546,116.91169198312248,-61.278275083775725,188.72962131735116,-50.38745214097561,-103.95900203143596,77.18731937760857,0.0
1789,58.41391155999145,-21.366786126210364,15.730165576225872,-86.35839688094866,190.06938578199888,-52.84349037633476,-104.12470285775419,75.45921041450401,0.0
1790,65.82850085374136,24.92874255560925,-42.8167639630908,-72.26602011549187,192.4924423634798,-44.301141678968875,-103.50146016578223,72.30217415298863,0.0
1791,-21.80207549104974,127.29720760428617,-66.77313608404233,-86.39910686932264,178.01248358103803,-89.86182011328823,-98.43498983077335,97.1049317866406,0.0
1792,41.09152328319347,-38.38600264196829,-39.81734797900791,-52.14374583629535,192.68554997726824,-50.06456728329492,-105.44484952638264,85.71457329970191,0.0
1793,45.70400201801094,-72.13813002799509,114.97658844306551,-31.05916286665562,177.8831288562631,-100.18478637300845,-97.43116687782272,103.76769895003022,0.0
1794,71.56704264030536,-59.2327291747602,78.8462543504714,-66.63536578792491,183.37610142336234,-59.868921066548175,-98.7894785392251,89.85479828675838,0.0
1795,73.94026465961453,-55.85619314129319,-44.91591468174071,-88.50279548913844,182.27142738836912,-53.711219894803975,-101.6933932974145,84.96228181460653,0.0
1796,-18.806553162984027,93.8257326711578,71.11608636118787,29.98706811280161,181.82978799384284,-63.63493627408295,-98.86917464612682,86.7358253787681,0.0
1797,-79.4211505851308,55.58197995780547,9.263841235146264,-97.14125336117753,196.2607270025352,-39.984670177934575,-104.15212528711756,67.41354169230681,0.0
1798,30.778661278390373,-40.4746518335206,-62.04527337104517,42.26891911034259,190.24833774931335,-49.19139118211646,-105.25634151292988,80.79279452564984,0.0
1799,23.511191582452796,-53.398568811551236,111.51445373635683,-40.493446112211785,186.79032660929275,-65.64848817709021,-101.105494333907,90.23980955811565,0.0
1800,38.53442135307279,-35.92686730050364,104.20389200965391,-34.081405547378615,181.20117314922925,-80.50639593344407,-98.90653766871863,94.03629173492598,0.0
1801,-74.0510721684524,215.59086254791876,37.39822124765512,41.32602637582862,191.7025743474717,-62.63477824853107,-102.9237752763713,85.51158007391378,0.0
1802,-8.897575062237879,6.603394811011521,183.77544100794032,-65.97739759586392,182.78397112541498,-77.93822725834937,-97.18971519949724,90.0780032809902,0.0
1803,16.467425068123923,-34.89265606478271,-39.608331488462376,37.01976638351593,178.37927213898453,-82.11272205913339,-95.70003520171048,95.43843326438831,0.0
1804,38.638955324846556,54.57914520802547,-27.920849418468684,-67.75398379814861,186.719048709839,-59.499489294293426,-102.52530442336823,82.077892785881,0.0
1805,14.628912826095025,0.5694964318190165,131.0684358849007,-95.02274601011254,189.09763213227427,-45.07369887482899,-103.44722789808944,73.92368365111818,0.0
1806,77.3956165264313,-107.6263863603893,64.96259329622511,-23.086975195851682,182.93059650091166,-81.21473378431013,-96.90531959193609,90.4997648713458,0.0
1807,87.97738772632198,-131.2404962333494,61.6578521259993,-13.322546088321133,187.57699869096095,-53.99546943498325,-99.07769137621345,77.99674992045382,0.0
1808,26.182513590307643,29.156298412648223,62.07275542257741,10.12971655393865,181.83834474335544,-70.52102054639857,-103.52118608381625,94.3162530156654,0.0
1809,5.354405121430217,-65.37706771188792,-29.487332723067304,121.27998980466326,183.93359146135262,-65.34117136406763,-99.86976058372846,85.69706973980819,0.0
1810,48.51280128674651,-43.704797091745675,17.79616559070205,-70.83220546330413,187.87019931691506,-41.66843705642549,-105.98977101581866,80.1081863197639,0.0
1811,53.8711678352485,-77.773043331674,-3.0081974054858964,-7.349909605294814,181.72958523839029,-67.80151832181737,-101.07845369400182,89.18922760630241,0.0
1812,-12.128463194782956,64.51355313042038,77.32862651318457,11.270922767982878,185.91008103649497,-46.47802239621334,-102.05061414777505,78.89045230769406,0.0
1813,66.68154556990724,-97.93131956117598,-51.608024117210824,43.60742544513606,177.9333438709984,-82.04638470335988,-98.88170905926313,94.24372166711461,0.0
1814,34.34190039779672,-37.36161775126995,12.390772366654733,-40.370542893405755,184.21972101816743,-77.96241021320682,-98.89804213215939,92.08557845632095,0.0
1815,-58.724936971069816,198.8728031210731,-19.49101417554906,-23.289617113536355,184.4498098108442,-58.39768878448118,-100.12403355463947,88.6878275917583,0.0
1816,-28.566972572494585,45.02988497993171,6.136445071430679,-44.21790430603135,188.3686684269441,-42.66375301613899,-107.29379183706891,78.09185051245005,0.0
1817,26.609421160795055,81.08696638767987,73.66196660325915,108.20523941097642,180.92552948629037,-65.78695390242862,-103.56985286953076,90.85941695751808,0.0
1818,-3.4908564947050023,8.884487349376425,140.7047665867215,-96.66564591423484,184.793299206186,-66.73837098993735,-101.8962990152749,89.17482751693336,0.0
1819,-70.6010395098936,141.7871220885089,-74.41572691048792,-104.48570656239968,184.25295251374817,-57.733364924759805,-100.02400027912152,75.97669302668591,0.0
1820,21.676006297261104,-72.38221516404609,25.599785902864703,28.535359401533,184.19897810802826,-61.4614272513526,-102.82055249210784,86.25546174742264,0.0
1821,8.360791214594816,-3.4609150135211153,-4.044910842021854,31.322056709643874,186.15065700998662,-69.69076429667224,-102.40453986171724,86.42546473724107,0.0
1822,29.810923138947444,-19.18755989752129,13.7600903973809,-65.47444964029374,177.69889455785403,-70.11737330736364,-96.89806497569278,90.12444051230352,0.0
1823,59.644074890007474,-63.963486537821446,48.52597355864857,-32.35253699218823,185.63795428698188,-55.30585520004297,-105.8991742028827,83.14294034353486,0.0
1824,1.890639323430121,-74.77260261857957,125.44921329180903,52.568114216885185,178.15414054002625,-77.19594724682298,-99.23604261612978,95.38451490459605,0.0
1825,-9.464780142808388,-77.09551223554602,124.63797033077127,40.09615365260731,189.36441719503,-52.69324714787315,-101.08635583959456,76.26808616236117,0.0
1826,34.72922801794611,-19.2696992865764,-28.370638695878046,-60.16164529948315,190.82272514219605,-33.36046014618752,-107.60571271410694,72.07165585145438,0.0
1827,20.187080761452005,-82.5011819731553,116.30715954743948,19.845425466104615,186.22669007169722,-50.908673116414505,-103.20938615169177,82.12558434170073,0.0
1828,42.870674651118144,-39.3872350317735,-67.76644749107639,11.68157510567286,196.20588614065315,-34.22855336560679,-108.21446223631067,67.59861767874845,0.0
1829,-84.80616244066256,72.41554641479573,71.53147416590599,-20.34292001485359,177.93945238892718,-80.7103050064971,-97.26205389272333,103.27434066513796,0.0
1830,-105.41675354932507,48.95343091789031,127.88656502684319,11.970375549230816,187.1989879259813,-50.05504520706766,-107.53681102463587,83.65558487113749,0.0
1831,25.47362572530015,10.920548496978794,-10.547313004207442,-31.7386370788832,191.87593166704474,-46.530798196624346,-103.91875818116178,75.11221122058913,0.0
1832,33.39915763841571,-97.48446606020099,65.13895571938768,64.99592995631647,190.6816104982235,-38.38739414809326,-102.1385997058344,71.65975593394653,0.0
1833,15.41247182741575,-58.781952517841106,95.23470119711703,5.0555248773047845,184.01187159588218,-59.63922008674543,-102.61450911112814,81.70044966207968,0.0
1834,-22.641534153876105,73.73543311775184,-17.104829887399998,-99.78236396723746,185.29234807824938,-67.40155515522258,-101.76641753171862,87.08063021192186,0.0
1835,2.3164021877701115,162.85528004159997,-13.689962010587575,24.97029308453067,182.2540564725519,-76.29000534809768,-97.66279645536977,91.59963870737658,0.0
1836,55.545526570593296,-47.76393072029968,138.00359741187495,-98.44870355665165,178.8641986652744,-84.09855098087671,-95.69062681020142,100.4558993707808,0.0
1837,-142.98027420497442,-21.84332782233369,130.31668827188082,-68.98597223127508,194.01589308478924,-48.30360818408929,-103.33334229229447,78.38260703791192,0.0
1838,23.778059029804847,-26.51669565298802,15.719662988991526,-40.90858882249823,188.0494712822774,-60.44933996081395,-100.89727941897179,79.13872299118549,0.0
1839,61.631445450198065,-19.473366180917107,-34.27400505936248,-100.83101267047381,186.08415411511768,-68.96475878642944,-102.25809005847513,89.10189059746939,0.0
1840,49.135361254480586,-59.67075022229111,167.02467897454557,-38.54787038493722,185.95688643001256,-56.66694072962155,-99.33209764389036,84.92944799692219,0.0
1841,26.58442377973965,4.265078273355904,53.4351005146235,-109.04089272265276,170.83360022687074,-87.39812466870019,-96.34026745631573,97.80829241425377,0.0
1842,67.61689170093365,-84.18198990293868,-43.597977907822894,23.697123222713557,183.53989378923598,-63.4894834560278,-100.54894638353909,86.2368989898697,0.0
1843,62.89217857984541,-86.1292276226737,-7.071047694815835,50.71660967009388,188.12804542298838,-38.710232636845575,-103.0112339904309,77.03606416122021,0.0
1844,43.189527943267905,-30.124608390669493,99.96694664990471,-76.97371929885406,187.03118514812553,-60.318002758867635,-103.11511446770835,86.04560905125918,0.0
1845,5.173718305988512,25.025111426873735,-58.23787685806413,-23.73956841655123,184.78305501871003,-61.08045183861564,-100.30422614632226,90.86326991291185,0.0
1846,10.714068572040347,-51.31685176862029,-51.21607211350582,77.89175706335638,183.5025356344547,-68.83763538740453,-102.33551232435187,86.45715291092644,0.0
1847,21.51505685002987,-42.60092045107027,67.69375608683478,-7.41480093907666,183.05425794604324,-74.08161360835993,-99.69473739992678,88.26707574328829,0.0
1848,58.25807120874341,-44.75153883570251,116.77436593162072,-72.81544312201585,186.7849780917066,-62.70227546837888,-101.32074509076179,83.10679048196229,0.0
1849,63.42289343239743,-90.72317153424436,52.4527891436559,8.794369161938853,190.3540092547352,-48.20461232476532,-100.31126006516256,78.91632374550335,0.0
1850,38.370548826088,-29.543031219641115,99.17706299118645,-77.8866759381139,188.39957378309413,-51.39984391820746,-101.72141019716072,76.57736627947332,0.0
1851,-3.8027853118248522,-11.370631553937532,106.79985771515086,-15.028267947117193,189.14280409604677,-62.035518577974926,-100.26673195541035,87.4810133953355,0.0
1852,-106.21007891367373,-59.001889319962174,136.8161631379337,-60.646296104042754,186.55905042530028,-70.86217304365411,-100.04911758673664,91.07468174297817,0.0
1853,-21.70662187735757,74.24009076208833,-63.259818307611646,-76.27565345451693,181.83544526497397,-73.19104335342108,-104.62179661037466,92.23386903919092,0.0
1854,8.336291694131647,-79.3411576356095,178.51929175115447,52.329971710651435,179.9349839184106,-76.59350273872778,-97.81860540917744,95.40578185595967,0.0
1855,58.572119481238616,156.6001883868796,2.287460147244247,51.35820347149216,189.04539856451393,-44.68670725375481,-107.22703164501843,80.92358186855105,0.0
1856,15.728278660229128,-68.50935108935745,172.6787972521587,-14.38477939375776,194.14176474345916,-33.618729427606624,-102.78099807176282,63.19975644525481,0.0
1857,-13.194256652882776,-9.508167515776172,79.23765980632444,13.664282710353326,186.72500657586875,-62.01779882493978,-102.00628156196414,87.97395800121441,0.0
1858,46.73565083722413,-83.76339691411307,181.00575401542736,57.50100621460642,189.00881938477164,-52.43543985392895,-100.72086443984587,85.23681330877977,0.0
1859,67.88124531246191,-69.14153148382351,177.77676516267925,-87.22732202100812,182.0895452278755,-81.82318811903029,-101.6393283049481,96.95531443056063,0.0
1860,77.98976820759187,-77.2043619539057,119.68425164587737,-54.484050860314845,188.08449393524643,-53.17841357867484,-104.1616366421474,84.45339257919954,0.0
1861,-11.885501105743762,0.11300055992232161,-14.734240014957633,-50.58762665622164,183.4579875292943,-60.456298985972026,-100.68329952520482,84.75396511980613,0.0
1862,-99.46788125899404,223.1139851083591,-35.13250105379373,-81.73756371356242,182.22792365169397,-61.15449216586712,-100.90146912385224,89.442826389762,0.0
1863,-110.83524718671454,45.00372212132386,52.68601541071909,-45.76268075906146,189.43780886596141,-64.59759498530757,-107.22978024110553,85.64490716526723,0.0
1864,12.023126405866336,-61.32776872643932,199.43738532065285,2.650784688895641,181.74283918806995,-71.38377183468668,-98.71800696654502,89.87390840468916,0.0
1865,49.96789968179095,-6.236252065139941,19.82001717694193,-94.72774418197235,185.7246140486185,-63.28004084443546,-105.14352949523992,87.78259117030386,0.0
1866,-40.258517813999944,-22.66762344461852,-72.80286184342444,87.65967356930014,184.5584467791557,-68.27254895452131,-100.54053203026135,91.34939045806189,0.0
1867,-5.975328524340229,-17.013928771551733,249.4649185080848,-22.809170830895887,180.02512143269828,-76.11900633506144,-99.42375283457605,97.32075098842598,0.0
1868,71.10954667045179,-78.91479453831649,80.92362463820693,-81.9271327047455,181.1809810922089,-62.90594871760856,-101.77078497210655,86.46041243056,0.0
1869,-31.04821807472155,-41.45093594945634,95.16783851357087,-46.187058301097956,189.45863212519498,-39.45708117947861,-104.4602659088551,70.73886136820225,0.0
1870,46.75369554443463,-55.38823023065203,34.81823306457571,-44.59693945410728,190.93927521099639,-52.79227537964384,-105.73164040485732,78.12509953447224,0.0
1871,65.89087915600255,-67.98619223997395,3.2418274108499237,-48.69802737773873,188.2385049018197,-45.43026499334989,-104.07156920290542,77.76604900440843,0.0
1872,-60.47761990949741,3.5352696598333013,72.39368237974439,17.255066040274237,190.71802564323622,-49.042460801621175,-101.71138492922671,78.87548781931615,0.0
1873,-47.43778776430725,-23.108311348651977,125.07505749049525,5.738995900380966,182.4382753063648,-62.39090318273811,-102.87876649729202,89.86582345008831,0.0
1874,-92.14858661535672,-47.398685788374884,9.062969929749237,-104.92015759633819,182.78488971667755,-78.40116272840149,-96.9774718048497,91.38986492504958,0.0
1875,-126.40244235990852,71.33239412592944,16.165166708380134,-127.65249485458546,184.24190210238962,-54.094145865630225,-107.89294486620345,85.32523603226373,0.0
1876,-147.68706327439543,-2.0177648989963606,112.80201582080554,-61.15833455911186,187.38914983844688,-60.782180884867316,-97.35376595144045,82.13243527727246,0.0
1877,106.28043857026745,-88.60662173394809,14.1428340465727,-45.954392379605544,183.6895635820321,-59.87556909033712,-101.72326209718098,80.95807765470212,0.0
1878,-79.20580440850786,153.00946651990154,18.348673051178483,-33.63283364865484,181.8472003088396,-71.12605657719456,-99.43860490316109,89.67449328286651,0.0
1879,-44.285050790570835,88.16524646479655,-82.35726881471442,-72.77005956092064,182.7478522020019,-70.69872257907109,-102.07570868676954,84.75896212610148,0.0
1880,66.29194263822303,-97.8658370523104,-95.13746290777874,55.624322527732936,185.9806582342823,-59.15567124407257,-103.41092259550935,84.71638220772492,0.0
1881,-68.88593030727034,137.36784391934503,-8.930525730277662,-77.27666924086782,188.26349105938857,-57.022908797555196,-102.95818169880725,80.77228115728413,0.0
1882,28.290667193503715,167.84548195675043,-50.064090610587385,-1.0263311775438044,189.48916108998029,-49.24106893523273,-104.55263554476728,74.6027432948752,0.0
1883,-54.962799171113666,129.1000883135284,34.6203828822384,-70.53221108279966,186.20807036070914,-67.05956038758373,-105.38429576538405,89.32090367133252,0.0
1884,-6.711697556433177,22.13161100981654,2.019495617761158,-5.681618680398593,184.4467692588543,-78.2094387963338,-99.01083701414208,94.76495585076455,0.0
1885,42.609092490929726,-37.5872680253149,169.57727286876403,-34.09642890539429,192.00426201114243,-46.621102107672954,-103.81802901132511,79.35029626916544,0.0
1886,13.15646273298015,-40.53201783753768,104.05785326228387,-14.662065692159981,185.84584500548428,-63.95760286911553,-99.73139539565435,81.75765738659828,0.0
1887,77.02474740024729,-19.296847219371923,-52.09905587412291,-78.27662452941657,190.60198889606295,-71.80275942576489,-100.8943244549902,87.54137459335747,0.0
1888,53.90387949591846,65.4071029683307,32.068888936758896,-211.68604639022365,181.19387807680357,-73.79587173610017,-97.94912394579212,98.92433824899533,0.0
1889,-21.310900730888065,-52.7527481914605,37.81020712907334,-118.3799074439642,189.0252058876947,-66.97056928916713,-100.77314696554043,83.8878708004909,0.0
1890,21.517896043332463,-34.13939150671804,-4.444723397908707,24.473402947802626,188.08770674768937,-54.893937474540714,-106.06311774356605,82.42396173883247,0.0
1891,60.44022305749968,-61.128133317334346,80.058274068205,-63.11236954927437,176.1695854649272,-89.9035046926466,-95.25228273477074,101.36282788682894,0.0
1892,96.72116572011132,-164.82525501515582,132.5923171185824,21.59960127871058,181.04205924637932,-70.84926415568619,-101.61525248944494,92.02689478848023,0.0
1893,-29.832634505915074,49.677792763980804,98.4408466642312,21.69022203864267,185.80024423668422,-63.65971780317294,-101.82652878578081,87.97947905743538,0.0
1894,49.37013237136046,-92.39921232319946,35.467897440325174,15.731777870964969,189.25627053215965,-66.00698803440758,-102.41550919215605,89.47782583323603,0.0
1895,62.7205507490438,-54.73325073729378,150.72281898352574,-72.39649422011959,193.64135322913617,-25.63571114761288,-101.72218108205304,65.7384807926604,0.0
1896,38.12673754563154,118.52972391547884,37.10679664038331,42.580800604107516,190.05974259079844,-37.328162408638576,-101.29472901648198,71.40597574827956,0.0
1897,-59.28919174481234,99.95012283643582,74.56080437706147,13.977909415817336,181.41276547184583,-81.9308662128103,-101.89792170212439,99.73676772781872,0.0
1898,-71.26123229031688,101.83241505332153,33.339784222169314,6.432142245052486,183.4802904932546,-64.24769932771447,-99.92466053537197,90.15163138889423,0.0
1899,57.32635434538428,-46.53040530889096,28.012847150242443,-28.068026946686658,178.04602217138046,-79.60601996910073,-94.7949049459272,96.32651461554042,0.0
1900,14.432748703175118,-48.773946481719705,90.73795496932432,17.782462306127332,187.65773824244295,-53.49322235352405,-105.82386993680544,78.55450148621661,0.0
1901,18.137003657356765,-68.78490675993159,104.59678861319126,11.4721354186604,186.38397112356984,-50.383640635601765,-100.26128157941766,80.11116508353193,0.0
1902,52.54509509197239,43.43017796770858,-19.337562112212737,-41.96201864967295,186.0906279513736,-67.99126797331746,-102.8667813833045,88.31681017517994,0.0
1903,92.70173542534044,-40.88705011587152,17.817121753923665,-144.48275331050084,193.92438627514426,-49.08478988077168,-105.04690431697234,77.67470064474846,0.0
1904,22.48703814390582,5.372830761629577,0.19573319464931127,-80.77774139177293,187.62140490018575,-59.57726221329633,-106.20604108305706,86.21752407850182,0.0
1905,-55.47127668477704,-102.38265839762263,145.0639938335453,-75.11791971039455,182.7676882806037,-78.09645096136987,-101.78736197392685,92.15860359886165,0.0
1906,-99.30710769154565,49.08947530980248,65.97093995430454,-77.05417591770032,190.8070207562687,-40.42750457330304,-105.61864119641183,71.7340339339641,0.0
1907,49.37614395122644,-34.631265829056176,-8.01785081466625,-95.89698305111149,202.00895386057152,-16.003866410633165,-107.99849073855958,57.313255726824224,0.0
1908,-12.426519467841302,1.3987939926256021,-42.57748442822972,-160.3020686350285,178.86430286908123,-80.7851968755896,-97.88826424021845,98.08144567246013,0.0
1909,70.66078801328369,-25.79356002292204,48.42725487988206,-117.87276194540799,191.23104962658377,-43.44889067691574,-102.89754940648554,73.96433119002177,0.0
1910,46.82591621328446,-19.902059180382135,-142.5649335456281,-83.24231892575389,195.39047027543396,-27.533826305332965,-107.54941320155109,63.73117618478973,0.0
1911,53.078122596188884,-60.62223251667712,39.64865524709494,-22.06211090521701,178.67988535161567,-58.04727842119282,-104.2195216391033,89.84579393947963,0.0
1912,71.0701356173588,-85.03578294911703,-50.073291502545814,-27.71770108290968,181.64527885470764,-62.10916324961064,-102.43014875052025,93.26536219891199,0.0
1913,-67.69102278739923,65.50828469954936,45.703278147498544,-74.91181016443618,207.70368998217526,-0.7444694841524253,-113.03928543810929,57.71551258644523,0.0
1914,-33.564590635229514,73.82749989171096,69.46748944969806,-56.94698388132722,196.09891806226804,-37.464667892011605,-104.30313074483647,74.31224023849539,0.0
1915,41.373281762365565,-36.356256099069775,48.87285716298248,-74.7258647855565,186.2955234889322,-56.261817886440156,-99.41266138826938,81.40994304449246,0.0
1916,76.66538553338384,10.105095404453435,92.553397068682,32.89809602688468,181.67209621443328,-74.30582775433616,-97.68681936360481,93.82932962869442,0.0
1917,-6.299462217203988,-14.833291563050876,-15.179545518761724,33.64263225645485,179.1371227834838,-79.22718009623148,-97.86207818461222,99.9612490631348,0.0
1918,39.08401203265475,-57.98174507991018,139.5711959210703,-46.5401266975489,180.80393343223602,-47.258560179810544,-104.6474747119413,82.1831809060088,0.0
1919,28.859423836222298,27.077986199686045,-53.865971721463964,-147.1442017501372,179.3816774881951,-72.64863702860085,-104.21232338323676,91.44547579766446,0.0
1920,-27.103258334700275,116.48946546541808,-100.7329914506936,-90.16638105728569,185.85624288734653,-63.36217371563138,-107.2511532416322,90.94295091617337,0.0
1921,-205.1804409802865,149.1648642264312,-32.79450699545752,-150.34997053786145,190.18871827895222,-42.19378356631621,-103.32500661652458,71.97685921424161,0.0
1922,-29.95837166651885,30.335331535461172,29.74058765280857,-40.69688985109451,181.04614609004338,-68.19065456016027,-103.65890461631551,91.01071212240602,0.0
1923,-81.44151412971203,24.63909907319607,66.24582439894935,-38.74592708764314,181.56756246490383,-68.49451526269452,-95.77627586190445,88.43336163957403,0.0
1924,-75.47775566384294,8.488291791014497,42.084542284805586,-124.24581549269347,188.6059383759926,-59.97040400259974,-100.28621477442653,79.61522721076258,0.0
1925,57.590869792075026,15.422438515777914,-83.73631431577799,-107.23399860865297,190.19354525303748,-49.894505411470085,-100.0592354541683,78.08462533678211,0.0
1926,-92.380466243246,18.317480140660518,92.2843369227602,4.82968497881735,197.16989955599513,-32.63426303101463,-106.3996061527372,72.61946569438936,0.0
1927,-101.2574053401105,-177.452713040382,119.48305425876713,-155.32845931850255,182.69191216076408,-76.99328968609672,-102.39815929913226,98.87013551827194,0.0
1928,8.836823734240474,-26.656326938842906,-18.76008673362576,56.882158770312394,179.094435263754,-79.53397313570574,-104.74295005836584,99.31596233275735,0.0
1929,-102.83997468638107,99.7497593439946,8.188199299387511,-60.39248175321734,175.27624838326264,-63.71831072787782,-99.32012964777644,94.60551575794817,0.0
1930,75.4742903722061,-46.70794827187707,41.51763692365199,11.605172270537107,198.00354921869024,-38.858132907349926,-100.82670296616688,66.00477413763404,0.0
1931,-91.49040921444963,58.30175518062906,25.743912273694935,8.084249292042978,183.52103083197875,-67.7109609503432,-103.70925880816752,93.59484358891048,0.0
1932,8.823514847190195,-62.878677111130585,245.3698306730568,-18.616147742578367,195.8574786675649,-45.73693479941425,-103.32093666946311,69.82025399340705,0.0
1933,-23.22967981451094,-53.421614579151274,-44.72498889687808,-206.89352166919176,184.60029950234255,-52.19255985045216,-103.00417663638378,84.12303637752662,0.0
1934,-31.848015879143325,71.40829591258304,-9.50749277072772,15.523192932528593,188.4137031006012,-62.95625082204882,-100.36953038697509,83.7414784131257,0.0
1935,53.36785375071068,-73.84541877351272,92.78219512155125,-49.43071135859605,187.67904860780678,-58.37558280701271,-101.37498383769388,82.46592866728679,0.0
1936,48.685177573344916,-6.74267067455917,-22.64132428073584,-66.60906925535464,179.59022972928818,-73.32759911566036,-100.88563035801451,94.60145754989911,0.0
1937,-5.5082616791435886,34.155392335990165,35.543307756547215,-56.92375277704681,192.7189007362419,-37.7712109284993,-105.5918704082166,70.84701958941787,0.0
1938,39.26954187735552,-79.25634566240616,83.56202169564246,10.925716763671195,183.64387849851306,-72.49012004094064,-99.69889846992007,89.00214581810576,0.0
1939,29.56218872752352,-46.61004341967064,44.381812215188766,-30.492258971345514,191.25928382270578,-56.74304551529723,-101.72966623420811,79.75981207872495,0.0
1940,49.515321313818994,-6.335762562149638,-29.66218420383988,-107.03496349040749,187.68174392564745,-67.0716489292353,-98.45021679405617,88.81697153287575,0.0
1941,-5.917551653387271,-9.85805386640518,-14.704015571230023,8.907616644841493,185.98761094317814,-57.847805696689505,-103.47249261858975,81.51866316332772,0.0
1942,-24.868744205848635,6.646897375610311,147.31048051345917,-31.19204556246063,185.62639788536532,-49.582750066116105,-106.95595015536318,84.96104961114436,0.0
1943,40.641202615332226,-25.95793654543116,-89.54229848541723,-20.375673761981098,186.6041314996797,-53.33691130563622,-105.41737575920358,79.7155935334897,0.0
1944,17.45334287106422,-91.53759191780601,252.60091387562943,66.56072987729056,192.07714338770296,-43.327798496044025,-104.53377067222735,66.5561081761349,0.0
1945,51.49497850797026,97.7224171830244,-19.335461476177286,-2.8095158347124616,186.68526023218993,-52.5231876020076,-99.77972979313286,83.22547258379036,0.0
1946,-35.83875728257307,-1.5855913685501821,30.997465112462752,-4.148769824592829,186.41176564004527,-45.76354090032826,-106.97413222966942,78.16892392783963,0.0
1947,-86.97774845527056,-4.292591748120972,91.94336918114402,13.445761286967672,177.40954639739383,-74.89999932687363,-98.9459213473183,95.32961889340395,0.0
1948,35.74055852813175,-13.288878047133037,49.45822231155837,-53.47828624805599,192.71218655667533,-48.41012865976788,-104.60469087442834,78.83499089024221,0.0
1949,53.04602969196136,-30.85848575816995,155.82386712738162,-150.30355731433667,189.0063769902799,-46.319197404027136,-104.7316714460001,76.14466824806928,0.0
1950,57.82725441925387,-35.4875965001984,84.40176137010889,-104.78724737055816,189.1998232850626,-54.03728641922904,-102.40358428787344,81.73500357685128,0.0
1951,42.18329597354296,-40.03958507979854,143.1825807357706,-46.73352582187185,189.64001706266262,-73.24128799500551,-102.0654114761044,89.70410038532385,0.0
1952,-121.98328750211812,-79.42202474528524,46.56870196842932,-126.46758280475593,190.05230298136135,-62.15653684317245,-99.22843252199831,83.08068382959496,0.0
1953,97.16421228582827,-84.79924599833298,57.69166023999445,-109.41920893784636,185.34405228731544,-63.06704585985615,-102.26644034583117,82.0740560976742,0.0
1954,-50.8596044510941,154.60250839927298,56.35933782739069,67.36014455213473,181.39937232592783,-68.1980219265023,-101.25509329628268,87.6707658130831,0.0
1955,-29.74894720628668,69.95973659034192,-31.60119225793133,-99.88185021834305,184.63130607259956,-68.65014861302942,-103.58588575296999,91.28951411997278,0.0
1956,23.441932587716156,-31.628364077166747,61.16047283848856,-18.917270980858003,182.42401641952497,-78.65733003328211,-100.54838212625799,93.3147731422211,0.0
1957,5.801061191100071,-40.087352978920244,123.47664895377109,0.6860707122123,184.5495213071652,-68.66804191954634,-97.62392824638134,86.08203154956972,0.0
1958,-2.56162624854146,-35.34258840373211,1.1927118458998243,-10.58356599680032,180.08967991113485,-65.11474256640103,-102.92822127300074,90.07125891046717,0.0
1959,7.849492958180438,192.10636427151803,-82.28180011173475,-123.40156824901074,184.7592802102828,-61.852943080218864,-105.9537140707637,85.1991290714419,0.0
1960,-67.52324619828252,-15.614194846225772,-22.669242692750846,-175.38953024777067,196.23488810162286,-33.57180944843332,-107.87421517381584,68.54913604300758,0.0
1961,56.31137974978143,-28.356023144639835,-79.01419146913844,-79.98355187198477,192.6969668948072,-43.56483685343008,-105.21089189969993,72.43020293559975,0.0
1962,-7.658823657383906,-51.65463775696271,214.73230510559426,-12.925365984502427,182.97506554275807,-77.75015627903757,-101.13664652369373,92.4886885630274,0.0
1963,-64.58757595365793,129.72093797646565,-0.6783350483936967,-97.62217325069365,188.28625288930905,-59.22117972950984,-104.52605685466214,79.93316002282637,0.0
1964,21.279733478547076,38.612161331553594,34.785990655828236,-144.02358013070375,183.02212351817815,-71.84822732484065,-99.83767368418562,98.29635006376861,0.0
1965,14.244780186767372,-0.12737730827442895,62.965515953402296,-56.13315172503225,186.64256867023332,-52.7072156528132,-105.9507606477132,81.33614526041116,0.0
1966,-161.44095718096366,-33.23872262475709,88.0694003236907,-144.97984957137612,193.7888609978079,-50.99364653034831,-108.97594683809419,79.02753967537276,0.0
1967,-52.84935742587127,81.24310767358318,124.36860602658162,99.56019533791185,179.76576752079276,-64.07717010824015,-98.39512404465944,84.3248930460888,0.0
1968,-53.536103359506356,119.72229087252026,-37.06288730951559,-71.39467819697249,189.39041810966157,-50.25041986726836,-105.04759328305302,78.79697651129615,0.0
1969,-47.525788139524664,18.851910566557613,53.48888799699092,-7.598342257770918,180.09856831429713,-74.04095917111889,-101.09793507939557,92.78551487178444,0.0
1970,35.56777123158821,-69.89887795653965,9.819053403559064,17.392739709769835,189.11681849535984,-54.47259304174842,-105.44857675658949,83.17885320713442,0.0
1971,28.4317078098912,-74.08058488333967,137.2769523523779,11.639620970241365,190.30801379143404,-51.33894288426185,-101.44916661336435,81.3163111063332,0.0
1972,-48.448032235811695,-93.76797785970139,65.24647235969186,-126.89017052701806,183.62820221961232,-76.40465408483625,-99.24166289104679,91.08054023722882,0.0
1973,27.58286049694988,-26.603316837565327,168.07497466667394,157.02986078527243,185.9039069861129,-59.15162782382656,-99.83740317143513,78.80075204075655,0.0
1974,-89.23020033755407,83.30021668594031,66.21424621887671,17.339735307662362,194.25109373489113,-21.45546164914081,-108.28595321082506,66.09732818508508,0.0
1975,50.824805893673144,-92.3549727636847,200.17875148770133,-52.217067312807906,197.62786145278693,-27.248821061438747,-107.38841641176113,66.7488102107694,0.0
1976,-43.90142932614659,19.44265109828382,114.38239661058682,37.931094252058415,184.63040083731642,-64.07745309988945,-100.98888338295703,90.398277188769,0.0
1977,67.35441962893822,-18.05201945045136,6.929581357874509,-140.85785969822805,196.56641662549458,-25.857099464519166,-109.05960940734606,64.6675843831315,0.0
1978,54.65651203575397,38.96038423562473,-23.992372019124474,-77.30293656712185,184.29643026202547,-61.0345051929502,-100.15427778338746,87.11545157624955,0.0
1979,40.49480933661551,-35.84161855346169,145.72760942490086,-65.43250986891903,191.84790213245404,-50.61547910369654,-103.94655450466463,76.85127258736918,0.0
1980,60.017558025932004,-56.41778054337097,-64.14689482454494,-3.6936109166277378,180.57721002842172,-68.05114370047693,-101.66920734815808,97.06062816442608,0.0
1981,-120.27671546662782,114.04704149612908,25.46426536133342,-32.48026290328648,190.75463503863455,-41.2002152846467,-106.46262190085655,71.01651311329455,0.0
1982,19.954238423019444,10.75520967695267,55.99286202645668,-77.14173990070306,182.4018731607802,-63.632634694352866,-102.39534962458917,88.52287137246414,0.0
1983,35.43208914924088,-16.301486129508074,-65.65897017200848,-9.376835000547645,185.31358602208388,-59.04988676275082,-101.79733763374995,84.30831126673506,0.0
1984,1.4005650304494854,-98.54602193580358,0.8350848314525705,43.687414806933376,187.21793799285837,-57.92592383043297,-100.55521343400899,81.68926190051744,0.0
1985,-21.532855663152976,198.01043385513793,-40.84496651481647,-57.96488329671222,180.30387879708803,-66.21287301975684,-99.19171711756954,89.26092743369637,0.0
1986,-5.91296777303914,98.3129328082959,73.84819621078296,-27.049836374417836,186.0603420644211,-49.2424429676996,-103.04205774837,82.43502045665662,0.0
1987,12.249712813975444,1.1112222399212723,152.42691210830196,-61.60731751396995,186.3287036198246,-69.13644078331582,-101.83078750189512,89.44596510136353,0.0
1988,-217.7142660391124,48.85233416915284,68.51807062519705,-109.56806135420632,184.84076582829186,-67.70926125464393,-99.52052999430651,93.51583018260413,0.0
1989,-107.25452921329111,-112.40722518168509,102.00131848164908,-154.23153086870923,183.6411399093194,-55.75860115554718,-100.31839205850248,86.3410575109302,0.0
1990,61.59780245361852,-2.745567296824408,53.58635123362345,-122.18882134059857,186.98953671312572,-60.38018389597876,-103.03842018058862,82.08139719301718,0.0
1991,6.389831602030426,-17.720730274154132,64.15549459850465,2.25851966545203,192.33934219653665,-44.969895081907715,-101.86935740070832,72.12256730317732,0.0
1992,7.059571623249106,-56.97333537466325,32.148721612816274,-5.989245190319664,188.5970106946258,-68.73061282496545,-100.86253561400335,80.43145416032445,0.0
1993,26.554534967681658,45.73246838947524,59.62909566698094,-158.10291235371693,185.2435765511037,-55.39542889249864,-101.75808872503002,80.87987036197806,0.0
1994,6.567376471780123,-10.10478971495235,64.14927667595656,-7.623675405336633,184.6697903073023,-63.132158858219036,-99.89456256228222,85.97413551784697,0.0
1995,12.048358938466958,27.287854096830532,-13.563357063433646,-39.862311437533165,180.89080254035477,-78.22964026115987,-100.33724337364748,92.87843804273079,0.0
1996,44.45058043471855,-68.46077018199487,-45.757347416101624,20.84617061618782,187.8942610816264,-55.78426427764455,-105.76554943424301,81.33337203132146,0.0
1997,-46.01928334629724,-2.394755688417294,45.326962832661465,-33.421414120506974,187.2191952987154,-54.55628986854598,-103.4652580657743,85.30365126974506,0.0
1998,58.629566571943336,-66.68716706208926,-119.62927003741987,-31.681846108535133,182.67947573321402,-65.99250284328168,-103.70445426604141,91.95483222105129,0.0
1999,36.79618413523272,-40.37793709528947,-46.62794399156499,3.523807423476982,189.22054538635894,-60.39375755933902,-98.26542359870189,81.52609763351,0.0
2000,23.654093382985845,-41.920727091371305,111.93131125507088,22.525642455084572,191.02590479824434,-41.36472548593933,-105.39885695422296,74.27245258202448,0.0
2001,-69.44777712567145,-138.1353957680692,69.28065596692596,-139.14181768085373,184.04157335980577,-59.14483986900206,-96.49536591527338,83.02373620051317,0.0
2002,-13.794774441456367,-52.54808021230177,78.1321711930385,-83.69196914591359,184.0783978269168,-72.02482147492496,-103.67829753033668,91.74465613951872,0.0
2003,-17.12918298281525,153.15693787685086,55.90503416294834,78.1478656324552,192.66553944391583,-31.78374903740333,-106.91291439771221,65.77395597472845,0.0
2004,-44.68710647464501,-11.719384133572335,27.196995134045853,-81.66197927398409,174.90300111498232,-83.99321973285419,-96.9916670889884,97.17720424677871,0.0
2005,-0.12278923977502854,-10.220334729993446,-45.153484439122906,2.7311415904727463,187.99122528454654,-61.15867167588199,-102.29830111163972,82.91790784232337,0.0
2006,1.1571854126996628,4.913393178745551,27.778805387369033,-61.32827979095471,183.79668822025945,-69.43141623171783,-99.12888979107255,90.85345896062402,0.0
2007,-71.12396575884314,22.67589836621112,124.39199784920882,-24.267801920486512,186.3121058201423,-68.70416948205288,-101.52594452444485,86.83951587366228,0.0
2008,22.047615911064167,-76.44521108368166,124.45852865402118,54.35501781843257,193.70691533468866,-49.79191532650957,-101.02246414870704,77.96078463362818,0.0
2009,-44.484128102514084,193.94940697198382,22.118387533006924,35.95439580775458,186.10059198701248,-56.62645774449745,-101.89503893452117,79.59296650089985,0.0
2010,63.97289695908731,-87.82704133486999,27.360591510025923,-16.04676938153219,183.5931670630665,-66.44347255298422,-100.62425607517937,88.4813985261106,0.0
2011,52.19279718533269,-57.598463801628256,79.12165632447372,-20.397719877038504,178.69555769603662,-80.05445501794823,-98.94551779518663,91.58207318921963,0.0
2012,38.81827678501318,72.17362424341886,55.66009916689843,91.42324700350166,184.1245108935466,-64.07185002163503,-101.84358910039425,84.39535990424706,0.0
2013,-111.58783073179477,120.39722816574763,-15.736689114058855,-38.93472578846816,192.07480512792293,-52.858546597508514,-104.18917419136704,83.3410051383471,0.0
2014,71.78182114006665,87.07948888097926,33.59854001918523,35.77012556523712,193.71898612518117,-35.20877859925638,-102.39088400992854,66.86069927272239,0.0
2015,56.941039145159735,-51.62293140993659,102.31434771256285,-75.47473765993165,187.3026596246875,-48.4246213170853,-103.33288590284808,82.34520702746974,0.0
2016,-50.96714068323684,67.89041412942545,108.59990776746974,50.00700303089726,193.2481597447832,-44.05556447882782,-105.22086117599113,81.69814122434072,0.0
2017,71.68714005956582,-10.584518301963241,-20.285405597713513,-142.5105572860627,181.31627563449464,-57.68985506020475,-99.51322170919869,84.98536688110777,0.0
2018,-82.68300989879579,52.38990444113099,62.51480619780081,-90.35578266416461,184.59237719729265,-55.65219667827228,-103.11106803337621,82.81509097223925,0.0
2019,-41.466758866937326,41.41748598403162,66.12155035054194,-28.710234141762143,185.39126557768293,-56.220889861387654,-101.29570985617657,86.1347135105644,0.0
2020,80.64793892904166,-42.389354663292,-37.6693631566871,-49.579385893415214,189.4296923942022,-56.07229395870831,-107.22405987754372,84.59646616193697,0.0
2021,-20.23287063094518,118.63377223402296,33.762539646876874,32.04324107109182,190.05686012098934,-48.77746176866344,-103.49524948520146,79.21776335740974,0.0
2022,92.26142251387411,191.30179207185708,-50.085278974978976,74.1108714740926,192.5125208406166,-45.597190466278775,-104.6801693322153,78.0917679923058,0.0
2023,-101.7802928905331,-78.82399671989393,138.8853262222669,-74.0685413977492,190.3520776132534,-46.69705506399052,-102.09650265562418,75.34178596169713,0.0
2024,45.63143964155145,-80.71936332476645,170.8350235298321,22.51189532535015,195.49860072520394,-38.68605332740081,-105.58092326202596,74.82549685807433,0.0
2025,119.98879200250857,-81.26113805164576,11.261759776405256,-147.3151516690547,175.57535894879777,-79.3780930037058,-100.9033281556481,99.30476868341734,0.0
2026,32.99220474739708,92.1399395520042,52.1389660336526,55.751629159855874,179.31829072780107,-69.7865723113982,-102.26794295197911,94.07250853175226,0.0
2027,44.00161451519627,91.2531562339966,-41.066690537437765,-12.680297643079763,183.74931274568016,-62.480959646472805,-107.12550134891268,88.45172049976824,0.0
2028,82.29062816618442,-83.2917977027784,174.22285252302996,-138.97823834476227,189.9881897718598,-54.55632760737465,-103.10969479462463,78.80271290023877,0.0
2029,-21.00478132831994,-38.562710603533546,93.59766096217096,-74.96994106198949,195.23853376576108,-46.83948912268987,-108.1139078815556,77.48487187224848,0.0
2030,-77.94050043811798,52.596351055810345,36.870717953955904,-73.89764122833189,186.75985160069388,-48.949135773743535,-107.06108960297763,81.08317502966669,0.0
2031,88.99533613767981,-118.97663716379267,204.18721946366657,-64.10075898357887,190.35322213871314,-49.9685515775212,-107.90998694014712,84.03122256059109,0.0
2032,98.043177975254,-87.15530561666552,-72.92169238097146,-31.772655382649027,187.50232303418906,-52.528204448704756,-96.79942472657399,75.67122740252523,0.0
2033,-75.36199522007759,21.185300356968582,71.75289522144692,-0.4889056631692923,178.74205699416427,-86.41541652048494,-96.19364951113548,97.34181264806782,0.0
2034,66.98949737103214,-105.02790550248619,119.97907869205639,-1.8087859445224286,187.82411663595323,-57.03732372308558,-103.04067814056219,85.20864202210697,0.0
2035,-26.163445002024677,-24.2585181596224,4.7912907372620275,-111.53936993891338,185.9884134615602,-58.87881777204613,-101.51119204287532,87.58713234887429,0.0
2036,15.369092799561493,-51.0282522132557,-160.1887976310608,91.67657447469118,183.2303508646011,-73.24554680343478,-100.52703424405833,92.1361354527065,0.0
2037,-125.6860667343875,26.072266723845296,88.44564642575425,-61.189730278901344,187.03457949937857,-65.32651005538345,-101.01908059965668,82.46927593318891,0.0
2038,-89.93388439850528,132.13548088973067,104.19883541468961,-24.09522231701017,184.05888127350224,-54.52974981656366,-99.64751804694812,83.18555495325406,0.0
2039,42.51570013649381,-25.66317346928461,-13.880859788344214,-76.59221210113452,178.81147658533655,-67.76520248469456,-105.92620787593587,89.0453262448994,0.0
2040,-79.2672268346823,157.1336329663999,50.4552504716651,45.86387760053685,178.54347759125721,-83.15213108337937,-97.09202777529305,95.86422218173558,0.0
2041,55.510805989985066,-102.75373599400028,118.56064091383982,18.844646898774066,194.6397505432353,-39.71006057680196,-105.86923807123917,71.07036341036161,0.0
2042,40.86235966208843,-45.34064678247825,174.10552056423882,-69.36957436038355,185.66004700235231,-77.44319928435634,-101.48574308846298,91.67785930608918,0.0
2043,58.777744791414335,-73.99529568847812,4.8388688213808155,5.302814311928866,177.41924521160587,-72.29764000556418,-99.42717126322444,96.29450332221137,0.0
2044,-28.081968474886658,-10.928273063961885,10.841710205492316,-107.29125940627115,186.98341762963574,-51.36965177661274,-103.71466460662653,82.55049718686891,0.0
2045,-170.5798498262462,-33.78605947078681,125.93872209726413,-91.08465006653185,182.7852231031678,-71.18442746979727,-102.25772038212195,88.84659726603675,0.0
2046,-73.32645851910226,43.07263645233666,-4.696628846481133,-144.8059412608147,187.61467647292977,-51.91593983387477,-105.69005555409578,77.97027974899204,0.0
2047,60.37699260790146,-100.33651915428194,163.40274468723888,-87.94619115100195,184.62501773415298,-57.147973392396196,-99.38230849037663,84.52435002646463,0.0
2048,-60.28837598290274,102.28653369855864,-18.087371448546097,-103.41343387224546,185.04667970348248,-56.627517140415264,-100.57969106111938,87.06695203478189,0.0
2049,78.09441557469951,-118.90278667482667,84.21414696476516,9.985611798297878,189.33017504373913,-52.93291060181091,-101.01235652795346,75.6197121788378,0.0
2050,103.42033928943837,-27.162631282384176,-53.02966610959079,-164.46113698421613,185.9337755719955,-63.72900027681924,-101.8189299425281,88.186604820919,0.0
2051,-81.99032040229643,69.35190659985547,1.5562601753651262,-96.00200132266302,176.65858586001286,-80.86821682271272,-96.22754006604681,93.57863908584902,0.0
2052,13.672668322500092,-92.80578293201654,94.81677469054279,82.22883723966139,185.98976692289926,-57.1676046974801,-104.47347650524809,88.49636795018807,0.0
2053,-136.05564255868293,-117.95840941634272,149.6553085118579,-67.30822221369333,186.6796737769947,-58.04466833459531,-103.48045514901408,83.7356484346812,0.0
2054,9.514625867338639,-115.6386711446693,4.093682140343696,56.72231576032976,180.04656821061488,-71.71040588362746,-97.79433415632164,90.1172854398799,0.0
2055,-0.8292912947920061,-35.31419244842672,57.46450714464644,-45.37925415908895,178.84121860912163,-64.22852943147666,-104.17958614621176,94.49527288934866,0.0
2056,33.84635851997339,-20.521991200772177,61.659399183077724,-50.25019246498918,183.54471427620723,-53.66207974987573,-100.55197711829435,83.34432882572521,0.0
2057,-0.3356613390761154,69.50072717650522,-58.732560182638714,-104.91228216040587,193.4129526788211,-38.9557172675746,-109.30622436781331,74.53324862968216,0.0
2058,78.54301874198492,-101.19456156615882,99.19870113485612,-60.4398281062698,182.8503636768008,-69.22669864825838,-99.89501854749767,86.7774643381099,0.0
2059,23.493978191111843,211.77372546075813,-8.045190792535827,-8.17978556393975,183.75994471788496,-70.39742159327653,-99.89219044766465,87.48205398454702,0.0
2060,-70.457313827179,52.16237037321172,119.0126901176638,5.564183513996684,189.97696557361448,-56.641268249506744,-103.66876501214615,77.3679668388081,0.0
2061,31.42368333038725,-40.766151975686334,-110.94802751845165,-11.475665247976124,182.16495103058594,-66.13142275271044,-101.2690177173803,86.88933941524913,0.0
2062,48.94987260704703,-56.02989949058199,-72.09862678213214,15.277362140408112,185.9692584115393,-60.54733585189143,-104.77787620874149,83.81730538067738,0.0
2063,-52.77249530477428,79.60749742708812,-10.151521865404344,-68.98851533450708,183.42076455118547,-63.605284361705,-101.62799533791146,85.51483676911414,0.0
2064,43.28915125143559,-36.439498442557024,-65.19279897472194,-9.023237335006312,183.77297634340994,-63.39145426414497,-96.08665127811213,88.82689904460433,0.0
2065,43.05440322207451,112.38939869664082,-40.65031938877088,-14.454934917717836,187.4716396823835,-56.18033684084403,-101.69031250868406,80.13054672802528,0.0
2066,143.60205733986987,-136.90449280190404,151.3275400651611,-157.04252130911814,189.24279099183124,-52.10504678384259,-105.66386090000186,84.253607294362,0.0
2067,-17.663393056483056,-85.86414761498457,50.11537383459916,-105.58184257201151,183.29690292522855,-72.3783531266129,-99.76217079800404,90.4669765404187,0.0
2068,-35.84949950768476,44.29301744671206,10.49475336710286,-29.481189729152714,194.14209057283153,-40.01149287896261,-103.71087030620241,70.48200601069766,0.0
2069,26.260195724580825,32.3543434042509,40.63474481968116,-107.5080362569631,185.26006215183335,-56.70152028866714,-104.29534074835898,85.5883194271361,0.0
2070,-194.7940528668312,23.26284152781218,114.37376390097545,-65.92349701808446,183.72886416856383,-63.14897242005864,-97.80977182126986,88.00132422548997,0.0
2071,-92.09244889306231,102.28195790274984,93.57110655138993,35.43848252233261,180.83637405723968,-65.48774692418561,-99.7492330204467,88.0477425610561,0.0
2072,35.98126919771385,-69.00092670890932,119.49048710502184,55.46079775265873,190.82198211913658,-63.69753762981209,-105.86203171572022,88.16269835107921,0.0
2073,-41.39205148125082,-105.82204173142613,82.88583725900286,49.32092568489594,179.36603751513547,-64.55933223661386,-98.47803247340408,91.85336507034215,0.0
2074,-14.898378916360963,-38.301595160722314,15.965870231813446,-98.59103852640655,182.11846626471947,-68.04698562703744,-98.23726238732401,89.54341691890181,0.0
2075,70.959902168056,-54.04417273572102,85.26552218329056,-144.79534650175523,186.95755155487046,-53.83611199396101,-103.97004697997454,80.72485067864032,0.0
2076,-3.2147949655084,-5.095893757499459,-8.521237267640691,41.19178149676467,181.7193543473346,-74.85277375960771,-101.18531419145853,93.57188172117884,0.0
2077,54.68935252232823,-52.407129456936104,156.96892235925986,-107.10238677916225,188.41048565323774,-74.42441305592403,-101.03899396219347,91.20355454115919,0.0
2078,-53.451925676096124,-3.045390574911544,23.251357711751965,-139.65070271331143,178.99742312304298,-85.16001061807304,-104.89425302890066,100.84635145150489,0.0
2079,53.10747791514927,-38.44781741661025,83.61243835465375,-74.39385020016495,179.43911614956286,-69.51815038627971,-97.3485666179096,81.73613310371172,0.0
2080,15.042070683648445,-17.59015326809656,-143.63615107932836,30.31145287782303,190.03971949235157,-41.59838446218677,-105.31094185583522,79.22583372693254,0.0
2081,-18.63191051859421,34.24985062056153,60.162347724123634,10.378139786035817,193.2896401991441,-49.046764451138465,-105.18170488403972,80.04970995768443,0.0
2082,-115.30140141635852,78.921412772125,-12.443447290322268,-50.96006794574166,176.33471648294375,-77.28563075799228,-97.33593696505244,95.21343815237309,0.0
2083,25.361624470455258,23.6200751245642,141.57884445937813,-104.77803763994868,194.73298512351542,-45.45174290688464,-109.20766226408546,77.14733099642945,0.0
2084,78.21036174540322,-99.50815359560681,-20.182319975652774,-27.468654895556714,182.12689812709877,-67.36068010712584,-97.98334820884705,87.52957776475401,0.0
2085,-141.85902897822237,85.87036143840938,2.1028761998996504,-92.5587382480229,187.00865919055911,-55.98627872130233,-100.42669397503154,78.77104166687343,0.0
2086,49.66596875100582,-8.381191793233594,-20.81163906256642,-66.8185488077732,186.93454465938265,-58.88681097149385,-100.74785874267852,79.93211732897808,0.0
2087,-99.39859286794946,28.893478624480757,51.29294006860442,-54.233980639483924,189.07023834542912,-54.314363502624715,-101.26494653153402,80.79154130561693,0.0
2088,38.61807147474779,-92.01452605663837,-20.3956860373782,90.4454105301609,185.64115953232783,-60.10886743070188,-97.36561374032524,80.12426362269454,0.0
2089,-41.20123788629131,15.9305950934436,202.09894000934509,-20.06931664626192,192.96500048256522,-36.172348530913375,-101.92500838022626,69.1579625564361,0.0
2090,-34.943720971782334,-31.860083387813354,120.27033665005978,33.25666269258162,185.59152699447765,-48.76851216420841,-106.89282187631414,81.86932666902992,0.0
2091,93.04896279328014,-66.97173683197369,89.78207226269684,-180.365133144758,188.16827804861333,-60.88163752828303,-98.48065426298359,82.0891841839018,0.0
2092,-13.630455730828887,-20.964461317247558,50.53091300160456,-41.008225295608234,190.8698357862485,-43.01826699211617,-103.75108513979622,76.01409228110458,0.0
2093,57.3140142659147,-78.08918533496802,47.20444851868046,25.179011127992766,188.41967133531125,-62.75142991040711,-98.72155889696764,82.26764593691112,0.0
2094,-147.40246089877616,75.20087465673657,-31.110021418292867,-106.75954628445785,187.79876494930818,-63.65531321058111,-105.37818820929715,83.58562229882637,0.0
2095,25.478197419660155,-17.59852253503835,95.8845428891786,-47.19884195105193,187.03348104377827,-58.08762931029992,-103.01792829154469,79.14808125969547,0.0
2096,-83.56656878188727,23.23548650711835,-6.017318576586833,-99.0953479112375,177.37851968075879,-67.22272373951203,-100.74767697812133,91.52044418633902,0.0
2097,-8.391992372472307,40.50832853631006,30.836633482376886,-0.03605067981946042,175.87859960509257,-80.81128999861747,-100.17176018810821,103.10362087270127,0.0
2098,-6.700707883843715,1.5886141092628647,6.325369608954773,-48.99617575859957,183.0915966132892,-63.84201870329518,-100.96534085663022,86.99456308068967,0.0
2099,-49.63980602358212,15.91729459563144,48.41517698314111,-69.3696806524045,187.05786840840807,-56.20013827978355,-104.48428302498115,86.06997101985056,0.0
2100,-105.362806783569,88.66632488490472,25.420788694343276,-29.602516668163183,193.5951643809077,-53.315265085531514,-108.41722705833179,78.24757326217502,0.0
2101,52.76339614868496,-102.77696203179185,30.39134755337062,32.90942836472652,186.2838179599316,-67.96229749859508,-97.61163210661228,78.6627208615032,0.0
2102,-52.36369732951472,103.10499920400005,1.3286398266334265,87.49137656777867,195.1381709295827,-45.05938347044881,-100.63114009402085,68.6070886557316,0.0
2103,-42.79603820717547,-2.977783971272585,43.9385934719383,-89.5114540955583,187.8126453902967,-55.180819636109646,-103.13513529259832,78.6600710851064,0.0
2104,28.18712729975764,-66.33071580918912,30.478662118190503,37.000944298867,181.32184900385155,-60.960439252932765,-101.94333466048185,84.64609740397448,0.0
2105,42.46661526891787,-9.830275815265566,62.56577558690517,21.872774782220116,180.84888814230285,-75.29896085215452,-99.53240338469836,93.06492922015694,0.0
2106,13.618612238031124,-26.28196839457555,-139.979323408439,27.016100863502814,185.5697488645737,-67.56194904492504,-103.22622761924409,90.14523881611646,0.0
2107,10.760157616077798,-6.3944454988901835,124.32369239477259,-14.897175401243883,197.19092695037912,-29.68162067833779,-111.47656093069614,69.3521634482978,0.0
2108,-68.35033863826122,-3.2799447656240543,34.53143024664162,-19.004150097043997,186.26177608069167,-47.804229755760524,-103.07096325113905,76.8407754309532,0.0
2109,29.29193772568025,-55.582606225842724,115.9343536078773,23.995059003282115,190.82750070811764,-55.93834599051667,-103.97816153099748,82.29762853740098,0.0
2110,-88.58899809989383,56.33702138830882,-27.259961726028447,-132.4594263473729,188.91051295335123,-53.659699551168025,-105.02089196378063,83.08095395301686,0.0
2111,10.38973060407456,59.106909977922626,64.57082683404155,0.1454386786353179,182.80724053070512,-73.47943390829468,-103.34247014555257,88.44403471358773,0.0
2112,31.391627766979312,-20.467393810804925,151.58723373051805,-123.41593372329554,187.74273165834705,-55.77672435049959,-104.49783168169873,78.6707284357484,0.0
2113,-37.45132218045014,-97.63713370392367,33.920803080999654,-65.40564037400347,193.64660711796537,-32.605565102606406,-105.50484875038481,69.84577307656103,0.0
2114,32.33735520578268,-56.039475907892445,65.56224116751024,-16.525609371699776,180.7253123119755,-59.74467595160933,-101.07785617834011,86.99837770687253,0.0
2115,-18.13747648927436,-26.156299207677634,26.46474879874478,36.32484093597584,191.3959252864383,-47.30080575148337,-104.32064537035197,74.63758803230319,0.0
2116,4.791407147593896,38.22900488702853,-62.62620490817439,-73.53011626954677,185.2293566640518,-58.231432626050015,-103.62107698116365,83.57106766490041,0.0
2117,49.02599878191665,-26.018732251662048,57.25156749611598,-56.26804204741862,182.81642707321865,-61.105201443854966,-99.6843934630996,85.62020106361193,0.0
2118,-129.98186593710827,62.20077095636724,-29.09739848503946,-97.81199305466201,186.9441975560071,-63.93389698265418,-100.30189300471099,86.17474772523802,0.0
2119,-67.41063543752317,122.27266191862367,26.070267469907183,16.842917497612863,182.72388146582313,-74.00321467075639,-102.9593433543709,89.60300823467843,0.0
2120,-33.24874744877279,3.7866846878350957,51.30811386174828,-28.02640299797438,194.43164886752777,-37.56588973038669,-106.36136116827002,68.74889845732677,0.0
2121,16.218516810749875,-61.83525423325757,205.82475527992457,-8.629761542333803,186.0429711933204,-58.18883144365889,-102.31324625279028,86.56423396107468,0.0
2122,51.31334920296852,-51.63258907709991,27.77247701731107,-58.61971626282795,180.18631027074593,-62.09655245543605,-103.26536033615548,85.94419104387309,0.0
2123,55.104480715933526,-84.42635703114443,69.41900693447045,-18.47284439114493,190.81571367516253,-63.84842569735649,-101.85963613693855,81.55665826042699,0.0
2124,82.46943107726298,-103.10712167541635,-4.822608783725702,-22.65785285731438,187.19710284999795,-47.83974140741789,-102.55833407930133,74.86267833818196,0.0
2125,8.731970041191072,107.10914121311863,30.260324811389072,9.889524506134428,181.42484895435325,-71.64445624325437,-98.66850397422944,90.5672405801665,0.0
2126,59.53221269163473,71.48728367508022,0.5714553604731332,-12.295635653892962,179.43476666485958,-78.37578263098438,-99.06084515209419,96.35188913615036,0.0
2127,13.818225532567363,98.87378466379442,85.05569872576504,97.72360154247998,184.45636140803825,-56.37062800111424,-103.79452325884603,84.2660357163159,0.0
2128,26.831478830947443,-55.935602187705015,158.5251675477282,-51.91630327701061,177.24150095436036,-78.22585530421799,-97.8666436502852,95.51897804537742,0.0
2129,46.62923042796171,-61.38195421570602,10.11746494160014,-30.091224185563597,184.51611781001438,-74.63592494324656,-101.24683679845421,86.20140564990383,0.0
2130,37.18013497332909,-31.288837909050393,-43.36652180787143,-2.8069409548479642,182.69028821342576,-67.41420811993731,-100.60221814588245,89.62680770867988,0.0
2131,-16.23223495335735,0.8539458993330806,10.417539399957764,30.682517481131455,186.86110530850425,-57.061518928835454,-99.3032831721499,83.15200260943901,0.0
2132,10.942264856577417,33.51136418448576,58.40401148423929,-33.208130954146036,186.57941027642988,-58.37570112703217,-104.2826674438811,90.48573587952838,0.0
2133,41.11279557088643,-27.36056399768378,118.03275206192909,-77.75970479691495,188.12717022232835,-55.20357924297861,-104.02207355026786,86.50780127758586,0.0
2134,-36.82031287287602,157.82916909687657,-131.26269180789316,-150.49050868973373,183.7710372936566,-57.02771127696743,-94.56031264643897,79.4112790728887,0.0
2135,18.253065535948675,49.97796804134645,20.391485774384925,29.86204391259567,188.57592879673967,-51.75740616710247,-103.513461404413,79.01968597651394,0.0
2136,-28.321990483189335,-105.2685128424223,84.38917110167516,-89.68026911312579,182.94925797508913,-63.98197973436958,-100.44227597192034,85.592408770212,0.0
2137,19.730533651204478,10.011006661048743,-5.075029826509181,-88.4322024229971,186.69014339870103,-51.81044204189347,-101.69895696588735,78.71983164008894,0.0
2138,57.39535854374156,-131.96875905879034,78.22250608384684,34.28407104027676,185.84588661896552,-64.15342079937236,-108.42447650819037,95.67677070456229,0.0
2139,22.210553238872475,-53.26458111145244,95.671487522566,-13.90462108191758,188.66132860101752,-54.25210765040002,-101.57769575915789,82.83434047268292,0.0
2140,-9.437928170234605,19.245077171636872,68.18552352724052,-30.09867306496715,186.47087581492158,-76.39585060762579,-102.28817922738948,98.6050605153914,0.0
2141,-16.49773484478418,92.40946097007354,-18.70246611623243,-47.6944230662144,182.91623768381496,-65.61486322253944,-102.78374596702415,88.11431911872782,0.0
2142,-8.815427750303773,21.22989670497864,27.643320402652698,-73.88291802823413,180.7743266440076,-72.54888363229051,-98.06870246363641,92.5061185701289,0.0
2143,0.8482702025612021,-7.061586981876411,103.50445605943261,-5.466654571768236,185.33091466962085,-56.4302742036254,-101.68123245453394,77.88993812667925,0.0
2144,-41.82968586379784,-44.784851425169784,109.4558710540086,-24.021030377383532,184.07811895789018,-69.55161484083017,-99.72845126366487,90.82088683977739,0.0
2145,25.628281921799655,-21.474528140744187,8.639248698058138,-34.95955760878385,182.721005841917,-73.06162226086141,-99.01321737615078,93.84019354438102,0.0
2146,-66.48775147619949,-40.23374712862028,38.82102447869203,-49.34123720294435,178.8324253374,-73.40474828640944,-98.40185904519535,92.93861785920936,0.0
2147,100.14861100310416,-43.363801415439404,-127.9662921723615,101.13490476041412,204.80325945218235,-14.473114512590605,-110.19106599157831,60.420044935676216,0.0
2148,87.71081305633035,-24.31242498275852,-58.706952327048924,-85.86255595174738,192.99483283953288,-34.596269870724015,-110.36835905920991,76.99034484654449,0.0
2149,-181.5772112966962,53.00020029943698,26.247066409037473,-99.40774176827222,189.30647990646355,-46.053090565708054,-106.03478372889222,75.85056217107879,0.0
2150,-65.15211324075783,22.486737183063312,50.32933496615314,-68.98533764332548,183.17335541217906,-66.28418571941893,-101.83949544554741,90.29365158631622,0.0
2151,2.9042118540117845,-45.01188251232014,78.51706898865383,-80.93911243757582,191.90725464674125,-38.36009160407357,-106.12229633806244,68.09022085282324,0.0
2152,14.360650117975693,47.36272357966489,84.97787746898851,43.91680126756474,188.69379325457854,-50.90135225774435,-101.79402877360965,83.12794584701392,0.0
2153,50.243944148255416,-27.52573383013029,61.17201870694116,-89.34418571144967,180.5365096973231,-69.4751731815655,-103.03973714044946,89.1807097153898,0.0
2154,47.76554500282549,-45.038134592930575,95.51969615221637,-21.587089604658548,185.45888830645762,-63.335371313264716,-105.56877711474264,85.99735492246715,0.0
2155,-55.02345460079676,-77.51435940920575,141.05139906292825,2.857609965039576,183.68915789054293,-71.70692481074309,-103.00600018824291,93.46026228906796,0.0
2156,8.98064052290501,-80.89082263851688,77.64374202413688,1.6878407573147791,178.85360963975944,-63.25466787965824,-103.21933661239007,92.48009662539029,0.0
2157,39.393284216170144,57.17291927028781,17.355005104204636,3.9512067600065484,189.27660241738587,-48.976111330195934,-104.79284968578217,77.5093287246479,0.0
2158,-23.12550844694985,-22.076058218055927,163.40293224517688,47.3651181292052,183.00228967187385,-67.71236470102147,-101.57820047629991,88.07465916813608,0.0
2159,19.893747376463942,35.73718318819529,16.406807078967617,-27.485682754292522,176.08903603057647,-87.1816180492164,-100.92550171903247,100.0520260687657,0.0
2160,30.917448328495794,-49.493566315055226,110.39774298683953,-21.701523628690673,182.4938582928499,-79.99042453733065,-99.46111779232008,93.17548133129357,0.0
2161,-60.72994859977864,41.85106094631171,74.01982319202108,-3.2581382048871177,185.97616948309457,-54.81628897728043,-102.58516714789543,83.95743109749198,0.0
2162,18.503626058501478,21.307622395294924,-16.392999765954798,-87.56718914356702,184.9508287301141,-57.78949302208552,-101.02059661260678,79.95586200740486,0.0
2163,76.2873429675737,-107.62921715916237,88.83829628041971,-64.34741693667895,182.25826440805943,-66.01583138591104,-104.71326693163728,90.48211701994119,0.0
2164,52.400360399204324,-69.45422557651109,102.25768481054082,-52.93970503167208,191.0229822692865,-34.46250132438778,-104.15388195232552,71.24498926092255,0.0
2165,3.971726060083125,31.584644648801074,-63.599388178505436,-63.379274134343035,199.14787297958813,-24.332270446761186,-109.20937755717016,65.14408816574016,0.0
2166,-130.9988911820989,-83.90495634930384,118.82105835482832,-61.16247607383081,191.22917053746087,-46.65947032664915,-104.93640199140968,73.70192251290857,0.0
2167,0.7657410399961373,87.49548321585226,-17.7771349343154,-25.66719768014687,176.72912234376972,-89.23470508846393,-96.2564352499151,95.99946570320449,0.0
2168,8.659930156516038,-47.66736086916976,97.97992417686837,-9.860213493923691,187.55592905750382,-50.4169216115642,-105.5149704100657,84.05146506283248,0.0
2169,-73.91069807531618,-11.860797868089556,172.36985116996172,80.92198250553655,170.23143528349365,-102.57966088446616,-99.88430255361692,114.0185161783294,0.0
2170,-33.40897860392872,48.88490555559283,113.17690832341856,95.46285914352511,184.39178681934052,-64.40427707835525,-103.80816233717745,82.06978657700199,0.0
2171,-1.477052735220058,89.85032873201561,29.018383901747054,-2.64256959470186,185.9771220272389,-65.55817731750724,-97.22806857591512,87.57120763182954,0.0
2172,-9.509702098720185,24.47122753397477,34.22870812974267,-36.504134256565145,188.54940934032317,-59.3208182053765,-100.73286600181981,84.79424579364407,0.0
2173,-115.11814994202835,-23.931278990463078,10.605624656099383,-120.20774504553657,181.11620876705408,-80.61504134072429,-100.1082980864461,98.36453842177355,0.0
2174,-45.01148867718544,26.86338985868832,84.53972410572,-21.43827514721912,194.86887626476883,-43.95014365691073,-103.62032321554007,73.77720125428237,0.0
2175,93.60211302630445,-51.432959779628206,-62.545469691959646,-100.10281676213992,187.19575133963653,-55.772010363980506,-107.47604276544918,86.62666727847261,0.0
2176,69.01593484456316,-15.457721666186366,-142.5345260079815,-110.30540374082724,190.35022317958584,-42.82540586769052,-105.72698861950214,78.14811044054902,0.0
2177,5.971171163920102,6.033521042569823,58.442714165989514,-46.078348087963676,190.3614361756066,-50.33140069099231,-101.32272882997371,77.63101999253331,0.0
2178,18.257617449275816,-46.04882350430161,-42.61500758756734,6.535075475496738,192.59694441089715,-25.857635161691405,-112.80353531762499,69.71057039549082,0.0
2179,9.261413898943305,-69.8002928627627,78.61630391163192,-25.441120847921063,178.81994154397097,-77.33759266151382,-96.34182058591186,96.90324015414582,0.0
2180,-2.4022764946160735,-11.564450887876509,27.390652628029144,32.42975206658739,182.49524834531445,-74.09498655823086,-103.2509056742833,95.05643412471778,0.0
2181,-63.86402457188004,6.226990972308472,11.901789389713603,-56.61659228795044,191.62930358947878,-34.16206479290702,-107.70937958389938,76.100940514869,0.0
2182,1.4510366631963423,-27.052630519184827,35.916184719486445,27.275327452022513,184.27559914975996,-75.25108893091684,-99.99119746043175,91.17426215015462,0.0
2183,19.224911164594825,-50.82897033976283,102.09395822945886,0.7693160188140091,181.84025855873503,-68.51638103531509,-101.83870370667066,86.40542878157537,0.0
2184,89.29470941507923,-100.1631994879868,53.85995806934601,-36.54752903985483,180.82526520141758,-68.13793648735165,-102.00550421154728,89.4455528761217,0.0
2185,-115.38719614416434,81.25322462423448,57.41367893390124,-69.1800302526906,183.73627654723762,-47.99738852447504,-100.83000574315302,80.22266197313695,0.0
2186,14.331667272422546,-68.93211026140355,-8.362941843973859,58.625118484223016,185.61007183486302,-47.580322266653745,-106.2935020494208,82.34835898480979,0.0
2187,19.323022728474072,-15.699060062976166,96.8632266433734,23.657694753583492,186.45235849319886,-75.31224738557685,-100.82252523342359,93.15086804430562,0.0
2188,22.63253674445543,-31.22936326270956,83.77863652520412,15.875670683375986,187.28117973334443,-47.798731138054976,-105.7822026364713,79.82022965826094,0.0
2189,14.170157228007074,134.8754194682041,17.721438906101795,20.87073110201816,186.0481969745003,-54.88985680619565,-101.2627952784357,81.41745997390271,0.0
2190,9.35064852100702,217.05192876258175,-41.184838096992806,47.142657868090346,182.24416900203204,-66.65014157350166,-102.77074304073291,88.33129367935149,0.0
2191,24.71263905425917,17.576859852407445,-46.60625770911977,-54.57850598095181,181.93632594203507,-69.43153243842734,-101.27786372477173,86.37958129660265,0.0
2192,-3.3804949011925265,111.33386459838168,-6.241226235989339,1.1487283854967723,196.18280945094136,-52.24743284850681,-100.29581049213351,70.18986937936472,0.0
2193,99.94245078039175,-24.20777358170668,-97.23072301653288,-109.63301075042224,179.0484659618132,-92.76255005384007,-98.2144632139427,103.44872346973264,0.0
2194,-92.52838315066757,10.315731107584686,63.361931306761996,12.897352900141934,193.80452323976453,-26.976602713892945,-107.67029268588308,68.59529420590742,0.0
2195,64.762810985126,-71.85390156004897,153.56510994844243,-80.7003227286986,181.39014591104996,-60.89234266081672,-102.33129859322777,87.67568718637239,0.0
2196,-34.49934663386353,155.4873329080183,65.97905343305217,8.672758894333715,183.93351440727605,-61.033737430736785,-103.59031779005886,79.86527790004887,0.0
2197,66.59579966011286,66.88580740434162,86.77832481053349,61.42226265819165,189.88450805924302,-51.52446730328904,-106.0201285558966,78.01577717977352,0.0
2198,65.47285824893191,-19.417319709236494,-28.218640914036264,-72.74979339685514,190.95432324778028,-52.62224028119302,-104.35728723346465,71.30479273380998,0.0
2199,23.89104669094464,-25.920170210907063,126.96282887747374,-54.18568296838815,191.00098168811934,-47.49093301131172,-105.74065149737186,75.62756969231397,0.0
2200,39.25996026845889,-61.99304191738248,173.34644775172532,-4.749304339902471,195.20636982863633,-39.149762048784126,-106.41584770637905,72.76437829331081,0.0
2201,-61.37271472191303,113.46202230871545,-14.923532954120777,-57.01535500939304,179.2222404967006,-86.08649045154019,-99.72030019948944,96.57909582573603,0.0
2202,39.23636280666203,-23.089299610220813,99.21583108718887,-97.55078635119203,180.78050980213547,-68.44089415547379,-102.85118797673516,91.02414532184721,0.0
2203,-100.03171877418453,-140.2506159743781,96.29378746911709,-102.58712205887286,179.80477823381835,-78.2647305851662,-98.39047188744122,100.90491963341051,0.0
2204,48.31427333634287,-67.29372911768964,116.6168940590103,-28.533606437337262,189.31217835863313,-61.13237109876948,-100.91985685159796,79.73474501346878,0.0
2205,-22.10805495093502,7.412408476776633,210.62527824637013,-50.25187456578064,185.04850401839096,-66.13292625880685,-103.41694708305911,83.24394916756637,0.0
2206,-58.24726120800361,32.25832667410696,40.34227206099543,-27.814568630018066,182.68690279622882,-58.545668109129174,-105.20444073374642,89.34237810025894,0.0
2207,-34.73492225427455,21.683619032438653,8.572930129104478,-65.32634583968542,184.71800068265637,-73.52750412002116,-99.13771080518569,91.63239995218176,0.0
2208,83.27671981139457,-38.33641320959636,-29.1356176010216,-96.46581399972705,188.73455116622208,-51.13748068357771,-104.95319927191608,78.23817408751877,0.0
2209,-2.570078792684333,8.300163699360235,56.799574478627015,-40.68526359083429,182.74396031768447,-66.17862755039619,-99.77715451709413,88.86331886408394,0.0
2210,-232.42444070634212,56.95446890307301,64.11276564928865,-84.91889150805154,184.2254994711797,-59.81661940765107,-105.9349746351438,87.216594546615,0.0
2211,12.531535322440767,2.3760118502745007,-24.838385611801193,-70.84434333889183,181.6980732905932,-64.55557786925475,-105.06923619567542,91.33357707666052,0.0
2212,59.49015752999054,-67.55501717817572,87.77083605790443,-31.20018281028052,196.23768803103673,-37.50823936344413,-101.8366342332101,73.0918782094117,0.0
2213,-4.419725341736469,14.188447240352364,37.03446660613912,-67.61541130115303,192.89879030687933,-46.51934843966822,-104.83058360597269,75.71398011888856,0.0
2214,65.99773130196657,-64.43649157921989,218.17981628217012,-76.71420867300515,180.49301122474088,-63.3986074861981,-100.54391917793096,83.45793429917266,0.0
2215,-44.48851435497399,72.76171015564634,-18.45407416189123,-101.62016060981065,198.16568616671995,-29.48053074936825,-106.03561408358348,66.28015967597561,0.0
2216,121.3019048227873,-151.96853800895119,16.97955014078859,-9.654949891262948,183.42819755539384,-51.10965635506092,-101.33662129353306,83.46876155312886,0.0
2217,43.221471839560934,35.855520752063185,-106.01989247498463,-161.788212666313,176.54474376414697,-86.72781257750754,-97.85244026717861,101.16792455573638,0.0
2218,-139.72955455750525,23.55807152335015,102.53317400442397,-77.29719460523117,189.97924106941804,-51.49937925821053,-103.76402734605345,75.72251600934848,0.0
2219,-212.92918343898793,23.991678053163515,88.57797747863654,-82.95707127398025,189.84323042864165,-36.785070964400305,-105.99925249241875,70.771572034743,0.0
2220,50.65933208990748,-71.53676315384928,-67.07060167934105,-9.154859597163284,198.96681905882986,-27.89257163534859,-105.92223511236541,61.268129570923975,0.0
2221,95.17107444760713,-132.84987324906382,109.07400546367244,-55.917517899586514,188.36307294974634,-64.84515842727696,-100.3189186139307,89.58554638390072,0.0
2222,50.75980994434961,-33.66019855067247,-12.524515751453414,-98.31749776538558,179.98867278789595,-70.98199628951205,-96.8654579396417,90.29245907528475,0.0
2223,-11.00500516445489,45.38421933440552,19.42908158312431,3.514962773338892,179.68029178760034,-73.63217974197376,-96.10830864177152,91.05079187304683,0.0
2224,-103.96488052095646,26.365047699786683,56.472900067200094,-19.618957644818988,188.8136160043087,-46.36033498646546,-107.005507660638,84.55178338275798,0.0
2225,38.93918404435393,-24.329859983114098,62.02577938909166,-106.34729678153076,187.12858109715583,-62.03871025273103,-106.20871221514346,88.54477275197462,0.0
2226,-60.17201828252,32.04705596982439,73.249118998134,-52.82758749726385,186.11195425247473,-52.865456190830486,-102.5660297412946,79.91482218949812,0.0
2227,70.80233044141629,-49.238876064299234,0.8557018173933506,-43.336655623560915,176.05726722071267,-88.11074142970539,-96.72985244516285,102.09067364295004,0.0
2228,42.99330960162309,-56.83718645381665,130.79621997097016,-78.23670478474551,186.66590284257367,-56.20951943542249,-106.43281074687047,81.55048220992903,0.0
2229,37.46375512067659,-60.3629686205404,-13.204239086559754,18.349087405694277,186.0408939211586,-58.1336317201751,-102.72093293635123,85.82560963927996,0.0
2230,16.418636217609993,-37.16627301952118,191.95366839542675,-44.20415763310246,186.0789956716409,-69.30404054637833,-103.41519357477466,87.97390035093036,0.0
2231,-121.03769981222207,30.485317158040875,93.96069280350878,-87.96735018870875,183.9104283113214,-73.42209649114768,-98.69464906026234,94.37712065367427,0.0
2232,43.79654303071899,-51.067554133131864,145.48584229796998,-70.44968438196135,192.1578892862241,-51.82675125932552,-101.54996986745522,80.35852079090634,0.0
2233,-58.776412758515164,18.968394773265416,39.489057119974255,-94.2096636068699,190.61361025019053,-59.12779750114349,-101.97257574836189,84.70470701657798,0.0
2234,28.215855713650704,15.869323216320607,-103.33241516075167,-30.2719646312047,174.56636335530382,-79.96680584993788,-95.57091516142496,96.67353980814077,0.0
2235,43.93515193018984,-38.73476515202753,97.59280627003784,-92.20905633126829,180.29872649636633,-68.96328475196412,-98.5850845027255,93.14578555963472,0.0
2236,-44.69311462131549,81.40681730362186,59.05704760515883,2.307457537994728,188.47380497115498,-57.02071494491974,-103.01044065851328,80.36784277420904,0.0
2237,10.801611369139701,3.936098393007975,124.25621398810453,-112.33063940440337,189.75146967930147,-61.38470818743447,-100.98355157994054,84.96657090049814,0.0
2238,-75.82176645304865,104.70263328584366,21.610519265085376,4.00395394533708,182.18104510008897,-62.91416340291997,-102.00830077660711,91.25747722975481,0.0
2239,27.649631773895184,1.8124550128524042,53.15827444843497,-43.09237764298822,195.24154100814525,-37.86548226111009,-105.54298547381586,68.50236525629668,0.0
2240,32.65046669440946,-1.5932671726224257,-7.978816773061665,-102.4492951645247,184.08694584906868,-67.40570445794269,-101.38976254547003,89.2833990186646,0.0
2241,26.820608962242797,-85.2768695792356,99.07634458551684,49.58595165181836,190.41868862179368,-52.78058360979936,-103.29980437504565,82.10076128983641,0.0
2242,-96.77111743157838,48.620196089984915,69.81777345158768,-64.72289030728709,177.59325047882777,-78.87052046140944,-101.69432670647296,101.07767305617818,0.0
2243,42.53523064683542,-35.125009533722576,-106.66423509700229,9.471119123238575,181.28976371124054,-77.77769844582373,-99.74659354950994,93.64688603080253,0.0
2244,-22.614764552733785,44.62651702988851,-44.746313183449594,-167.06001499176173,186.78705822601006,-72.78346730981862,-97.34919341006383,84.51755531454562,0.0
2245,41.2492068968163,26.399720730363686,-107.43753010353319,-116.81544973332596,189.41748048960454,-51.565641709955244,-102.20092061429251,78.68195830778554,0.0
2246,30.114480772766978,-40.36414723758784,3.311420676111798,18.90705152751678,192.85237868652473,-35.01554418698033,-108.18122976123465,71.82067267481992,0.0
2247,42.74168768636139,-70.45515474126316,200.1704989595022,-41.180433860755436,185.68663783139783,-73.3625727678956,-95.48949549853309,85.81669065582486,0.0
2248,-35.914557741652324,95.80718276647285,14.935038914300813,-23.460944762931753,185.9399829680697,-63.49756955396669,-102.2804523533941,87.31336869825411,0.0
2249,92.1541880701341,-24.443328461895153,36.004066413326086,-5.995473614811547,178.05480440154764,-75.38207498382529,-98.18741352046705,97.12978247787461,0.0
2250,16.077549103662577,16.601571448901133,-18.009190769928594,-82.14215628465935,185.1758413140305,-55.6763737684394,-103.06310166213693,82.0769700070701,0.0
2251,-22.664903674449757,98.45629702154184,-21.882688848811803,-66.69360554890498,187.90079318701945,-54.93330864453565,-100.539558473921,77.0430745422027,0.0
2252,73.56930427965771,146.91984405025906,26.03438585048421,109.51504081997632,186.78377995914948,-54.5878999955197,-102.31668686167686,80.75671201860085,0.0
2253,-66.64383927016515,-131.40081221541868,129.05797378412535,-78.30696942875115,185.39846754172592,-48.07692783683289,-102.9627086521025,80.65939775044093,0.0
2254,-6.645000988988414,131.30753723994428,-47.10808530512367,-54.77656165371202,189.14326153963356,-45.79160399584784,-106.07166802524746,77.67002265724875,0.0
2255,16.51811285993983,-41.031844975613566,36.0088640227752,8.084147766627309,197.3156215291151,-27.59379521356321,-111.19050716434039,71.12123381420955,0.0
2256,86.87452009349772,48.478974285777845,78.00612574915714,98.03561766228697,188.50945983889858,-60.03013106263702,-100.46832590132948,81.12144200123404,0.0
2257,-15.562460619734953,-1.0393761484068564,-30.92489039536207,3.960112873057703,190.92367990050266,-49.39639579856085,-106.64334863702224,75.2012624468555,0.0
2258,48.32557126926824,-3.5118489060181615,164.3317061978585,94.0974487041192,178.23765622250974,-71.05889113241493,-99.94199191605749,89.93996265391633,0.0
2259,-2.3629155794805956,-35.467347135533814,-146.56875974139544,51.69959993022262,178.52273421252517,-59.29254765487741,-102.76935884587604,85.12579506479008,0.0
2260,14.510865879889357,138.7782297102513,22.38705060022147,24.386310601920492,193.9787017443621,-44.03831092915118,-109.81675073257651,82.0878469830247,0.0
2261,7.412058043751868,23.952943858327956,-30.678155889209492,43.143702776338856,186.6022455976896,-67.15100660667161,-103.98933622996292,91.36422504000942,0.0
2262,36.082728804631216,-69.20706188351949,-120.7597439409623,84.55641257928539,181.79932261192207,-68.22000667688883,-101.99396617436976,89.60723896900984,0.0
2263,-38.69600029641347,-9.32085164641202,6.837495039832597,-137.9109517450833,200.94734124737013,-50.99476056439281,-107.61482898857126,72.13381424089046,0.0
2264,-8.100455676505202,-66.03970771793604,0.2632359039707044,67.83869045583842,180.17405230815433,-75.61373434164754,-96.443838903742,93.40003130191506,0.0
2265,21.59993776197674,33.742908496913486,-4.198207167203993,-52.73816817875808,190.15997661046512,-54.65640469864386,-102.63443528510506,84.91918395900116,0.0
2266,-101.11116708999177,38.83960807481732,54.620118415505495,-13.598482106416586,185.87875563822502,-61.80072784324493,-101.16792260514033,88.97782207959008,0.0
2267,84.30536417634181,-79.45061022116515,3.579483011693696,-49.079216238509524,180.92322396757424,-71.67021327097913,-98.9335810133362,94.92638180440464,0.0
2268,79.99652330313589,-67.49671477699859,94.90338756011593,-62.277036883685,196.88528418846934,-38.67791693500808,-107.79248594365488,74.16903422829685,0.0
2269,-19.67775168633759,-44.23208466019493,-0.5397197496748385,-135.2533632525745,190.03746360338414,-52.98931205165255,-103.04325113910531,79.03030235336644,0.0
2270,-9.255337069191283,-107.45752141542404,42.01090620550511,-6.526917740398047,183.28364985850834,-60.93394086717962,-105.48005357328026,89.48357595773393,0.0
2271,58.80655152829826,-70.1597764480617,23.163718051215014,-63.81895378211506,182.4810917708357,-55.175522083045124,-101.26321544566122,83.84738664405032,0.0
2272,31.607766204239578,-17.75278932235459,137.23937803987968,-75.38877891541954,193.19491155813216,-45.67329855497546,-103.13889920289232,71.80528255617838,0.0
2273,35.12346433636425,-40.214335540354256,190.6601136837786,-74.84670674310483,186.1695115724357,-51.23894881635699,-104.9964538473607,85.19591997331192,0.0
2274,-9.433801683689087,94.92740106726924,51.11978172452072,-14.422596971501317,179.33209000893476,-78.7780138500359,-97.51437513502201,90.06892143724662,0.0
2275,-120.66548588399786,-10.486092226744143,77.5729783807485,-146.9565900651247,194.04294709308863,-44.7643992688969,-102.06634874145706,72.68606153891008,0.0
2276,33.14254905836991,-98.66465402347444,146.95777698079425,-16.069129176567778,193.24283061645826,-35.88975766844312,-108.68827647256786,73.06441564883454,0.0
2277,-56.57362800463706,97.48859277367812,-46.33802520445547,-96.84756699407387,186.066964813019,-77.48236422823435,-100.44896196667598,94.20009664710616,0.0
2278,45.81862509430677,-43.83719959996208,-56.51392610746863,-22.305728559621784,190.624784664325,-50.10431773687623,-105.33348534934113,78.10369660098122,0.0
2279,-7.921417343351999,-0.07463274680322707,58.189914757985605,-13.906226273989708,187.0369930727781,-46.14360706632044,-104.93555056609985,76.86247789260526,0.0
2280,-91.0778224923347,-24.058192759228227,54.497725242661986,-81.80697871285234,196.3590885215108,-44.41597626398105,-100.26930787406219,72.47751803674333,0.0
2281,149.49755481821484,-88.26472786662877,9.35765120940355,-69.99165492961083,190.1194888320316,-60.324534935564486,-99.76099407098592,82.1443345588454,0.0
2282,38.228201987302185,-21.84333696810322,37.70637151031996,-68.37987047230727,184.44666434179575,-62.42293804040529,-103.270614802174,84.80919406494708,0.0
2283,18.32447840031137,-25.76584969359441,99.96538491463221,48.709328572684406,190.21202051765906,-38.54647319333298,-103.03147688160132,69.3399208486545,0.0
2284,-92.21168705376006,68.94503452817922,35.41968219617101,-82.8768949777298,190.8956873405138,-41.12772995797144,-104.29778553695424,74.16529438445092,0.0
2285,-21.49956222624781,-6.037554947098944,71.32450977428589,-33.37169108573995,186.40717525844644,-65.17067690872011,-101.54955344523329,83.86696792344843,0.0
2286,75.68699505073731,-64.64112612324055,-109.31901568621916,-44.42062338407753,185.69406092956865,-69.22338984715607,-99.23604383865215,89.13001451871442,0.0
2287,-174.89952389432275,61.48255622231298,76.52372609218905,-96.12933755830979,180.29129875642025,-73.63096886678812,-101.1648773221257,95.19016057757537,0.0
2288,-61.03759657976229,-33.18431235252768,103.4947783864178,-71.87769274979496,196.2103614163172,-46.62423791679794,-105.84076837895059,74.64884990961777,0.0
2289,43.7249612188349,-19.053414360700664,35.079407458110516,-77.965623179708,192.66377167448988,-42.42907375728043,-101.7312702531196,75.30369056918931,0.0
2290,-78.1573496321327,-92.86698549117239,94.90608671333011,-150.27936181615541,192.845009379226,-36.303242086195304,-103.78388870624052,66.61043242074781,0.0
2291,-97.94978387035971,84.48728284592377,45.272295935943056,1.0563633308032117,179.9412797743912,-68.858163273496,-98.11392518063103,89.6013663322659,0.0
2292,43.06327634412943,-45.05647525180941,0.19528915197156715,-38.787984481613556,187.78890342911902,-51.74362647169587,-97.85438385839728,77.59728938648045,0.0
2293,28.920933437866857,-21.467419678952755,35.932586643645166,-40.590228337488924,185.33760744784914,-71.75128433845155,-98.59157448970035,84.69180348218597,0.0
2294,1.5169901889271031,231.40489281233604,-19.27410531876548,49.11289407537499,180.92020695669137,-77.37872368199287,-97.27236647064767,94.26607018919854,0.0
2295,132.20430758110447,-71.43186031011044,40.73602803150339,1.3106963324019283,182.98123071182326,-59.66562698001819,-102.46986191606644,87.36179640499289,0.0
2296,30.760625133860774,-41.36218390666259,-5.151055872188221,-17.871394549295506,190.3920432752399,-40.02744413077578,-101.89980547901305,70.69428061968614,0.0
2297,-22.739678545424532,104.80763748148169,39.27610087464415,-2.6468537424576057,191.99156560088053,-38.36576191822316,-108.47108855439694,74.01377921298415,0.0
2298,1.6966485031391643,53.57137630782839,-70.97046079179651,-113.30262376456939,186.1573724164921,-69.39573672289276,-103.42628126497844,91.50232858091854,0.0
2299,64.5176260648978,-50.51769784283382,-113.0760468301836,-27.95888099320226,194.62386968643222,-42.40315928921535,-107.80447807858857,76.98952156125077,0.0
2300,44.07131920471258,-86.16674786403576,72.66914434191902,33.78664473188634,184.89979377593662,-62.888403510595516,-104.27429964971112,83.63258795534979,0.0
2301,35.81848939364615,-85.43387729247094,5.550046683178566,17.722020227539147,192.58656034074863,-50.747800032147914,-101.76108104813395,75.53806017056107,0.0
2302,38.95291291284177,-37.305721607874425,-29.845591059326114,-27.397429438689713,187.91940995440945,-62.57794479857446,-104.41650327383242,83.05040908369571,0.0
2303,30.420142043430175,-61.51150830806403,146.84953209047978,-25.220724915985095,185.59500449140614,-60.99897605724587,-101.36850402629817,85.81157600258669,0.0
2304,-44.139537700591184,-87.98081230500235,83.40019821465181,9.096654112094182,190.4560310441443,-43.1453000872806,-104.32383811917062,69.38374792107916,0.0
2305,4.148006034576957,-94.66998657154433,57.473925526012536,-101.46947456731125,190.4414734355259,-49.86320070230169,-106.00816638672973,79.60114922264444,0.0
2306,56.321535078864294,-39.16668859189326,64.76387574891768,35.23543757199613,193.22939825935296,-39.04119122252129,-105.08198280631125,71.52523422022276,0.0
2307,28.306814349578225,16.85717179020876,43.5723852206,2.2615230967209854,189.18394740885543,-67.22182006070582,-102.25583127732332,90.59854888860598,0.0
2308,-117.45187968360695,48.19673585511821,13.951728257849075,-70.88629316588701,193.8614404301532,-46.454559954300635,-101.7802390553862,71.82628240864588,0.0
2309,52.90954812259259,99.93578470751508,-16.23031866597452,13.332700370434248,185.9998286836517,-60.996993129705054,-102.66609978500561,87.99715337614202,0.0
2310,34.22307499088835,31.118375009563408,73.90298341924269,25.78494551207059,186.90563471396322,-56.62760348516875,-103.54352752292687,85.03859934824132,0.0
2311,48.160504331048756,-57.02301462237245,151.09254879922904,74.93191406758058,186.9799086513703,-57.22847236141976,-96.5231868194893,83.07786726001976,0.0
2312,37.78693210228247,-85.2433403395444,59.74273547731719,23.91451936626784,182.50083506327303,-58.33182186328488,-103.38902732058578,89.29228072005812,0.0
2313,-142.72589053567407,139.26891103259265,5.474952787467668,-62.09244752833059,185.7492411196752,-54.08792100693772,-98.23499963572392,75.41786455730025,0.0
2314,-50.835867699130986,-122.60548216609206,-138.16267534868572,131.61449555664606,183.12098989344128,-65.51036722473233,-99.7927263387281,89.67582348157805,0.0
2315,46.89632956852165,-47.46508305705574,200.66415196187702,-91.99909514717477,179.84930890158384,-82.21881232996137,-97.29746639671538,91.68930876399965,0.0
2316,95.64283112711594,-72.5272372980051,-4.9694328286940035,-91.04468879933131,186.08252234412453,-42.67837611675809,-105.40505186698098,78.98246260929324,0.0
2317,69.95054345940028,-16.73884646141468,26.687070662085695,-118.21897177004404,191.47856850186207,-54.784162941649,-102.5564484270855,79.3424022500001,0.0
2318,17.924283452021726,256.4860814674198,-58.20331105752473,105.7567274759172,177.04563568067945,-67.54180671305437,-102.33341680219702,95.43773430815735,0.0
2319,55.103996339879025,-38.71055760184919,74.06274810091531,-87.2619661298891,178.5437285179009,-64.47987817184118,-103.54925985733335,87.1110403104501,0.0
2320,-45.65401287112154,43.66937922540093,33.17096059385999,-53.78365450758466,186.74739378888657,-57.85572909850653,-104.21704950802109,81.27271028164532,0.0
2321,10.631127723067546,-22.047643353364066,39.90840021720852,3.860322210697259,178.6098256044193,-76.23348157021644,-101.299704989878,95.31989943680603,0.0
2322,-75.36745088086843,37.48962392764138,58.33531504446393,-20.082142176091054,186.6887546993618,-65.8964499018457,-102.70947981115636,85.1340548863985,0.0
2323,10.245234233377376,171.89701449410418,-14.300096155249086,83.45726692507141,184.28286971371975,-58.08031841967137,-100.12749383513616,82.88632576214279,0.0
2324,-17.136217826555534,25.955149359753086,41.57554223258763,-24.515455539837124,192.5028308333479,-57.7387073397244,-98.50532487134318,79.49684545840492,0.0
2325,26.528479001184174,-56.790709018174276,-2.712267288853015,13.63568035966598,194.81473770722314,-37.68618069737262,-104.53036897928162,69.86592615927925,0.0
2326,53.04159986879452,-15.547374651075973,10.110169832621013,-29.937524927378185,192.99517274585574,-46.87220906566056,-103.0201286859536,78.38802038213792,0.0
2327,3.8723493512002163,-47.75584511386073,94.90258966343174,1.9695365514447727,188.66232923111755,-59.05740072304852,-100.18711111371653,78.6965790671858,0.0
2328,-108.94684631564337,56.21969950149802,100.57774226552993,2.8001680603882417,189.19225999694598,-67.15549206097198,-104.25565322893218,83.37778162145912,0.0
2329,33.67612433183031,-43.17380695802139,125.8181608936332,-63.357089254586754,183.45053958608577,-66.55933521810927,-102.56977468342117,87.71460748876257,0.0
2330,45.9445255825331,-143.15950872902147,63.960196168789395,-89.1532183613947,180.42141667896075,-65.87846557846116,-99.02207583577295,90.06978628847756,0.0
2331,-208.94763295520633,108.37850604061163,59.15417363111906,-32.71403570904924,179.2843866489707,-86.52281896807659,-102.63965201957834,100.2986602507619,0.0
2332,-65.56285246097318,-112.54127903832595,41.00121217946948,-112.8969338877694,184.5210730135168,-72.93293293917924,-100.22008995922022,92.85843022032965,0.0
2333,47.43797111592063,-59.304040082002096,38.98137213880631,-29.725087552218643,195.10157628181935,-43.35057851377944,-106.96054565569982,74.60831627307684,0.0
2334,94.94910397492029,-71.70876346646314,132.5678820528356,-120.91631778631731,177.15821842323368,-77.70951908641783,-99.89483051979396,95.38173998136044,0.0
2335,15.322081856339478,-30.523881234965387,80.73653353426369,-49.439316179869394,184.93892685051944,-64.09888565875146,-101.18004153475522,87.73098538684984,0.0
2336,5.372213410563104,-50.48160089954836,53.59130373466381,41.91715642768027,189.0606517693368,-59.832093711683825,-105.17915281847182,87.69865837222873,0.0
2337,-130.79547788000235,-5.369564420586103,99.1525168076073,-60.512504765569645,189.743720036702,-55.195146991870516,-102.61308042886448,82.01700398242774,0.0
2338,6.510900274291586,-2.874986837675042,119.21886747975404,-38.111151582789034,184.35085635856058,-61.085639384581015,-96.09099825727141,82.78343003916218,0.0
2339,40.77080824179609,-27.4029908620152,149.90790451535375,-79.5683344644506,180.21937023203085,-72.34340552915984,-100.59603504158689,90.38813114267927,0.0
2340,38.782938610489644,-46.583407586398394,164.56119903765222,-23.75814099868067,181.57753557292546,-69.99762264554298,-101.22546358099375,82.31662324830405,0.0
2341,27.37605807444856,-44.79277519941544,-6.255567682980506,-58.20472540623845,194.28075253757203,-38.448638962381814,-110.42610200353788,73.55380760813316,0.0
2342,-60.20210860005175,137.6413609516455,-23.621653920121144,-51.20492289765104,186.48809873557326,-59.62015279803581,-104.72960564336462,85.31217214695855,0.0
2343,21.561813261115255,12.567044070290267,-27.89970140112836,-68.53982833463569,185.7365071481533,-61.51837194650636,-101.87081376272187,87.84082705688937,0.0
2344,66.75199263202454,73.31427972820306,45.906477003768366,110.19126424272747,180.5384414327837,-72.94354929689936,-99.5253598015444,95.4685020448876,0.0
2345,103.9044097971538,-84.86950716533732,-38.302606401818316,-18.63943163871424,189.86635349088542,-51.271789833700176,-103.38231741162355,79.2004446322008,0.0
2346,68.74557323431453,-110.19801925689012,35.42264658130492,32.48054728564357,182.88196382987599,-70.21789764453558,-97.59556222012829,92.1368155321881,0.0
2347,13.855399212677643,-42.832134365699645,-61.80373643463959,10.026627174251784,185.87789126216532,-68.31494196494148,-96.42785184968938,89.21192136492883,0.0
2348,-120.73128076848651,-22.652741819988808,49.72015014656958,-136.3008338577473,185.4238768168496,-60.011103241775686,-101.52745405283717,84.27996451221784,0.0
2349,38.08994852663202,-98.0082064613917,37.93448863127464,64.47611021290345,190.11866263666772,-58.73125893846626,-99.94716668601637,84.26713195106508,0.0
2350,29.771942728952926,210.36287851523045,-20.54926245762544,11.39697496591549,174.88992560409443,-89.474120131095,-96.78402500249715,102.0581381144151,0.0
2351,76.32351587398838,-34.45038648019077,-10.647275283865715,-100.80102506995378,179.04952628466384,-84.61703887510126,-97.19175786240659,96.82433179588672,0.0
2352,46.958614465950625,-47.2669019084956,5.458616605706624,-65.38986982083085,185.87071440478343,-53.00947366005816,-103.91442218624209,84.28548838657181,0.0
2353,2.2823173223364526,25.16588275058449,59.29087938604505,-40.47246953057141,194.60177864451146,-49.44257893916188,-107.20630879481504,78.28126535334346,0.0
2354,41.74661014979092,220.4815889647205,-49.9583592013963,88.29844965030047,177.64455467165232,-80.33580937698724,-95.12814140353194,93.62415554939201,0.0
2355,-4.772198333349448,2.5937680836385035,54.37705197232655,-69.39573362561346,180.15332299078682,-72.15379933876314,-100.73891295612393,96.42621848617132,0.0
2356,-134.58261563981858,178.71386119311538,-44.93583118400236,-85.5309192526826,185.89278053640174,-66.4464115518812,-101.34832735850581,81.96723166908995,0.0
2357,-4.256530179725715,59.522494257020256,64.60348006958378,23.17731817393075,182.9830043195153,-71.28305923544345,-98.0631057426202,83.33476506583932,0.0
2358,-34.88813401882677,68.48216352159979,-68.6985884983667,-70.35907466293244,186.36524330270427,-61.28429492866435,-104.19388673129508,86.48332635732109,0.0
2359,35.410570585094575,-34.26067777975737,126.29921120423515,-81.24447386757905,191.47990225078826,-50.40632627228392,-104.65153742432311,76.94999413340115,0.0
2360,22.511951364707176,-57.25512252397693,81.74723533262748,-4.459069807405452,187.87817972522606,-49.84659027318614,-102.48094615503787,72.64737924282568,0.0
2361,37.313505004432415,21.701129439433156,67.58888040012755,27.767588070865724,180.03665131899896,-68.17024711602329,-99.97546303135098,87.96483531208578,0.0
2362,46.18932568319644,-41.84928266182506,-23.619450977567325,-50.176888915974416,187.9079468272674,-54.19212073270753,-101.35529941794555,81.9988453365333,0.0
2363,-35.01753885998984,66.62552934424527,31.771548445559194,-0.46963269760588733,185.19414451332233,-52.6943919995337,-101.51506179901104,79.34769707167544,0.0
2364,17.747625850749905,110.91085546025971,18.311981231520136,55.31890056694885,180.60688291915073,-66.53285961806031,-100.55217597340038,86.26697036139527,0.0
2365,-19.619022033888324,54.73950385614836,79.00828053588378,19.408655263686438,182.72244134451978,-82.38128875659845,-97.43872063760833,98.31905104300786,0.0
2366,50.32845354446044,-33.50351444156567,35.469961853706266,-95.6935668472373,184.02326574912607,-55.16408051210806,-98.76797243137301,82.20268577975338,0.0
2367,130.1562508548808,21.67533905038612,-44.96996605323509,-51.203330632393985,184.62734061883455,-64.93589022448464,-101.69769047262896,85.65828477617997,0.0
2368,64.97442288271425,-67.86841774361096,65.74830597631505,-42.041552723106726,187.85768548248964,-60.247019910525,-103.77112439122477,81.60146794392446,0.0
2369,13.31428474224634,-6.593807043798384,124.97235539428868,-61.34358466383427,190.414765086844,-48.46331850268707,-102.90648946823957,81.69687841542647,0.0
2370,18.95014110985585,-70.38122083326618,11.163028740492582,49.79223888945341,188.43585018639305,-55.995356200344474,-103.53998447879552,83.16757675583465,0.0
2371,-45.22646552205548,-17.441670584566015,96.21073239611371,-7.1158447284855155,179.35884539621674,-74.87012234334463,-97.4745748578071,95.42844398517724,0.0
2372,-27.13897169852987,128.7553285889441,25.658993166561338,-35.62096851275926,180.17568859809626,-79.55164782862721,-98.12647197470172,98.33790409349274,0.0
2373,34.71025805110229,77.22858602209651,37.25092179619989,59.24198988212903,180.43213416037966,-84.66824310412011,-96.30067787914167,96.06681684008281,0.0
2374,-177.39831546374265,-70.46090413024181,143.8738518786246,-29.399063757537796,191.39514390284185,-45.99737814008601,-102.77421229439956,70.05013986182692,0.0
2375,36.047747570009165,-48.067846956664006,15.805117822280202,1.3582508859973585,188.05596789495638,-56.934295390805936,-103.21234378963989,81.95708435274213,0.0
2376,49.96777536049711,-86.01298922412697,127.16975528087518,-45.99010929333992,196.1210916748567,-29.73972173063348,-109.54506404182885,72.05139897593003,0.0
2377,-73.57467317909698,-171.0097662318377,55.55242218615422,-167.31168368752307,178.7098345401318,-68.02336935834195,-100.21633160119083,93.08192871003206,0.0
2378,71.94492844470808,112.35993223910654,27.34581056866577,26.912407742317157,178.69698325429906,-74.07345281159085,-96.27791494578305,92.5574777154145,0.0
2379,41.83105067080785,-13.023680202100604,130.2943077156193,-115.62075338975424,183.3583151575789,-52.340972919056654,-103.4617193003231,83.6099873822176,0.0
2380,45.6963991631532,-67.66982941169401,-57.372867299896605,14.69812874539047,185.521110646665,-59.665079541214176,-100.76322419954252,83.13970405956425,0.0
2381,-10.11054506247625,-21.460322486313945,61.645397936502214,13.161063607209522,189.57170832092393,-53.482002656658935,-107.91214229389487,81.38888109994133,0.0
2382,2.4077396132027196,-15.792759459245623,64.46490572267581,-7.344381075948997,182.69924049621878,-74.37149379747807,-104.81890676455674,95.88795841557037,0.0
2383,42.64390089640949,-35.218358149877204,-19.39120937382741,-0.5579037981833013,189.7041537320405,-32.71136203957622,-103.96093413666252,69.42654002033368,0.0
2384,33.94972922083088,-15.267727309114026,-79.21261260330022,-30.089282798284856,186.20210227401844,-48.93363591649015,-105.3324850526205,83.30814352106968,0.0
2385,37.17151652980228,13.117136789843586,10.686253110432014,-77.67486623929003,188.02339336005943,-52.3057761215766,-101.46648896466094,83.03050523252692,0.0
2386,50.227254108721034,-61.99215191549457,111.50395476302188,2.3754150133586727,184.3578537994382,-65.56912259098404,-102.40929652410199,92.30677872887722,0.0
2387,-71.97926101392528,171.2887438707194,-10.067109726664103,-30.575812580582785,185.2621561074123,-74.46900831245756,-103.32602466892081,88.33922040487718,0.0
2388,75.7018439874489,-103.27311523314489,60.74926776135343,-46.23180537968668,182.56324297974783,-67.29691666529042,-100.55591717762054,87.45515096394291,0.0
2389,40.07652188432621,-71.28994559202143,31.793739244125792,33.46329278376494,186.78510705067617,-59.51933300778772,-106.14542569415083,88.0060829074407,0.0
2390,38.195846487101946,-59.46685122939539,41.71247898400132,15.113097388091411,188.15685811968098,-57.32567380609932,-101.07997979737983,83.81884275334723,0.0
2391,19.154653855546623,17.668455397405282,-91.93546563589116,-33.71391970562122,182.05406579918633,-78.75844819104526,-101.98336855116759,100.11814049103096,0.0
2392,68.18774400371723,42.182470483955406,4.393954916134824,-75.74095658320006,186.6607715261162,-48.33457286259073,-105.44858908408094,78.83454193920231,0.0
2393,-2.907608132319295,47.93022792283931,-12.780028180702352,-49.90796120250579,182.6187448055972,-74.01256491147848,-102.99172676479895,90.82696280616386,0.0
2394,79.51975367742835,-7.922101305493634,76.55277113408978,37.15782127608024,192.48492945941854,-47.89866714571373,-103.65321693603089,75.92465867556987,0.0
2395,29.818922082457778,-56.58335175994487,134.56694272448294,-27.467934469663113,190.09633823788377,-52.356185520420496,-100.93220028752674,76.83215090612445,0.0
2396,-45.97847845265638,63.74553211487157,32.73980934622085,-35.583970590731354,186.9739162574188,-58.427698072069404,-101.085547650794,90.1443589003882,0.0
2397,20.83810812626156,25.81801638337766,-64.75341364100427,-69.31833275781996,187.39741298015232,-41.33437705437302,-101.87663614779001,78.0195370052969,0.0
2398,-1.2309506975458961,11.889043389358523,42.49667784733232,-50.37019640394309,187.54232807426914,-49.48976832532316,-105.2205769076857,82.2756820727988,0.0
2399,24.42063703508289,-6.415380732208709,-11.248088072788743,-36.47213932173635,187.50963809416407,-56.141646368227725,-100.72472956119255,79.10567167763287,0.0
2400,-74.85720746546917,91.05336284974965,4.233841598556232,-85.72369191985396,190.19782978137337,-54.53703814810192,-103.33730071033682,78.83943594951371,0.0
2401,21.303659061578216,-54.061271430615655,-38.064379522981895,30.403147091566684,191.61846994657654,-39.76549132654142,-104.5384439833789,71.57419471210036,0.0
2402,31.27215810513987,-19.270841238698956,169.96212622389555,-133.99090803813905,182.3152372450686,-82.67351805987505,-99.66271464131552,90.835824314363,0.0
2403,-32.06282308060979,-4.612951457546472,15.703813055079413,-76.54705216753031,182.7867289065608,-44.72639330818013,-104.30440922538793,81.544367156924,0.0
2404,-39.70937765758114,-105.23664764306734,-70.80875294793853,46.54396822532846,188.78340297245177,-43.93576038241619,-105.24513037710189,73.83743876877662,0.0
2405,67.52470304039402,-87.58574886836084,37.55300615023215,-60.58246866738233,182.43815018765758,-63.52813778124336,-99.30257536707721,83.91466929041734,0.0
2406,-40.576410901300356,125.67975450822728,121.50132634874127,111.0722632417598,187.04890554424378,-45.39813311396351,-100.15400290953131,78.16047376740335,0.0
2407,-28.581750823791463,-29.19647516300663,76.10249485317149,-66.73791878198669,181.42987636856213,-76.78766790782524,-97.0710045144662,86.95579018161952,0.0
2408,35.932152353649194,-72.89105707967988,135.73629732399942,-20.329758793266056,175.50011999292306,-94.38074393599081,-95.82801519544024,104.79887707565985,0.0
2409,50.75319884044632,-75.84950707394353,25.50458185865348,6.9110704453736185,185.86568012968365,-62.34391136207197,-97.85988965898717,81.21304872424024,0.0
2410,-149.1669012775844,72.73763681333048,67.05332870839374,25.904668418180222,193.12301004205824,-40.96911258571481,-104.51376086787045,69.3444464117366,0.0
2411,53.795728464660364,-7.543358111088838,-114.7157275120215,-79.33975331991067,180.51763021038036,-85.92322128196948,-92.42024119986817,93.76446134584087,0.0
2412,46.02411829853362,11.803155710998087,10.820157224889748,-142.9570913348027,185.31540891499736,-61.62854653514314,-101.57679566558193,82.26735946901715,0.0
2413,13.543405181283838,-2.947187558617798,63.60635520623787,-27.69476123508249,181.90909182563618,-63.97134808677108,-94.32895201474044,80.4449136245793,0.0
2414,14.299123740783726,10.377039211384076,37.505652253696425,-72.27109468392347,182.96105832971497,-67.50224297412444,-102.33639471675127,92.45135409806785,0.0
2415,30.033205140858527,-42.317673902504794,-0.4082192311801125,-46.26984136599899,191.30665753585527,-32.49035806440874,-103.69482714396206,69.23813034887235,0.0
2416,26.882838947803627,50.838218025277015,68.47553756416576,-158.44947416040742,189.4226912644781,-39.50750692044764,-108.69926999819437,77.18120794279959,0.0
2417,6.566478670523379,-56.995208869409375,173.09794403070237,82.65055044832441,188.62823095305964,-60.75809130642454,-103.53033726754524,85.07147654235071,0.0
2418,34.743941710015946,113.94406695231724,43.26499129263024,59.23140823032741,190.5524227961682,-34.73418330475532,-101.39044359766567,70.5833837431063,0.0
2419,-34.1971899395577,76.02925418498214,27.245415159512326,21.107123683722563,188.98779554654558,-64.43655396221011,-101.05732370420353,85.56425205956141,0.0
2420,-26.999739230803886,67.22453440501471,35.754655708536426,21.174909624511816,185.0821024700624,-59.530673348472895,-104.39268008683395,83.26606015009163,0.0
2421,8.537861518927926,-26.17923780146526,-22.786051011339215,-17.172518241526692,175.91162151655672,-92.99705954991069,-97.90048750181596,103.28755545654585,0.0
2422,54.92809860771266,36.60149052001371,24.28006249360949,18.155366007714314,191.08553268125956,-43.78303350191804,-102.90221300330292,73.46865297685534,0.0
2423,42.449185607012005,-29.530805611363586,-30.026189794538418,2.312159164244548,183.43329834816328,-61.51015579474457,-103.18496552980447,85.74813584243564,0.0
2424,86.26624788666248,175.09829821768113,28.69959934153349,127.93628498947578,197.48833354595513,-29.238950646542456,-111.10444237690295,67.6243884039302,0.0
2425,113.5645176535203,76.18402980762862,-90.43526212157114,-29.357476853736276,176.64044817816506,-76.37093478644304,-94.758243942011,92.45325366656064,0.0
2426,34.10415187799458,111.04638753161512,-18.531961761515014,26.145437224871195,188.11891659968242,-55.304472466070024,-97.66935045052949,75.12999923004894,0.0
2427,-77.6967223059991,123.36578427259894,-14.868265504101563,-50.203312792097854,191.33166656515536,-53.65957634653885,-106.85483326850017,77.59192010466684,0.0
2428,11.149871416956664,-54.22937488768764,-12.017870969248873,67.14565572477464,186.10561828166902,-51.55006189906689,-102.33092831825421,82.44036805628275,0.0
2429,25.635464591889225,-26.044777053186973,140.37430004867105,-7.879691363936242,186.33606952494878,-48.58331833549925,-103.1132799279106,81.63268231273975,0.0
2430,-166.50101757985828,-34.181130705808194,110.55284187998042,-115.22658533564578,181.58079516391558,-62.84084693507727,-102.84694327967667,89.50910644239123,0.0
2431,-45.90888244544091,48.92673281524947,11.027647726201522,-55.12521167898379,185.73928612032765,-58.49916606877164,-104.13479734801862,80.44628878737336,0.0
2432,-83.3678672215641,-66.7019365925157,29.132827701548198,-161.95243531711594,185.56954771952846,-53.69530415612963,-101.87064118198722,77.41413585346349,0.0
2433,-47.05032729315708,75.64363551375014,50.8275714182428,-19.967624741095044,190.52800469691755,-49.42389648707903,-103.23872390546859,78.24707708014301,0.0
2434,60.201889233026286,-60.07688436642125,66.53795501324595,-77.10115221066273,186.22601053434906,-57.98560512311865,-105.59759058211064,82.85515204698993,0.0
2435,38.313286872586986,-81.94186426492911,201.255176313128,-26.397944258936125,184.0611690150636,-56.445433760304496,-102.77898260235087,83.58451952409295,0.0
2436,-67.65581330904642,22.614251329636772,17.166019459603866,-81.09131121576341,193.71374666718305,-45.0023907184347,-106.65227152031565,79.38084553135144,0.0
2437,95.2641560412071,-88.10554513879475,-54.220563066928875,-83.93843799493277,189.68009315823892,-52.84913882827807,-101.7603103688097,76.67864534403977,0.0
2438,-57.90178450379211,-45.15949641776038,11.323633399643635,-104.18362107968744,177.3750155178544,-82.01217635441101,-98.83767815985264,102.4127180678937,0.0
2439,17.047439746521853,17.075035985606046,17.797514501956364,-27.257748550686756,186.26193733538562,-75.14128574435625,-100.50860679477717,87.37089746764408,0.0
2440,39.85944265416121,15.852036449804475,-51.51737954785312,-107.58520949869524,190.1880058231603,-46.50949732168276,-105.41584734277065,76.51653810518981,0.0
2441,23.516991892713303,24.80447887160595,-17.15500452422891,-77.82922457607353,191.30417500729112,-38.90716073198412,-104.57924131530915,72.51412086090521,0.0
2442,142.3118966567358,130.70460622788005,-43.62179715504922,2.917495719248392,186.81630057115265,-60.0567792744426,-101.95315210845534,85.3025142374096,0.0
2443,34.34231390087825,3.762908975911344,16.900243805584932,-125.44600925985627,186.07760852647164,-68.05948474757085,-102.01869664783484,87.89431151392557,0.0
2444,-9.500412466270813,-67.44542877963934,129.2651427917328,54.673844903033576,183.81055836666175,-73.55967438558255,-99.93658659487687,96.0587672612229,0.0
2445,-130.7555045806711,-28.62542607512183,-22.61614273890773,-183.2125037710839,186.36715902594509,-67.67427048872567,-104.38119191467857,88.52387967442691,0.0
2446,2.0575933534529134,118.667672933846,-29.275828708431263,5.627358979237523,181.06458227346894,-67.49718609140501,-100.02131287136359,90.99640329425497,0.0
2447,18.494582352388935,-86.36256911030506,110.06106716080102,57.96760629073652,189.85212739926172,-50.03838005254903,-102.43618948150124,81.71460607107252,0.0
2448,33.425532052809174,7.942020494322261,-77.2643546256361,-41.910274180001586,187.27925326964169,-55.30302904785766,-99.83330209569912,78.75639174510705,0.0
2449,-12.316408231890962,63.46388986382547,12.28167637171863,-72.69323058623422,186.84242438815627,-56.687397259190924,-99.01846459253603,82.87994636225625,0.0
2450,-6.203537689928878,-10.436628634045048,106.8016947181729,-32.89847733788667,176.9090116159167,-77.99731115970857,-97.53215100625539,96.68530049141779,0.0
2451,-19.426782839134525,21.5396526179885,-2.939467650795924,2.4471041793928396,184.31948954787936,-63.892309915391586,-104.2904165132366,87.92005978855987,0.0
2452,67.75735369539824,-51.348889974917014,-36.26433217147059,-41.449715952660426,191.36236069278465,-38.56349223356445,-104.51070650644955,73.25367968275295,0.0
2453,49.19690193083088,-82.10119626820367,53.31582292715159,5.534243540726324,191.16512190562509,-48.64145907288731,-107.67738900119596,77.99047937821092,0.0
2454,62.49831984404044,-70.73910403682791,149.22333778040962,-51.2923656225536,193.88020817763018,-50.3320560700004,-101.65546144475658,69.6094660766621,0.0
2455,10.20768501833545,61.178190546188596,109.96629455018088,65.26026744289761,177.243671711111,-72.24745248762817,-98.31526983983522,95.14724841757501,0.0
2456,46.632621489693996,-84.48472187378337,-55.38386497447628,62.05319224674174,191.65717747325183,-43.65513281941582,-105.48194968134628,72.22160214054645,0.0
2457,25.22475424794796,-23.60782884303322,-46.707389268756714,-31.671060521594192,183.5288180050174,-74.34388797145873,-99.75519606930837,94.28822252479276,0.0
2458,-62.32404459527253,-13.227029023628823,26.60949587740804,-60.881929113579545,190.15489815344424,-64.06681372918348,-101.80094166449784,85.89479111045476,0.0
2459,-24.07195234529272,23.5553651936771,44.0207666846939,-39.606741597831224,186.83910704086733,-59.853496297450874,-103.07981573715874,87.52289234282793,0.0
2460,-89.37183339559614,-105.47052468913559,40.95135638420797,-120.11958351402892,186.06079862575166,-58.243311266468524,-106.27112728745581,83.90230547566657,0.0
2461,11.983844227164042,-3.668807019829451,28.528933237176552,-59.167396237002556,195.72231569627945,-34.714391700916615,-106.10691757649292,71.1712273094409,0.0
2462,-36.95530011287396,40.865405971379445,46.99347535005751,-46.459147494725336,195.05633252104334,-29.704233821375574,-105.06745258544771,73.24396436479388,0.0
2463,-14.59982398377157,22.611410327469102,49.37527387254034,-48.85975530909684,176.98914767589534,-76.80328788416412,-98.61622145438962,96.55260987720074,0.0
2464,34.26416518552713,-54.66232133304134,66.89385074372215,-13.370365358616127,189.73186557135483,-33.880053261587264,-105.94061776858626,76.64517449049924,0.0
2465,-6.723195766536566,35.674595131963784,-13.574650634250284,-116.43551468016527,183.3777264227309,-77.4628268897178,-100.39722225329571,93.68262531626635,0.0
2466,67.21046905926211,-111.06109576441779,57.93259348406748,-5.540744973965111,191.56450304459372,-51.58937665943187,-107.62943009294733,80.15272613766945,0.0
2467,-54.49186796094001,98.96508161157045,-19.316743559326298,-85.25478167920264,188.42142521619095,-61.204859706882864,-102.24130724508973,82.14172387504436,0.0
2468,15.401519478295377,-9.611261174275377,64.75908800585279,-27.738411872350966,183.87057863451116,-68.82342621836213,-102.37461387866682,92.18428887160604,0.0
2469,33.35890559572755,-118.87624586156862,79.86978682035597,-57.987433741222326,190.4238108630254,-57.110568310436435,-100.17129082824772,82.8270004784844,0.0
2470,43.900893633681406,22.717941560833445,-28.440476472619114,-122.19715169814943,182.97196062837878,-72.53031527619092,-97.71087441108054,87.64410458144224,0.0
2471,37.432714058106434,-28.742812711386257,-56.494530496333695,-18.982671464320443,180.47125250463517,-68.56529779388165,-100.77171801297013,91.89703341643013,0.0
2472,18.651207445295537,-80.22290011234259,96.03549403432501,-61.528754808928845,191.86771982501335,-52.979954422582885,-103.92253017388127,78.17625140658802,0.0
2473,-7.531409830012203,17.493672002313996,122.1716672284967,19.232144120536898,186.84280908727646,-65.38933163216866,-103.05107324227372,87.41373117649802,0.0
2474,54.45522114657242,-37.69254675281681,44.42716884938295,-54.5029421174169,183.51192930445453,-65.88863866627155,-101.93243436951643,84.51131526661136,0.0
2475,76.94093687044597,-89.86531582149682,-27.52329047733848,-29.330230752140185,181.4217145683528,-71.14213163504193,-97.95565294411742,88.67009826971987,0.0
2476,-86.37085468392016,90.44296106735686,31.016122578637994,-28.44995961320806,184.6430860883248,-55.339167203027976,-105.52219030492725,87.63163751305402,0.0
2477,42.000439221308795,-34.65092624969542,1.299216577882567,-28.766961605547458,183.97140413287164,-63.82637805012227,-103.76526974678058,85.53454709199778,0.0
2478,13.49365249819553,-153.2371596914313,41.345854041732835,-1.2030596814180727,183.5125929867099,-45.92258211191606,-107.74605161845402,80.55008652293395,0.0
2479,-14.640191824318686,254.82332435316715,-29.14699821815876,59.16865481545261,191.44274616198442,-62.31693698682053,-100.92276346553345,79.28652041889184,0.0
2480,50.978848824776556,-35.36331606968706,103.64133816462959,34.01949755089375,185.03712440522648,-48.08612930910519,-106.75786473886642,77.70632410293733,0.0
2481,46.789669101118456,-16.424623720000632,35.274545414769364,-85.46616918234304,183.42129035849356,-68.933538119907,-99.90119501304382,87.46867543489216,0.0
2482,33.11441601016581,-33.997984903412906,76.391330335199,-15.701162526880186,192.77510822044798,-54.000542103051814,-106.41809132858563,78.78552419150344,0.0
2483,23.711246093579824,-64.51042527854997,-33.255026728136336,34.36998568879929,189.03784242383526,-51.80614015699594,-102.99185451504214,83.19362768539223,0.0
2484,-74.2559897717316,28.69385724584187,33.317016037943155,15.830009204758918,176.75656867393397,-87.3454460976675,-93.80638396213796,97.88610280227908,0.0
2485,-112.43844847967436,23.465428805743997,51.67892193564422,-71.0248877873086,193.1006838815741,-37.24875445842642,-105.20049902688659,72.68716794717456,0.0
2486,64.67266501966526,-109.67091882032976,38.63537187545493,36.26337154414595,176.01527761448267,-97.30162327541589,-96.45506938478603,104.64179301583053,0.0
2487,4.088810561308054,-29.686432610180773,88.6828296239093,11.09141359442855,199.76032025891226,-30.240137040392913,-108.20600935015909,67.22880034183845,0.0
2488,-101.46034985234012,-43.68493541829377,19.87562155471969,-126.07458440845834,188.57187738591998,-50.10917797806927,-104.57665007056869,80.28961479640944,0.0
2489,96.90461918767497,3.439462862018905,-25.55476756616153,-22.219951832863703,193.29635995388742,-54.41986881903682,-103.36272540762964,81.56103496116249,0.0
2490,33.801346813768234,-52.27686839947362,-36.76046030007297,52.51026222921489,185.9851033302869,-61.50927652185563,-102.12760233148367,88.71797401979532,0.0
2491,15.2075589092452,40.024793859457986,76.98459999540412,6.460320101983291,184.1235850578603,-63.06687345250715,-100.9653438269079,86.99723802058992,0.0
2492,27.87459571443368,-62.866425260991086,54.47653123273304,29.969861137146626,189.90192007906418,-51.49558963235065,-106.6342446178696,84.00106439395265,0.0
2493,-142.74778160633352,-5.013891020513056,52.68532660753571,-167.8680752005064,193.12627503218712,-38.89886972330695,-107.84458667713172,76.10178905308722,0.0
2494,-43.97478230290488,-38.28556151714875,-8.068649742728178,-118.75329979444382,182.61989894562248,-67.31728811123959,-101.14658846881083,82.20411603249055,0.0
2495,40.12716688467326,-34.054757074371544,114.72732429524255,-71.84291896086572,184.64991803246375,-55.26512474244278,-100.51909739921155,80.29197058182794,0.0
2496,7.714644677707916,-35.156270396531006,166.84856368326763,-44.48696006015456,187.81046550868794,-52.822457619199255,-100.57676623101248,78.14863731495092,0.0
2497,-18.197029002095004,-36.31295302967204,76.09606593764035,-16.010673183599845,175.75752217339212,-81.10744567536004,-97.88966126674467,97.795540313233,0.0
2498,16.149429730985354,-30.815730270303998,54.28514409554626,7.578159527432926,181.54508120537835,-72.0357011914164,-101.24845379504073,91.9077328331951,0.0
2499,-43.67642714951602,-22.099615854291667,71.77337685902232,-38.30195966712112,184.4971138114063,-59.60057948187863,-101.51886149877501,86.37203162331612,0.0
2500,70.3835457137212,70.1979054706871,3.847721522929265,-9.630916262823447,174.46843191528873,-82.84961715028064,-97.94155467296059,100.74324945392203,0.0
2501,-50.97988548831631,69.8211821867107,48.62083190784668,-24.06406796285008,185.97779696267418,-55.04754911888346,-101.60822433968143,81.67351524548631,0.0
2502,31.915872950424546,-43.907703099781976,98.69187701574208,5.484112035338596,182.49939116841713,-65.15668006109267,-97.48591555666114,87.79266593358943,0.0
2503,-95.46139699238984,-14.069977560096525,6.409965273929258,-125.97574469231401,182.67161442841027,-60.446330580731164,-100.92653998499758,85.68249520461394,0.0
2504,-35.03174681937623,-90.06285615896388,89.52316128691817,-76.78286224295371,191.98333783087736,-37.158601287262876,-104.55316952504286,72.25151570130816,0.0
2505,87.25637334974721,-125.2145996570155,116.62406757309078,-79.39721013272776,188.7405139654535,-50.58153860483089,-105.104546712331,79.96386573165346,0.0
2506,-94.95352477813721,93.35263621676116,21.849353693638164,-12.778899403656627,177.0508204862542,-81.62145025684259,-95.3439007446184,93.68245241518973,0.0
2507,-80.38647163184626,96.22742600424084,2.8241675221980955,-41.57015359306891,180.63633920867767,-66.39392419906451,-98.37703726674823,88.77751455217566,0.0
2508,16.53225584206574,-38.049302759919655,-11.10599680214851,45.08437718567821,187.21956062449237,-59.75770095936307,-105.62058338455877,86.12086279995525,0.0
2509,49.49338528243368,-107.29762045002889,169.0595583582999,15.94569639692791,189.54817518855023,-36.4126536353704,-105.9008748016243,75.10053566472362,0.0
2510,57.90405297513721,-84.70476623625771,14.681100734380397,8.089120065780447,182.3924638321902,-68.5399960813398,-99.72357146069852,91.87156099009806,0.0
2511,35.108664438901656,-69.96040159968238,70.55810026443108,12.57711373781163,191.5831240487366,-52.59953507637152,-103.21521838449705,81.15351956911073,0.0
2512,-25.306374153924622,-12.337505182032022,144.39187491411795,74.42238960733903,188.51007594572016,-62.54042682991798,-98.46093501948202,85.22095293757506,0.0
2513,-63.024681124430245,-28.480197033523574,-16.120824416661446,10.843087336408697,182.48320429204554,-73.43023235505957,-99.26555247667753,88.6727112801938,0.0
2514,12.386429947272525,-22.77988458169422,-35.94048197024059,-1.0233041810518928,178.58632357259253,-72.82943733407544,-98.00895994775891,94.16082620206639,0.0
2515,14.594421082144462,-28.468685044342568,78.63279629643223,11.820421505868284,190.23844327180967,-56.074146688583006,-103.94524172386073,83.56199728959675,0.0
2516,75.1203262182382,-90.19473359413239,229.95363330339683,-89.67461138525582,192.23902982634593,-46.101575084444924,-99.26823257725752,78.98208578821978,0.0
2517,68.05670662116341,-80.20773790745817,9.448666889304652,1.1744547223696888,182.8256368086972,-76.97117704603114,-101.57673633914625,93.86491682597644,0.0
2518,-43.77888423815652,65.7851837001577,37.498782853799426,-57.06880979170077,185.58990783461718,-71.41347630985294,-101.15133728008045,92.85990711789982,0.0
2519,-69.23944417722717,-107.45814360046464,-72.75684181520766,70.26409391279805,181.92179037465183,-79.14940741951277,-100.17998209703003,91.73480988026323,0.0
2520,-12.117718488945512,117.26597985635443,25.427558669604792,-5.868109687456852,188.18360048996982,-50.96505920420442,-104.67031155028133,76.9698383861216,0.0
2521,8.861012120184458,-42.424139217243756,-97.76939945983902,60.60284171805096,189.73900208486106,-57.11859832903318,-99.17539380939195,83.79675500129461,0.0
2522,8.276501878130082,-41.4383533090316,-17.732111675565175,10.303781724021949,181.5008871302751,-72.78995131317869,-98.02460243494193,93.02693095752099,0.0
2523,-73.45397018875065,-19.242274673501193,37.152513008300616,-34.94369235555968,186.40142320604755,-57.51038867779791,-97.09203130263052,77.33285942506889,0.0
2524,32.357752668743586,-75.68277712423944,225.52686856451788,-12.71475104305155,181.32547038253313,-75.9765609821136,-99.93696718547419,90.49720793612225,0.0
2525,39.78915581168433,-39.63509645172592,84.66505325629564,-28.95906013493995,185.7160543909613,-78.25931825684916,-97.1817329130029,88.20464505452156,0.0
2526,82.71173945984367,67.60505602030027,-33.480536761267686,-33.99081507988081,185.36686022985413,-52.08216211879297,-101.09372685434255,81.39430103018537,0.0
2527,14.273077262661127,-0.004817009444513243,-0.16272951317800044,-8.057510009846592,194.68932848082645,-35.29706003199469,-105.34618693227462,70.10785548873756,0.0
2528,21.468749508568216,-17.58794219428138,10.929163770867095,-47.22848230447364,200.68180548233718,-23.646097966325016,-108.81447095286784,67.17806093646803,0.0
2529,-0.5695033638711489,-19.860463659529078,114.25504393722325,-35.195815892583404,183.3070729206538,-60.824247041675136,-101.67327091678547,84.67340275888186,0.0
2530,78.68497014665718,-83.56018363544904,-152.52494940684264,8.702011738836685,193.33179582014355,-31.893125614229955,-103.01739379627429,74.50843583702235,0.0
2531,-59.3936911071103,3.572926654395009,145.60841814659253,42.93428846589785,175.72881044467712,-95.47383381952908,-93.26610016394527,101.85475017565601,0.0
2532,-49.193093604442566,-33.24341270217018,175.41857847783885,-21.136223246518355,182.82717751169136,-58.42857684858974,-97.79250103522132,85.02648727481842,0.0
2533,67.88971148881652,-61.292085879654756,49.775953766508785,-37.07527922677079,188.80723026303107,-67.94926149939062,-99.82098958964973,80.96791646209019,0.0
2534,15.227656121293451,-31.53713566257631,8.63940340195542,-7.0191246780459515,190.9140471252713,-45.19376604290188,-102.29911431922643,80.01900002376668,0.0
2535,85.66225443538399,-99.58960032156075,-24.108194244996216,-6.813942899198411,191.64418845448387,-41.42842338636153,-109.6123951558897,77.36263741359342,0.0
2536,-36.39182043205582,-13.366665561624725,89.49996846637774,27.18522895332335,188.37755778178047,-48.09128490944306,-100.7219543500369,79.06767286710634,0.0
2537,49.66692430608421,-52.70272294843467,96.27638369550029,-101.16419133849179,185.3030283273651,-57.40325333002028,-107.12694752348618,83.59485282164323,0.0
2538,-55.23150612754822,15.641190718677208,59.79744877453308,-16.954568865814753,180.22543929985991,-71.64960750765579,-99.21937157838455,91.9017978426963,0.0
2539,60.284663880993975,-3.284969831230644,-31.232595675322127,-65.50553408573445,181.60256604473113,-54.95451944764859,-103.5301426557363,80.36067943718574,0.0
2540,74.09333386494146,-56.194950918114586,-86.69409750255215,-105.29261889606832,191.35345464612593,-51.252957640432996,-104.50960216752257,79.84029375130865,0.0
2541,31.226639935099488,-18.843375489272574,-33.69466144898291,-15.288892110216054,179.64167791668334,-82.80929994714486,-95.61687602719988,96.88831507949615,0.0
2542,-111.17291115480256,65.93073694979917,6.331371606073866,-139.97677889330367,190.81329356658267,-43.65387295438073,-106.14560759671697,74.14623034885155,0.0
2543,-33.45459795930824,7.238223236583935,99.58502282278498,29.67182667030277,187.70275032205,-62.721557104161754,-97.11558627876909,83.8631750297498,0.0
2544,-229.17608519772153,49.696004619376325,16.070251110187172,-185.63198471816443,179.1812879979996,-75.65231812557363,-101.1040987840463,90.59539158824577,0.0
2545,63.442700278026166,-52.59105415230002,89.3691981944214,46.01660677139391,182.27309656851898,-69.60891472624849,-97.0821585620301,88.0295674267315,0.0
2546,-45.2341793101823,127.17254560073424,9.00773323257546,-86.83999749196094,178.83764063908566,-72.30152741613794,-97.25704859087628,95.75647856291421,0.0
2547,-174.28814024277614,68.09738042831796,61.22951080536243,-66.31836013032988,185.8367004244679,-59.792332436317444,-106.46849241442895,83.34723611696955,0.0
2548,109.00354962221508,-68.33277778477141,-50.26339468933171,-122.62753789500567,184.3046242162151,-61.69029082561883,-97.99440184068689,84.78023213304024,0.0
2549,-6.6180632789748675,23.231018657168434,25.241182095773063,-26.19695866165404,191.9948179450018,-55.37457236947716,-104.74919614974056,76.51341673832623,0.0
2550,-39.53406339266314,-17.660953929536582,55.59983049412439,-100.2023545127526,184.24218762776977,-56.386579002747105,-103.14425875911154,78.87404923312046,0.0
2551,32.008892813041186,-37.88935420148232,101.0856635938179,-85.60172698112902,189.23874895213567,-43.279784000617,-103.81279672062381,78.47848881990136,0.0
2552,-4.208384678602589,110.87434806410839,8.660254802901402,58.70657524016774,182.39399289753513,-67.93072431042808,-101.16437952471584,86.65803018604076,0.0
2553,-41.359690649284545,83.72473181527683,-24.343334446798348,-33.39764868306169,186.71815479455054,-76.14467771464317,-98.93460600515377,90.4509110540822,0.0
2554,95.85266309483946,-113.55440655787517,38.545135966263196,-60.65220757040631,185.32933517552547,-55.971160571246244,-98.21250258294869,79.72739274466679,0.0
2555,29.03620968317239,-17.269196873674044,70.9827313296407,-61.46664791306782,183.11415609472394,-59.863223753964654,-101.80027736122813,88.76041330171113,0.0
2556,43.86857204590548,-68.74128760118653,34.452868115848545,43.77799596177594,185.07026308982938,-60.42079193036065,-99.67385646752706,86.7040566724102,0.0
2557,-138.2510274848235,-5.965173394187678,23.07495286090729,-114.11676110188563,186.58428436465934,-73.11074855613212,-95.22884639549953,85.88940126993431,0.0
2558,-36.94416611360614,-77.96947515959027,-5.367533500150606,-179.99369904978278,191.1518506998833,-53.43771603882879,-105.47527513192418,84.07942842729247,0.0
2559,68.87141342294937,-84.30919304343438,-24.62601507030655,-62.5016415363594,185.3259929752187,-53.650950932963404,-103.67652589408709,81.07051728522266,0.0
2560,-26.346519646377132,112.35596776876608,-84.37224180942151,-101.46618696252021,179.62438657523302,-65.968159321243,-100.2137192868591,93.33354412184974,0.0
2561,41.93428972411452,-4.033391170957573,-25.704349809426198,-85.06094493076884,188.76321967033292,-39.20182980858017,-106.11197253025253,75.02647603310263,0.0
2562,51.85456609276389,-62.48589970783104,38.86889106898211,-64.3189351450206,193.19456939792087,-45.63061990346423,-106.82772326525642,78.06256301060482,0.0
2563,-37.750771440073635,-15.968561802807502,10.988690531036704,-118.55081841523476,181.68721347207588,-74.75848157263704,-102.48133274019662,89.99458584116698,0.0
2564,-28.986137108790466,-119.53456839888771,31.748269921757473,-159.11525887236445,191.63100110322452,-36.52054421813328,-108.83979206384005,69.64847873985626,0.0
2565,48.28419581574565,-73.50307768526815,14.485209350579886,61.93459250736325,188.46737205640596,-59.67054337286889,-101.21124534744285,84.70432922678904,0.0
2566,34.301502007780385,-42.928989241226255,64.51057934927482,28.019292802663287,172.9181127213013,-91.38745442071075,-96.20039033329306,105.8048704469413,0.0
2567,-56.76221896678302,91.16306955638073,55.789132650768245,70.62419430921531,185.35066813244637,-71.61983900808178,-101.18701822274113,91.60177776222972,0.0
2568,-40.307579450714194,136.9442897645568,-4.632226849178933,-1.9754740439358043,182.43172642094117,-68.13420567208132,-99.89401460169368,89.59761755541349,0.0
2569,-99.48185489383101,113.07912531295563,-23.420839600775345,-19.572461621325967,182.53732761195005,-84.17927478052047,-97.843446294075,95.73569286609592,0.0
2570,-35.47811364691375,35.24462670697683,96.39083104494294,15.896397545778774,188.43829160430803,-59.94278312247977,-101.12978526872979,85.09178326990728,0.0
2571,-76.68508781186904,47.08708129440577,77.54114700149628,-14.275981045487548,185.26495285995992,-63.31505692823536,-101.97434129731704,90.44522668455743,0.0
2572,-105.34670603791997,31.577219245220878,107.38117415707886,-19.262761122994863,198.24397554933554,-32.609114576363226,-108.0772876487635,63.92883337503061,0.0
2573,19.92462222894258,-47.04465495423723,7.649196802788266,16.11094626790023,182.8725840666153,-75.49316320647715,-100.7680631051111,98.44152105226738,0.0
2574,58.88243702309133,-67.0296198298852,41.40800716769446,-22.868566706557655,182.82449380561886,-58.72035054607045,-104.94367676787812,87.1146869042441,0.0
2575,-26.83286822532726,-83.14107957015537,53.62757281293864,-138.7752436318613,181.38179542700328,-63.07363634103353,-103.47459694136495,91.40216727381909,0.0
2576,-0.5957956374705697,82.26574847697216,37.566570483746844,13.005169527379312,178.56776367410384,-90.80361605149758,-98.36164422295097,98.49398735803439,0.0
2577,32.44981364478237,167.02381023450303,75.81480904517744,101.70189096141019,176.42874711933123,-93.45192669723852,-95.79355743978275,102.34195311151993,0.0
2578,-137.56635668332387,-37.62540467321632,135.34666451064157,-13.061114411042137,179.77045530948945,-81.50918426133248,-96.41048102957895,91.29225172899108,0.0
2579,18.82425244536529,-48.75974495126704,-37.2624316164824,31.77462773418498,184.31530819546012,-59.88694948302999,-102.90347787984474,82.58885573867688,0.0
2580,45.62661947040115,-127.97976584112467,152.31649327368154,57.34373395466362,189.18469116197647,-50.97988663897353,-105.31341269104067,81.2229253576352,0.0
2581,50.881262076991504,-80.68971641987392,74.41825840899271,-32.024336020347974,179.47108847407858,-72.696426288271,-95.54442178434707,88.29125098884438,0.0
2582,-87.88600019734481,130.80595179954523,63.92893521957066,32.897427739053576,192.84487202397685,-29.555909985882526,-103.08295215794739,67.43861710142963,0.0
2583,-19.53586761203361,44.97998156128066,-40.99153652881602,-70.57328419880244,186.58081871961411,-63.88769176844493,-101.00178297439264,83.33420267942041,0.0
2584,-30.032762821162823,39.273871702834676,46.61236909646202,-62.089476249534044,184.5330782954368,-65.57284243441416,-103.19665577351819,82.7744447447251,0.0
2585,59.43044676196775,-33.35092465273762,99.59647202562543,-91.5670459534612,185.10169238227584,-68.35199937018689,-101.72216573738328,86.61440533833483,0.0
2586,55.47778235168296,17.88364457956846,4.2644058034509325,-56.11808990692862,182.32726423639187,-78.14405430915185,-98.99330002249361,92.76881941080286,0.0
2587,-109.03012174187721,-148.74278005475128,106.61425875965386,-129.8250121863732,171.3867561612712,-91.62437922709582,-95.17005479815201,100.86917978232708,0.0
2588,-2.8544850667670763,37.614539847607,23.05554496439375,-34.11356517957558,185.6218957388727,-66.73943716526692,-96.95257180857948,84.54161767210647,0.0
2589,6.760660725572926,-35.74099160528152,33.192690652272425,30.912841879150164,179.5398583198928,-69.36158585937822,-100.20445872611441,87.12199283555933,0.0
2590,63.101746681899954,3.4386996952727844,27.47516149920537,-177.1941952871253,197.23666582226105,-19.92654463981745,-110.85931165713396,66.01782770530208,0.0
2591,40.91598955933454,34.53507465915513,35.31380627095973,-147.03986312070592,183.8553279129816,-67.94096608000312,-100.85940787321856,89.65541872170357,0.0
2592,10.427177028754214,91.18962992503842,-21.717272897732375,-51.84249290275987,183.7132486725388,-76.55938786719145,-99.15588309054188,88.66169705902453,0.0
2593,31.270629764913355,-3.4366761931985734,29.538787124639498,-91.99211773810812,191.0209691319974,-44.96241863557893,-104.71208452369771,74.38506944720163,0.0
2594,-128.0198683810254,43.057814542527,74.39902941652092,-62.74025535560648,179.28625838983174,-82.30501896772331,-97.0775545152632,96.26664500759769,0.0
2595,-1.4829077041304428,12.198195320452704,-91.54368399063712,13.446939309323902,184.11642519226905,-64.66868694456944,-102.52616695727022,86.86389660457644,0.0
2596,34.19993642906049,-54.34108622706658,38.019793019544785,37.910166439307105,192.43853797270754,-51.61269536913037,-107.06933569277452,79.20257786502499,0.0
2597,-62.681844369927475,19.58199065143563,-20.05060069090615,-100.97031642934711,182.52635641190298,-72.284453081361,-102.930230602216,92.10650925415828,0.0
2598,-25.9456522311027,51.05544224988188,50.340405793889154,13.24053590261789,190.60489104341195,-40.068649728168026,-104.85204303308726,75.75122592402224,0.0
2599,88.38010134541359,-83.98085013201015,41.40233083824974,-29.96543550602544,191.83929419090526,-39.09234261418414,-105.33547971225515,73.07487132632002,0.0
2600,77.19934706094314,-69.90605579290316,-45.44770772482217,-60.34650118587939,185.86945771837532,-65.6011193488493,-98.30327704316123,86.80590334782325,0.0
2601,2.2423818473868486,229.9251775641243,-193.6957711806043,-118.43954910317507,195.53323375189947,-41.23134574278861,-108.19238691405185,74.19002955609639,0.0
2602,-66.38988677721792,64.69495573744783,-87.316981675459,-138.0443173703042,195.53863175892732,-34.646435200675796,-105.13004069989547,67.93889519744333,0.0
2603,16.23166468302466,-70.83445560921172,36.1944689360511,-58.32715282267994,180.4116131763382,-64.64518222012599,-104.70693618261376,88.04720256804434,0.0
2604,7.835639722971583,-34.1548410129767,25.495082980309448,-17.42358029996727,181.4561885590003,-74.08716088199525,-101.34567412415801,96.95561174510344,0.0
2605,47.82388898751289,3.5809659068555098,9.357709079477766,-28.70942468012352,175.60672030555355,-85.70150998258858,-99.17358068911615,95.81985067482724,0.0
2606,-153.4016816131196,-1.2657532756982504,105.51078663396576,-67.62925938451416,193.59734915127163,-47.00163884031114,-107.16619576889427,77.86529089097888,0.0
2607,19.439824289060734,-34.557613789124225,92.76150599715304,-16.772836724001223,189.6847052124005,-48.77877223428749,-102.88204582689721,79.68554458632013,0.0
2608,56.39664739991147,103.94484079224664,-30.115006945284517,17.09116101364374,180.72146723157334,-71.42213528695486,-98.85006699354054,91.84003258382319,0.0
2609,107.83187814332224,-7.644825373958136,-99.0068857194309,-118.23450019505147,178.3685280409758,-90.88696860473135,-96.91946774421257,97.51516741480174,0.0
2610,-19.42686498201713,-63.36301059465477,54.995969812463194,-105.0821384831422,180.61921277222646,-61.813035080055755,-99.51060575421542,85.30169686005955,0.0
2611,-154.76928284090505,211.16077674258466,24.486032860417062,35.69737616501435,188.6169944780349,-49.64828046367584,-104.03052217821055,79.04073438474747,0.0
2612,-75.14285555657474,70.19339587877833,75.9033561200415,23.523074782645402,184.34147853010964,-48.0056241161257,-103.51519547771787,81.73868825654107,0.0
2613,-10.981835892141978,-25.007703284264526,15.154245032434059,25.49763905669976,185.3840143302628,-53.93848749705044,-106.26360694815455,86.11424282739121,0.0
2614,65.29423194273409,-91.7870220416906,250.55928234462544,-113.61878735161604,186.49380565326902,-57.60539065763592,-104.01191470129854,81.09672255643541,0.0
2615,-162.28795221924878,-63.229967800589925,149.91555580947983,-52.51092180008502,192.0181922560254,-52.144375581428775,-108.19080546393644,81.49646057412211,0.0
2616,-32.78038788161604,114.6867410444131,-9.633214148617963,-16.513813333420526,180.78731509292703,-68.57263181904847,-100.68991606315382,87.63941862245589,0.0
2617,50.01293349065057,-0.12757380985041755,43.11125802139475,6.350953226369843,193.2705088528882,-33.69942046508559,-105.48973309474923,72.07068619019225,0.0
2618,-94.31473691644293,-133.87625724735358,-83.28921766075416,81.86098584994642,180.1953280640666,-65.77169541406776,-104.69093760559578,92.7114391285037,0.0
2619,-38.129665923106835,139.50388514272043,-34.35417604641224,-101.09659302024858,188.51174066916107,-56.69889591712118,-104.84638048089847,83.81996875154742,0.0
2620,-160.44619983970324,66.40391603418769,145.98724628348378,-26.542348226998403,189.06580234752934,-57.7346766768785,-104.52733615095744,84.04652118644773,0.0
2621,5.879394237765412,24.041560484417023,19.728092892065664,-86.81595808620058,181.22176943441906,-75.82881607500246,-99.91132827276391,88.77380778937699,0.0
2622,-42.95828690070749,0.5447544811789884,-5.597289286519219,-80.99497753754991,197.2537190209652,-36.8320610633237,-105.43642696823441,64.9410973068568,0.0
2623,-17.739940292435875,118.56160341260514,32.49175036117119,17.69060151010575,184.27354082375967,-59.59805065593584,-101.4829616565316,88.16085580810531,0.0
2624,9.501270658389954,1.6780105895526143,39.115215477854385,-26.942358121636587,183.58304017097484,-81.57207265071422,-97.81416466879739,94.31881597716915,0.0
2625,48.612070658027754,-24.512586557955014,170.21102963599296,-138.20928077449182,178.92091624463987,-77.00071203718502,-99.48181173430933,90.56725341483256,0.0
2626,-90.62161692205575,-100.69456819417594,102.71581976734167,-132.01259084442734,196.92877227861413,-34.36010218891224,-107.61566934257854,67.35159310724532,0.0
2627,41.08006604390959,3.9994068898106527,-18.826051214212324,-79.55480918697832,184.93733724690145,-50.45948803318966,-98.3594344130786,77.36661974173305,0.0
2628,6.5422713662184275,-5.762070573381994,79.9462083749085,-52.86448310444878,184.744556904821,-59.56994231223142,-101.03441086861272,79.48591252641769,0.0
2629,-73.56823810674864,25.159018246302022,116.8427093567617,-7.102093676621546,191.08219232753942,-58.81976579995502,-104.46292720250341,81.80691887020267,0.0
2630,38.61155776456876,-43.8739557799896,236.69286944224828,-44.066913000755555,188.9043510868187,-61.02620371045866,-102.65555354930616,85.38733725799055,0.0
2631,57.3172623042766,0.6027627809873204,-213.0281153619576,-59.46470663658761,186.52240960107233,-63.26162010079827,-99.79857636655984,83.07070638044334,0.0
2632,84.60286227255213,-94.45436204806586,-21.06853632537532,-41.53228019140431,179.35370947495582,-73.50314434436507,-97.17128936996085,94.59395637503052,0.0
2633,-222.36804999554818,89.5021474616196,-44.308708717788434,-215.30107236987033,191.42924119629006,-40.17865203343962,-107.21234789691322,72.36614763462305,0.0
2634,-16.16266134756287,13.029614194642795,8.46373838236537,-21.82843520432455,193.00101479095557,-47.95755479656783,-99.83694460977135,77.36570823857967,0.0
2635,20.659669473396093,-46.57955944608217,142.57201460082243,58.27622688856704,180.51130055500101,-72.84384391569567,-95.99595370125779,88.24002487285817,0.0
2636,44.29913409555295,18.041111786478492,51.60302853880188,-126.69513927355646,190.91531756278826,-32.1676870790063,-106.92556491080066,70.65674309832778,0.0
2637,54.32909170962142,-4.061422598951269,-89.70203170852267,-61.45676699901341,182.4448275200398,-66.67903425467276,-103.67510319343094,92.36065716217057,0.0
2638,-169.88125878669968,59.32056335905598,-61.961119922850436,-203.31080148449868,185.1710148079121,-64.78648241078709,-104.50361959754709,90.75190482174906,0.0
2639,8.781916579078896,-45.25597359988401,10.434747238336051,26.676947869148215,182.50875508275445,-76.82520515727246,-95.31893729957876,93.45195115913356,0.0
2640,9.296679358044885,-7.042008884773454,14.152832831953269,-27.083599862342567,182.54357599154108,-73.03700330739608,-102.27761461536511,95.53123905000595,0.0
2641,25.163537047201622,-101.87547956280929,17.730900554285576,31.939335612399343,181.34819947130208,-67.31366883754798,-100.32386387213083,92.36850239129228,0.0
2642,37.3534912278927,-47.75166151120409,106.12926241887355,12.208723066898408,186.8126738168246,-60.101281262673055,-102.83194784963936,83.43439018463631,0.0
2643,30.051395345546783,-14.901752523034558,-39.10601737767411,-87.57733784079899,181.18054780455049,-62.73514704245586,-100.75959500798041,87.68271292535633,0.0
2644,65.5604587059959,-32.17822290316744,-86.16563637336962,-60.48440764305174,195.02488133063497,-38.62473465634476,-107.82795872589075,73.56251496137838,0.0
2645,57.74451165927981,-110.64100163616605,-87.61396480509387,58.34490073014527,185.76424316470965,-52.519514785762134,-99.45618139969478,80.20664166664406,0.0
2646,34.69294112757223,-27.218623304859413,69.77893677920606,-114.29764807371924,191.56474744144217,-42.400337924597025,-102.25356824806686,72.3743449424436,0.0
2647,-79.51521153329475,-128.29981734089998,118.03038407372588,-47.00039344649053,189.66784046350318,-55.40896727775271,-105.71713553208339,84.58592154276621,0.0
2648,49.12207869845755,-80.48654242857951,119.89007506282654,-6.644657630157813,187.73645258957902,-42.895384113633654,-104.94061888969875,73.76474796497075,0.0
2649,-12.0753444892091,-43.279677555914716,61.560254950786145,-49.53006237768186,191.2094565584417,-43.24944530870005,-108.31233605736509,79.81539144107482,0.0
2650,-9.994517140982639,3.9938052698360424,89.32703237604514,2.95306146383717,187.6620607587181,-59.80113173777315,-102.28873175338651,83.89065332369697,0.0
2651,35.52318813288684,-34.423162591602186,152.4366751918218,-86.72312240511017,185.6474289480275,-67.21199353208338,-100.63865181511036,85.47457408374454,0.0
2652,39.78288129023569,145.14849623838793,-33.798759700752655,18.869485484113834,185.81032033304268,-57.39558897210639,-99.33814992525947,85.13690599897436,0.0
2653,62.50841755755492,-5.619591995023376,-30.49839191718897,-141.5540381079645,179.39260211269172,-76.37169072691646,-99.04025056230199,95.5280996784828,0.0
2654,23.1823826047278,7.815604633355938,50.78994510538689,-55.68551796407889,179.68349740134346,-63.33805738275278,-101.2537971784011,90.59625523146597,0.0
2655,28.428625679646952,-18.624515396803524,129.02981537237383,-49.200286604579915,187.54594262143402,-59.225383574118815,-101.79212082178778,80.94810957008397,0.0
2656,52.81788206792846,-40.22639414734858,48.03751950343164,-10.183166592386279,187.3868389000583,-64.89605528227032,-100.42527841338494,86.36855597029216,0.0
2657,96.83444284599946,-89.2129612115132,25.652845991102392,-43.203675910522406,185.40917895615647,-65.65460377359032,-97.53246587499008,87.433675756847,0.0
2658,68.07353315273075,-72.37219751971635,11.069664373736392,-95.38908262489704,189.26227414426933,-40.43219755008192,-107.17103125194272,77.33692471067381,0.0
2659,-5.674626042143361,-1.8112590782743576,48.97312125162306,-26.955995470442573,194.7755435802044,-51.04898485353375,-108.62259538238686,77.8085403592824,0.0
2660,-28.326385677382188,237.72265228871578,-72.79113937671322,-10.672283626390472,182.36722588041945,-63.27904045403717,-102.1997743885455,91.69581658839213,0.0
2661,21.65911127000808,105.98647484779798,-26.77761144642792,-52.81392688948395,189.98382670814595,-47.392705839125355,-101.62075734598339,78.77648814824275,0.0
2662,67.04334013622103,-48.1052504532971,16.743681070954555,-63.198364673551765,188.68991208062096,-43.04048511575272,-102.66956733664342,73.5249767496137,0.0
2663,98.89499358014842,-3.9944376489605418,99.96476667127713,49.04279065105839,180.82397900221562,-71.49949219848182,-101.928432549762,87.54730431292461,0.0
2664,36.173523553386,-49.59258139041043,59.179243215065924,25.653533004435992,185.36735045298798,-60.590029872348055,-103.52813081920785,84.2487351361096,0.0
2665,51.40761431854587,-73.82044253905381,15.824285326031282,-17.828801619484942,190.16519233051145,-53.13171550478041,-106.57031219327699,78.63897197463804,0.0
2666,-130.9249843461488,68.69505005852162,48.501160963160764,-35.2052432575058,182.8111421069391,-80.40237689100312,-101.96040236047672,101.05601152706815,0.0
2667,72.374824433967,-47.33308014546692,-27.41298831369825,-18.843115600226,175.9784407080081,-104.75965991010855,-97.90798149604075,107.27184446494721,0.0
2668,-7.18580253004003,49.338331239483644,23.951678949471024,-76.56831011834753,190.6423337778785,-52.819781586818124,-102.72094771228042,72.12575046575851,0.0
2669,66.10115478428106,-25.437685858307983,-28.717948937916603,-70.75092726103094,182.55324523264017,-58.96709820381072,-103.77591240062384,87.09798972612704,0.0
2670,-125.9383478766677,14.333886124725694,114.1347258811173,-5.157861068393682,180.87542193663995,-82.67103023597122,-101.47885683209296,95.49366302819726,0.0
2671,45.75349441303652,22.274336371428806,-211.08014172488984,-91.38592550553636,178.26105770641965,-82.05179969580865,-99.5094921263311,100.27916599227804,0.0
2672,21.64130341198524,-9.286256601913228,55.281714172733956,-73.278883568963,193.44124854277166,-43.395396375532755,-103.50310003712757,69.53651034433216,0.0
2673,24.315346465392228,-13.30221906950715,44.71794745735092,-16.96531570387501,182.57587509892647,-58.67731828627661,-108.3715902512694,85.17816621459177,0.0
2674,-12.640696214714668,23.195463623697545,75.64393173282764,-63.95889714276053,178.14475720451713,-80.37328099703362,-99.43779770823468,99.3428552123478,0.0
2675,-165.19860532763448,75.3209438295578,91.01119168001787,-32.55168969160865,184.88099950354547,-71.70926598525826,-97.75712510579123,90.20913329237992,0.0
2676,-48.96267182816718,-63.942047009222904,-1.4093870289480392,-109.68941041620293,182.74044885530157,-65.8063039836385,-94.89344567986085,85.16869740198668,0.0
2677,-35.68744334748914,115.13375589069508,-6.737597419831287,-48.94638001659694,192.63396701851997,-38.94981188044342,-101.30594794335012,70.75820901125208,0.0
2678,-160.1698033709763,82.73573645905063,11.594313690765063,-146.00421757812504,180.17363387117393,-67.04866805968501,-100.39131502265388,87.46711340251883,0.0
2679,3.371167661989194,-26.922979898291743,175.02008156433817,20.795466916316553,178.55537316794332,-67.42422858720074,-99.0561319696364,84.23707295574955,0.0
2680,73.11626523731479,-76.9343006753304,103.34170414299841,-29.55832774235673,182.91406404288617,-78.99776790508798,-99.52569967197294,93.89775781340224,0.0
2681,1.9515433654235803,-23.122172436216033,140.68940735909322,46.93609884400782,187.72032145410205,-57.9147958083813,-101.5273760956633,85.7669707933497,0.0
2682,47.358041956319084,-34.39516475922467,-34.755822385540945,-76.76584603007612,181.99199575100565,-72.45159245750446,-100.88815094100619,86.98450365308383,0.0
2683,24.192039885553143,49.38607796022417,35.663503284221335,-140.82069816036645,181.90297052356655,-84.53808993963789,-94.11466261817046,92.12638334146195,0.0
2684,17.099690943487712,28.17133480342854,17.928986481664804,-43.38333168432105,184.61063436611747,-75.21263312784635,-102.93909796797199,96.09470807616532,0.0
2685,63.51673490268853,-40.85954950638572,110.93840416414986,-108.51434628494192,180.93774010018558,-72.27340267291666,-97.94040865922449,94.44242377790961,0.0
2686,169.42136807732285,76.2614285740708,-92.88946588214316,17.848227669511584,190.06975764292778,-56.6935369833608,-102.35284504842308,81.09361381602186,0.0
2687,-11.659688980431687,117.4105391135771,35.31108875467387,3.927052433371575,188.31954182321212,-55.03420116884013,-102.3279966201565,82.11254330197644,0.0
2688,-22.11241588250589,141.56205197791672,26.6523395427998,81.12812435169934,181.78838709481474,-71.23494587580693,-101.17405338373474,90.25020290240614,0.0
2689,-63.75304073429855,-79.79785166591118,169.9886009791742,60.13053454658669,178.4562515164291,-89.75395438402767,-99.29875394833637,105.25923626178098,0.0
2690,5.5041102043538235,-27.01478542520168,90.13379685574637,-15.016001371336586,182.88846471349547,-73.4765491388347,-97.11188649261189,91.44014340943569,0.0
2691,-140.24639619013792,-43.63746163480484,64.77259273123195,-77.75714449932293,182.6357998390616,-63.41369524759676,-103.33757036568669,88.20409960640943,0.0
2692,30.24238373735657,-9.412771418459148,91.65741943489111,-75.06387647177849,189.41147154743066,-54.27570542432621,-99.30568192566496,80.49346408744032,0.0
2693,-12.912094938629636,-6.056685153352892,140.41827238392167,27.210049591935448,191.38241100693963,-54.86484064842302,-105.16195069465715,81.53382043180935,0.0
2694,-19.005389909545457,158.23603327235477,-66.52988125942178,-82.51105986461208,190.7974630205758,-52.714952284877945,-106.84153287961009,82.16530560924384,0.0
2695,78.08271754148186,-69.59357379708595,-58.57843490056162,-49.30613139369405,185.3832608056657,-57.51374453214084,-101.45806976503104,82.32583377063325,0.0
2696,47.55079578888046,15.281122417550087,-51.145420283221746,-105.82593820298887,183.7260484303929,-58.70703018330551,-98.48133446389201,83.17483901565141,0.0
2697,47.83635637266893,-44.14380188372401,-57.74840150792158,-26.840661381777377,189.7220793349273,-66.09567648740672,-102.42676147711293,86.03557251959167,0.0
2698,-24.51635443021474,102.39329893354223,44.295559944141324,64.98790356512491,192.57823362305274,-39.41037590852273,-100.84405090543588,76.09847262018631,0.0
2699,-25.63910540374861,96.8493790191726,31.779759628613007,8.593066790133491,197.36667821370747,-27.582418878952623,-105.2485491352738,61.52916469781531,0.0
2700,-157.77952925594906,104.6081664713745,23.489842336042237,-59.40187250663359,193.9005603089936,-45.61113028420919,-107.3740708310732,74.62962323550914,0.0
2701,-12.738161184606941,-66.69329060084226,192.56858307690024,75.19027008677955,186.72787072200686,-63.27348381108766,-101.85450409150076,82.71717246241954,0.0
2702,88.76680133143553,-117.35014667524845,-77.22465109076883,5.126035511464738,187.34172352185422,-71.0558670213257,-101.66537079637055,86.74105718770687,0.0
2703,13.225220884293353,-28.024577319965715,20.954905721629995,-1.9687942021652916,189.39272789362016,-62.23644789385644,-100.02371066584774,80.9532970128085,0.0
2704,-68.90908599165365,19.594074798097967,107.93137325731688,16.058421074554385,187.95630070558354,-43.27607349288189,-103.52166470576606,78.91823374657352,0.0
2705,-6.8052466731875985,-94.97680441455985,65.29432169526142,-36.3965076976985,186.51497213674196,-65.00868706887529,-102.46381822821326,84.99320728317419,0.0
2706,-29.253200744323472,-18.619691850404728,198.44325061290508,-5.034122682008169,184.2659217696861,-71.89108927147333,-102.89189685009906,96.66564914121139,0.0
2707,78.09552403351975,-94.57540588217425,85.49751934746666,-18.74273601503789,187.7396568018411,-56.992230358536744,-102.23102424219387,78.46116455794164,0.0
2708,22.794192216055645,-80.19086739713201,63.642139212964885,22.12123692592781,189.3976376789746,-44.43745553618122,-105.83753419478077,81.64705168119771,0.0
2709,115.93858249200359,-159.10632217981635,68.29913380702222,20.03976064351808,191.2789114964622,-39.09716995474055,-106.76396455797588,75.0751312093552,0.0
2710,114.47777181808306,-10.940773952452593,-82.62638873957162,-106.05839639149666,183.92566662976418,-60.80858019545554,-102.03389750196082,86.3962290356222,0.0
2711,37.03018566990506,-81.22713637236303,49.59782986895018,55.53380872360755,189.7234686434204,-48.40615193055646,-102.43574892764589,79.88546525900554,0.0
2712,81.43083816004724,-104.3942427050879,149.52519278024613,-55.89716636023505,190.40001106035643,-38.91756560638539,-108.13505068035808,78.18288686134109,0.0
2713,57.59233421965215,-48.4204020997447,56.98922299714363,-34.32282571687074,182.12665140974713,-69.72036896022979,-97.19090030841906,89.2513497354675,0.0
2714,7.2771484533116935,-23.750579793870408,63.884365827251,-25.53071062941824,189.95716722478213,-49.635922243729134,-103.51779478661,80.00813871462006,0.0
2715,2.7632315685898137,-26.918125198175467,164.67808531653887,42.94321920320976,192.34823892867865,-50.60928099064613,-102.08806052875639,72.17105496091999,0.0
2716,53.188010226067185,-67.63182625454411,-87.62940164277266,20.79305157356689,187.17197483678333,-40.349655062446985,-103.45018928412163,79.39209668094088,0.0
2717,40.050090408834784,-56.56524676150083,89.79498956771356,-49.791591448394364,183.47939149283545,-58.884480528296315,-98.75391325734678,80.85987293941487,0.0
2718,30.648395260192885,-0.39793201697958525,-28.12560381586558,11.935734430233186,190.48982927511173,-40.73238381838958,-105.01784231498146,78.98417183004726,0.0
2719,-23.343783182105433,24.185607401264043,41.73582443235014,17.66301387615037,188.38346524283276,-46.72160903925293,-102.65753648620543,78.86216505358381,0.0
2720,-34.16008529909605,83.01213030347634,-24.992822186291942,-37.33742170438153,190.30687332263912,-41.341160355167375,-103.42547777700123,75.02242054419543,0.0
2721,87.79107731884753,-37.497795383672226,73.2278381325288,81.25756774842745,182.73777541334104,-71.96542133702859,-100.60502750492442,91.32068220810703,0.0
2722,-49.712530778035344,-112.45166116522964,103.7509105620575,-27.266599498480225,181.4381922547606,-81.72873676259456,-97.96414875714463,97.01049025721505,0.0
2723,-40.263945769243456,56.614317208054146,139.15004485943948,74.08973431442216,185.01156461131396,-62.04408529702866,-96.22879885957151,82.96587939057414,0.0
2724,15.836505265316752,-60.2647551876642,32.45009295403162,2.708388382828381,191.51708321548492,-39.82483059926578,-103.45054829282498,73.60915387671407,0.0
2725,31.488229964384296,13.247061097061074,-28.772553762195397,-47.415497675782206,190.45259436195965,-60.17756633070325,-104.86472291427837,77.10339718658845,0.0
2726,55.36373116156913,-49.07595563500782,81.75310273682092,-34.47842147991906,181.74034738341882,-63.734088135207195,-102.8472378775854,87.98167600620725,0.0
2727,26.43775374050013,32.81323087683842,28.536916434041178,-109.25503468248317,182.83109216715903,-66.14718695964474,-97.66041000800237,84.03973387411976,0.0
2728,27.87735068387258,-56.83916792644547,83.36953795012536,-8.023165515267467,185.93967174049928,-60.12119928766912,-98.57046752482768,82.47320099692479,0.0
2729,15.412652019498225,-55.459246430326004,22.351584958146262,30.413715264219178,184.09441892092897,-55.127607747998084,-100.35818193499328,79.34903288823944,0.0
2730,-57.67055832729271,211.64006717866562,35.51484569984555,60.94838597600572,197.19558730676718,-31.348731531120816,-108.54142975634885,75.29593102086905,0.0
2731,70.45246335624354,-46.76763592237779,-59.83957409202256,-94.05579064931896,187.4237782990163,-54.10360621898073,-101.79240911894047,84.36480309715016,0.0
2732,16.255236892552,-57.256864346782564,89.16102921939554,35.84890053870016,188.30030335494598,-52.031250109075415,-103.30585637559103,83.78058778114627,0.0
2733,-77.54491235375178,8.069502050593014,65.51953100619312,-123.25832548987385,184.0125523987141,-57.6735764174022,-103.08460337660931,87.83165219987787,0.0
2734,-128.61400014959185,56.288374038719,66.38618777570635,-37.240826078551756,181.93850232312843,-76.29307715180255,-98.9388769707061,87.11305996434032,0.0
2735,11.448752454134176,-78.15066253346906,64.42086382620063,35.897512464419634,184.96889784528418,-72.00623625399108,-99.75182583625823,90.82711580662422,0.0
2736,88.6095335443727,-35.499925375289415,44.7337677656542,-169.38580007283542,184.6021655177976,-60.8607123432112,-100.81689539565946,87.1461044488376,0.0
2737,56.15497542541237,-98.40207016955469,-10.153337175229233,56.13639848022064,187.37083988640808,-50.97017536472529,-106.20722664255018,81.86355087700399,0.0
2738,-87.29803543301429,-143.7357445943093,127.34669792229309,-63.99500042410884,181.34641944112974,-70.89853211048825,-101.38043982348754,91.26578211383115,0.0
2739,-124.70624526717087,175.959344880225,-53.882085625391774,-81.79433619953727,182.3441438484763,-68.46280009501314,-98.61948729852095,89.87754028803121,0.0
2740,25.6209081033209,10.242894078045978,26.965268667142304,-117.43387024330202,184.87666483003457,-59.70134357196033,-99.06463523079111,80.67124231226718,0.0
2741,-76.76750737050646,-79.52878251486808,152.06399874651163,-34.55738206185705,194.64347329128017,-56.318535689766755,-107.08036177111454,79.74732820867774,0.0
2742,78.88580462337642,-20.638264731914862,-93.3481943165734,-154.5327791767392,177.54141467655498,-74.70152531033459,-97.33218736035205,92.42655794592329,0.0
2743,-41.45910896784669,71.58234720887675,-111.31520388419594,-122.9903014128062,186.39847753896157,-49.676595461638904,-104.59719219271234,83.63287426602973,0.0
2744,34.14528335046033,-48.68006501740306,-14.429433690298431,15.817716687545714,183.1503270664325,-62.976145443768495,-100.56089241337394,85.44625549308981,0.0
2745,-20.67159614648711,41.03999431653495,-5.770153764951214,-60.00177086753868,184.65354614749677,-58.044117947427544,-99.7659613889962,85.5209123351215,0.0
2746,98.80929705906541,-112.48863458750209,114.38749890690228,-63.06781373366845,181.32811600578555,-63.96786891495321,-105.02406340354914,90.96395734590746,0.0
2747,-35.6820273878356,-91.8107828328143,14.090746359867346,-159.80415011548396,190.91232014012527,-57.723340345892446,-104.75283024572184,81.40666536405118,0.0
2748,26.356684261555557,47.89924044524072,-80.09546874025158,-130.044441260654,182.85482714195862,-88.58365395485549,-99.31895594251404,92.59653363010807,0.0
2749,-80.4826695221977,130.20007599736667,43.02495714767239,57.08725882520531,176.87566685055063,-79.71964056410708,-98.90950576950726,98.45812759524645,0.0
2750,39.203245592690074,-67.33974415707988,-12.067986666262193,-2.499469094089207,191.1195330042659,-38.201044171780865,-104.38757273503566,73.96641705099688,0.0
2751,65.52741853978954,39.242614056556526,50.989988741041856,22.631164782297862,188.5630682882935,-56.079436397444596,-104.27144753489176,80.7049784917588,0.0
2752,54.827554377401945,-63.49813856921885,50.44345418635234,-66.89341747491531,189.88359909710263,-62.127249754784366,-102.61219259608015,81.89813073805283,0.0
2753,-38.761076202394605,148.34469145336064,59.15552175532501,115.86764316961666,182.40253638230783,-71.41745042558529,-102.73221680952744,94.02354901088738,0.0
2754,40.958896590048525,-99.4834230740368,106.38580573368257,41.368142707956146,179.5854586487048,-61.17957875065338,-104.01665144185537,91.02229973582524,0.0
2755,39.8012639266594,-18.411471630560584,-24.616687461195642,-117.1004265841572,191.21898914666303,-45.58777285440809,-105.85077089015057,76.75059829536121,0.0
2756,-11.52253150167803,52.67735572903356,-11.188692293695174,-44.159755168888736,199.89763991246073,-35.389006439724454,-106.58302437705134,68.39063593218282,0.0
2757,10.812208448102883,-53.15401703117675,-48.727064997696445,44.30070787782599,183.95388641688982,-73.47138525968833,-100.72011068607044,94.25220315423024,0.0
2758,81.90456998253225,-88.5030346283295,95.59680414662876,-91.03576672159784,174.738739309293,-90.82017848912133,-94.8091390617562,104.11218382649925,0.0
2759,51.29474608279254,-72.0517469922727,31.65446453918993,-48.31311006292944,189.0333496815954,-64.39871278258988,-102.62501364960563,80.42826075050212,0.0
2760,27.649477973961044,149.35565392069026,27.125574947278746,33.53582688286152,185.03216499380778,-45.054328194329244,-99.21015025473261,76.07188622623468,0.0
2761,22.22355178316311,-112.50232249129229,85.05901007987204,54.32070668873895,183.35024298829384,-62.722025785259994,-101.82550107928775,82.8323522024706,0.0
2762,28.592058987487075,-15.518813022531534,32.50798383111715,-82.09447436262896,188.02088244738817,-55.70271231376502,-101.27946981684934,83.04999358970082,0.0
2763,43.43550522504478,-55.56477170569529,139.96368643083,-57.97595772758078,180.40240230590882,-83.40489066034276,-98.01988488278391,86.47925964162484,0.0
2764,-5.017979208558232,35.05851251031365,-21.255255541439976,-22.150831216043994,186.381537002993,-54.31421983825276,-106.97604910283147,85.95077305214626,0.0
2765,-52.7237727786723,-64.64523520083891,46.8398645204926,-103.42814768560538,180.45936041007906,-87.8872360421191,-99.29436912582399,102.98445070323562,0.0
2766,43.10745264382869,29.868726822988968,26.559504659226967,-152.34502766005477,183.8140758005403,-64.08716952753328,-99.65250332314258,92.87558330754001,0.0
2767,-46.70562692113202,32.39252621544896,50.6949342315003,-26.569056240482773,187.36014360111065,-58.52659796971677,-99.76069604572032,87.03781833121708,0.0
2768,50.65344690735958,-55.012029223166216,0.5572952117573804,-24.445413772279466,185.18088331737732,-66.61339172666773,-103.11093679748821,85.8664936184441,0.0
2769,-50.594733192067295,21.373627785907036,27.628518018794228,-92.5361814076531,189.69580309435187,-53.799871040098125,-100.69976904172057,77.99183034459358,0.0
2770,23.970695892197565,-25.28577115172218,137.87256954073425,-47.21774060087128,184.29714292466943,-57.77818018766252,-99.49198611783243,82.31428347115862,0.0
2771,-28.94763441511863,47.80765198999156,-0.2953764839526196,-60.95214776305402,178.61947739676532,-76.35771421280079,-99.5945415571698,95.22115510746366,0.0
2772,5.371355405642747,33.02891695550907,135.61571054628286,-97.79590997986328,188.85554842795642,-34.7286377312516,-101.245213759907,73.17331100180932,0.0
2773,-118.05903513011869,160.7415887811966,-13.486364397172556,-71.88312254054689,184.805257351194,-80.84969015025085,-97.20979000573297,95.21664468023971,0.0
2774,35.196424281830765,-72.6479524764287,64.42536545972906,48.62083976234411,190.63977665182955,-38.90840681695083,-98.98543391806206,73.6790428939032,0.0
2775,80.14095679948457,110.16202571890064,-83.41717654909237,-29.222806836037403,195.6398604766586,-28.639026891236036,-109.69773385193099,68.54860100089215,0.0
2776,73.10485194146385,-47.20816504232481,41.288223474626875,-96.03456564567522,183.65087777863397,-63.75680816735496,-102.41971186181222,87.7605969946324,0.0
2777,69.88275477927183,-28.101362280021903,-6.367701253999497,-82.40178008853462,180.33482546503257,-60.26792017023114,-100.7370295354279,83.54911594360449,0.0
2778,3.5867103628065,4.509141806207251,35.54510208734423,-19.505046857881187,187.608995476007,-59.89206771265923,-100.54795143678928,79.64447434320992,0.0
2779,-125.54127539189648,19.79989667580065,11.578826461130765,-176.16765071654333,188.37544598960963,-67.94243827113674,-98.89067936758944,88.37719185957148,0.0
2780,-26.621974162613,-144.36835563321145,117.72831945187048,-42.334675261082445,173.39502285013788,-71.20239242455762,-97.77411399205212,97.14435404987556,0.0
2781,49.0497142649784,-100.13833366658007,-71.1509159913956,87.31641750162271,193.08178298858397,-41.87552917407632,-103.78630330600254,71.63379644195166,0.0
2782,5.160223448303908,-1.1828576423084713,92.61410121923403,-34.44769337013579,183.78844476390753,-68.65821328526337,-102.47270848884426,93.50928882522528,0.0
2783,-139.83967510236383,99.64931485201541,12.648684281442627,-96.96086611962842,186.40271124251387,-60.10199615693327,-100.75838868309228,79.71957045093187,0.0
2784,41.33541855005589,-47.16650748405641,94.60591468079099,-75.54863521091431,194.57039076762825,-36.262409388885004,-103.86721985905153,70.83077012355591,0.0
2785,43.8663835782702,-6.459088699251719,60.949680602288026,-93.36871075838728,183.49413893333073,-56.61131200156242,-105.66744020253287,87.25263736668802,0.0
2786,50.338950971949316,-41.68587982638423,45.59250237660118,-65.32373040221759,188.9551694453487,-47.35081987047451,-104.28090015508788,72.95940945136036,0.0
2787,-103.25406420634455,13.662765774818771,-42.83714686339436,-145.52315796334497,189.00048377468897,-44.397712556823784,-96.72962264897659,73.77211865157273,0.0
2788,-49.12601168696653,-99.33791851769544,48.95716341625774,-100.86252762839236,181.61037235010136,-65.05618976447987,-103.39387153473979,90.47664781087187,0.0
2789,29.37656215826458,-114.23484501569874,92.43947639550021,60.320756211238205,185.25945039426176,-66.23866321611096,-97.03773100756167,83.27005682533199,0.0
2790,83.98254701040298,-74.63444857574675,-95.2065814483622,-11.132492763249042,195.39193372373592,-37.64690675499926,-103.14036141009305,62.02795537665868,0.0
2791,-25.77696436739552,-14.99757308882751,-19.895485402406244,-77.48437083224363,188.38488903618708,-60.61238606801321,-105.17824072536789,82.43699625131619,0.0
2792,75.15352358425321,-31.13978877530642,85.77373851883922,-139.06323236661885,180.57445949238686,-78.14958130709532,-94.8884502255871,95.57743035405562,0.0
2793,5.024962253815457,6.622212543423956,162.36139726277216,-101.42765940107323,188.6286504581843,-54.31982302916186,-103.15087073474545,80.13828859015229,0.0
2794,13.94596592671586,3.576057794969878,101.5588850247349,-49.685583063088714,184.4795058761363,-67.63690040275515,-103.5568282621719,89.53421770475762,0.0
2795,-107.90487185323666,-82.64037971400899,85.02092891659991,-115.62247525591252,189.7267812237092,-57.295092558085194,-103.21735426618253,84.42776087029267,0.0
2796,2.0116765930704386,-41.688301243459044,9.885346822696478,43.81717773590034,191.10706282235313,-41.78971317726949,-100.67651718004471,71.95424698617315,0.0
2797,5.205249498808251,-20.694562949826732,62.585133184496875,-81.51061695779136,184.17453679804322,-62.179431900765465,-102.172079210785,87.62878205781334,0.0
2798,7.825636263373576,-107.78698610779576,23.91745456882258,38.328417389703375,179.63744289670677,-66.12239215829541,-107.10850346209644,89.82272148491519,0.0
2799,-79.94717863642583,53.63257012683278,-6.062900066675803,-116.45699271331922,176.45201795261295,-80.46217026810089,-97.22966678817346,94.97219894489669,0.0
2800,62.67936435670596,-90.35735203676627,38.98121164521305,18.49031254181135,183.20859404257607,-66.52417906316816,-98.13451365518358,85.67249898684847,0.0
2801,-25.76221815580073,11.949406951794117,103.85168399887546,-54.64172062229575,182.7780814725471,-81.46764558953546,-98.86949187508395,91.43891008043528,0.0
2802,-43.52494039035881,81.74259298793818,39.14789363227491,-12.407401385901906,187.0116997181194,-57.78532253313541,-103.39950549910945,85.72106601060044,0.0
2803,48.31429204959827,-16.444909292324596,-44.37232590221931,-66.23158053434773,184.26335132381115,-76.19538577191084,-101.6919258065947,92.4795726192557,0.0
2804,78.82560754174801,38.80897659420305,-13.396807814812295,-8.82131391696529,183.70544348379923,-68.53980484760612,-95.69076262042981,87.5869920852906,0.0
2805,6.387429303794562,-50.84926930891842,46.14507121171226,54.77301525661535,181.38596425254994,-81.7988634170704,-99.72232145706666,95.4411460234251,0.0
2806,41.203261815099026,42.3334026004092,75.84872893861402,35.118688445051035,187.69420887498504,-60.412576403297216,-104.01000305082228,84.50988220946542,0.0
2807,-145.4580618869948,-7.914475266894961,109.27732797010012,-55.28817285936272,189.61741730713896,-41.948790402894545,-101.79617169530542,69.0081628088153,0.0
2808,49.467225985462676,-44.28086573355307,-64.9309913192789,-43.85863474839164,199.23827322861453,-42.32633724578979,-106.44310209064271,72.3016503830521,0.0
2809,30.037919971219917,-17.505666240183153,-93.89807425512922,0.7596045008888164,192.97701608665594,-49.50025167302468,-103.67576803604109,78.72974609056938,0.0
2810,-17.330993588505006,-32.03984683945316,89.87251793899895,53.22676031868673,193.19003552417786,-35.044560021319406,-101.56962471220481,70.18680517082284,0.0
2811,32.9328796489683,-43.73141622324435,55.53709804332348,-30.445827130717774,179.38388171338244,-69.14413151105785,-103.55403415287876,92.66661974104373,0.0
2812,16.09186607147275,35.660708082938264,-15.278099649279774,-49.16640035997324,183.17244274809582,-63.13958218415289,-99.46378985907208,89.55663051677047,0.0
2813,-125.86960680473764,-78.77922425729574,99.94345772730038,-47.04198154019668,180.52357466831702,-69.48857146974963,-100.17201560686402,88.81490495185933,0.0
2814,-2.2426768226231744,-17.2229717819575,114.10085518896832,-5.306114753731106,183.53024039506712,-66.5267474028549,-98.79884667863631,87.72105995263618,0.0
2815,21.316347252883794,-32.27021833025809,-44.194065244190725,19.054095931647797,178.95899096645365,-93.89825860634167,-97.40752031446333,104.56445108544992,0.0
2816,32.234002828513965,-23.050508966594542,31.085179674144214,-79.07137969536797,179.91994094638608,-78.67875968128003,-99.52991441528543,97.6611759123999,0.0
2817,-13.786375449082177,-28.08424977736756,97.62968534500754,-15.79434257298682,187.91476454807338,-54.80027141049068,-101.87451839799577,81.8512385276284,0.0
2818,94.5279318118409,-40.695553942896154,-27.743332041793888,-129.82159052644485,181.75525356277183,-75.52051503476277,-98.58265766565866,94.28044335734731,0.0
2819,-69.84747787617978,26.919706825285704,106.04979222171707,17.007086332963638,181.26355337297497,-60.05388905007059,-100.06831166121687,85.83018652535888,0.0
2820,18.38710539176977,-17.356859944015472,44.935681699427,-38.68845017866119,184.31292183661924,-77.30187744010652,-101.8592537933204,95.68297511126087,0.0
2821,39.01103328428508,-114.79420356881091,85.1026596427684,-43.40706161618378,174.6329134023824,-93.66932701383959,-96.95050369390708,104.30452479357335,0.0
2822,-3.5057107926902473,3.469839091480875,113.36675331581336,-29.281816905097447,191.57021813636135,-48.23561360357734,-107.07233911344551,75.81765488900888,0.0
2823,-10.387641780085993,-47.21881224077003,60.65063593362014,84.43547989104574,187.63701074308074,-79.91089407938851,-99.94331367820803,91.85243629616923,0.0
2824,14.50503502276056,-81.78932869757072,156.81152865955812,35.369602492034126,181.82363615805656,-67.38317747815526,-98.0376232418552,89.00018973604955,0.0
2825,60.738326619105635,-88.3447428202952,15.066168436891521,-80.36637164625125,182.85438433689396,-54.57381194067318,-102.32065389919748,84.66268360421361,0.0
2826,27.0564386242369,-0.756617227391343,77.84750878304581,-129.7200685501104,180.29243942324766,-71.28155325718886,-99.230080904033,91.311992304443,0.0
2827,69.22561448045094,-34.19859156012397,-127.47521350267408,-42.72767456805889,188.2551056956291,-56.847382725215475,-103.49824921818553,81.48991076305622,0.0
2828,44.73584867026005,-54.88666871150777,155.18121686610363,-86.8975428938865,183.3536684781924,-71.24616694131765,-102.22618935174803,89.31061413251312,0.0
2829,-24.774155530147315,70.6731834128647,41.954278332229535,-28.2105262648494,189.6570896744461,-32.1838342173906,-108.271168168742,68.1184789988855,0.0
2830,-28.017987947109013,82.41514452442449,48.493758211455926,-92.8859177024783,187.77800889218213,-52.60646300928033,-102.57018312951666,80.4697280032428,0.0
2831,-14.850151020265589,2.255243138779078,43.57320821943101,-41.81003993690729,179.61366215914637,-83.38742101931227,-101.57582625035344,94.98219978999911,0.0
2832,51.31151854315448,-31.513686818569532,94.17424238849257,-79.97734254228396,183.2534179985977,-72.16343900488572,-102.95469664257978,89.8383922457342,0.0
2833,41.67806116736926,-56.06343257848181,221.293211650949,-50.64564422861801,189.2845113373833,-52.445347295984504,-101.81976945701527,78.54587455451627,0.0
2834,70.00838206035627,-115.96560285144999,96.07281763256518,-12.924570269223807,190.57672692105058,-48.03228576505839,-102.83259055919466,73.42856014673563,0.0
2835,63.02550614346918,-53.21709875117957,37.59242854938975,-48.96561545813848,188.58933246070805,-48.10213382260993,-100.81968424662836,80.32422981434969,0.0
2836,33.92150085267682,10.830225660606214,-44.05909947675155,-30.934359568383652,188.20091805696472,-54.61514535519723,-105.114377250203,79.57683749832006,0.0
2837,6.906676209348378,63.06626221521378,-8.11401656026317,-13.488155963478096,185.76319157759525,-71.44198099772095,-99.11656639004752,83.04570749370635,0.0
2838,47.775116766028106,-59.520609595989036,32.89958168052413,-51.71080750302268,190.86933472117346,-44.85958360467598,-105.32670311313565,78.79849494362755,0.0
2839,-5.629536757878967,87.65599308696025,53.16377321910235,60.93005478393461,184.34134676815765,-54.65525573876475,-99.20315407556572,83.0684586888998,0.0
2840,-49.489847415863565,45.18309491738862,87.60170442291582,25.320512478502867,178.09761787897327,-69.78340532653633,-97.36334408262805,87.23016429419184,0.0
2841,-106.19207731959857,13.530042775352403,83.5657786865454,2.9441715169111426,192.12360546872495,-52.70003908108884,-101.47322595451702,81.27531575445974,0.0
2842,-0.40458996700265537,-147.15481287452224,15.107039505263867,-165.1003886824749,177.20450850246,-81.64597761345848,-96.25908451227572,97.38422936144586,0.0
2843,56.790903603768086,-234.09191989069947,4.574536187856982,32.303049121254354,187.3544009419866,-48.52717977602031,-100.70329217830127,75.88672412532294,0.0
2844,11.382729025804645,-44.72838496484493,203.84044832438536,-22.37173580884721,186.29188795255743,-63.95623285312297,-101.58428611924046,82.84690809270315,0.0
2845,31.288279788076977,-13.594815858305692,150.59301419333153,-76.04570418384449,181.0440783994854,-73.78530487682356,-105.41055262205393,91.92383586272443,0.0
2846,14.625700364178734,-0.11523077455001807,-134.88067214640552,7.952973894487103,182.45949328168876,-73.04115188840107,-97.01570693473805,92.56295140229315,0.0
2847,-38.7074010868803,18.586606000859913,85.5296376362696,-13.117180666538347,188.2813298250598,-63.89283729031282,-102.61636797359,86.03535068838532,0.0
2848,65.03550658047162,-102.41075750309913,60.75316489009842,20.974179062640708,189.0069961840993,-49.868396312210166,-105.08140631134917,76.6545034340465,0.0
2849,37.304581974777975,-34.873079810157435,-22.803492087039047,-16.97497991818978,192.1155069865808,-39.33336286488367,-105.29277466522046,72.59593627764283,0.0
2850,18.73966501149441,-96.21628956735799,-54.34065886919519,117.11143713569258,191.75808010548965,-50.39331680454923,-104.03531567313269,76.89005142782999,0.0
2851,69.28684603848096,-80.12908449529816,-40.820536144422285,26.8566299823763,178.22344906529506,-75.75633725767378,-98.03939198405394,95.86884453298116,0.0
2852,-140.45307232571946,24.56617058079806,102.73830944402008,-55.03390025949327,171.63512122624553,-86.53969529840313,-98.3598070938705,102.7179112740867,0.0
2853,-5.5693397502732385,68.98655954218128,4.789723865648527,-45.05189334413329,184.4087434856069,-57.326783886500294,-103.86092502806568,85.73083486882713,0.0
2854,-39.775555525222266,106.44742097695321,35.63689539169658,-14.464135525703872,178.69664216515272,-79.31039021615737,-98.30412734416511,95.01486446225982,0.0
2855,16.1364768446839,-22.069383684846006,44.22615238987565,-18.133592226746284,188.5858796480699,-54.70499622337283,-100.369395555992,82.14281328495562,0.0
2856,39.95578442865973,-40.99967144767007,-23.905637672886236,-27.338732369317963,179.66402940512248,-73.46823262256679,-99.59816153445456,91.50093541555262,0.0
2857,54.34388972235542,-91.67555642681181,29.01016733765889,15.391853385619692,192.585488909376,-41.68154732604371,-103.23193151838127,74.80628570039696,0.0
2858,102.20201979453837,39.05450292605318,49.71936161103132,60.30997092561417,183.7778549647614,-73.5843759400917,-103.62490162637171,90.11057497122103,0.0
2859,47.78390815132868,-67.56507410055698,-15.659900515880876,-11.84332986910096,180.91468591982795,-83.53404080044885,-98.09801471502743,99.21816223213085,0.0
2860,-16.271084056513725,40.79377860102104,27.853914321126787,-5.073337055115762,190.5061943722761,-33.62771617119303,-104.61392482699027,72.95752530663188,0.0
2861,-39.89053351461661,-41.436897029527145,80.7836266623909,-92.97097993097503,189.21443779386013,-53.647290452427015,-101.47628807787198,77.43382042525486,0.0
2862,39.06462183438465,35.63565593982465,21.197436651099288,-149.32484453413022,177.6659694721009,-77.22169304761329,-99.11554895716158,93.402829937425,0.0
2863,48.04862170328579,6.92448186358639,-75.64016584771176,-104.06863661685466,188.6418918137779,-45.34776845233995,-104.55707195710129,79.48255930352288,0.0
2864,80.572576040219,-79.36418161165231,112.96226517814527,-84.37784495836146,178.40788866123447,-71.25874341073911,-96.50026802741553,92.1998301599373,0.0
2865,-87.67118107042587,-93.21640308714353,103.0465832170294,-65.33085251103343,191.40389990413337,-40.273876481554055,-104.70457350135662,74.50920284169091,0.0
2866,17.75359095786108,-79.68184647100658,98.91203465155887,63.56121383522464,190.55745799878065,-45.401502702459,-103.22295396448024,76.59087253066112,0.0
2867,-140.3349318494971,22.207506323284555,86.94730014231031,-28.792022244902128,183.9390069242973,-66.0927494272283,-98.88801400606641,83.77754522053375,0.0
2868,129.24710265793962,-96.46462482786845,-76.53749883561916,-46.57832723783038,179.79652340697007,-73.52283829860072,-102.35574793699902,95.99394730919836,0.0
2869,30.931703332514477,-54.14129412049529,-66.4299750378144,53.50175842582766,177.86302338615258,-97.80330528264855,-99.30025124130245,101.38797898183884,0.0
2870,17.97705746642126,-1.0625755167437412,-93.92533149898348,2.5217728019555743,183.449935208935,-62.66212614154233,-103.43939888845411,85.3327149430613,0.0
2871,-163.0347242308325,125.16422667184506,22.61094467966196,-112.58605273026188,194.76227132199816,-38.42071080471749,-108.21460518087143,77.53627704901751,0.0
2872,-89.99010968032142,-6.180072451059693,117.94752798938796,-5.306357551017305,188.84447605054044,-54.04602255398019,-105.38494094161372,81.09844803086874,0.0
2873,23.60248673531624,-103.62086312701742,152.72238607726015,25.619042488816902,187.44682312059413,-59.39318070716357,-97.84175448218336,79.94531483354686,0.0
2874,53.111206613029225,-7.313492834554247,-99.6395564312924,-94.36628021630173,179.98360131870655,-76.15277819714593,-97.10365470314014,92.6574017510736,0.0
2875,-184.93065022653425,56.38999474337971,49.101071906510064,-123.31748427600915,188.6205761740122,-60.88270765923529,-101.94174318490288,83.46545412421813,0.0
2876,75.52529599805156,-73.58272506960832,55.230244721541254,-66.19775299086011,186.11485954497283,-50.82077354207253,-104.78519757760436,83.65855640979298,0.0
2877,-89.91189000583229,49.95018620450284,70.8690863824689,-25.92112128636567,173.29132867745838,-88.88397176136971,-98.22463921173721,103.73612757873238,0.0
2878,45.29401812196251,-20.67087989167237,-46.845327377674295,-35.200170371382875,182.79371934757933,-64.15551393077966,-93.75189753419136,86.73124696329575,0.0
2879,-2.7430146799909574,8.692284453913446,-12.72499914785855,-102.51838178648995,183.82163027847938,-55.47072810781663,-101.60864940327306,82.15610363168054,0.0
2880,-71.78717307451336,107.33206672512901,42.91349219352535,-8.81906054487282,179.14025711699216,-72.24280887310411,-100.07669241850552,94.9487673434392,0.0
2881,56.139122296450964,161.16767942199647,84.03839219224847,120.11039738678791,189.08681719920287,-57.603014071907644,-103.20744475488263,88.61459687299924,0.0
2882,54.82247914750998,-38.57425795875108,31.371819712643685,-20.505845698670445,182.57556571956835,-60.820811299470144,-98.96509922274505,81.44130077089702,0.0
2883,27.496324331121624,149.38564139646869,-39.09658511296005,23.321116703591915,194.860878528836,-30.577817981551213,-107.78651329212909,69.15914321725434,0.0
2884,15.569475431803701,-79.43555238204505,189.31600575151194,73.83674514244292,189.16715334756037,-55.25094007406077,-101.93264669513609,85.18613747487133,0.0
2885,5.70983616406619,-59.6747363924641,75.67417750533936,-53.85200468597628,186.07556132050604,-57.410376492078754,-104.02016245997328,85.86200641126725,0.0
2886,71.15771739714407,113.04124828135956,16.63242372781771,80.49826208778637,186.61538038364088,-50.86743613536035,-101.78717386844028,82.0700864829294,0.0
2887,67.97286209099481,-45.52127008168499,72.56674534013172,-72.8909635877467,182.56570887466358,-60.855806952483164,-102.12423545503708,88.74176889714656,0.0
2888,64.32041291908743,-95.31351332203032,17.757165494463578,31.932600252166697,191.81026382877303,-39.606902572001125,-108.9949039534839,77.7658115259979,0.0
2889,87.12071756936945,-91.3587141244079,-25.082971966673938,-27.310417127216986,194.92631639654846,-43.70703973598707,-110.48940294024449,73.69918972196248,0.0
2890,-45.91161837903943,-125.59007090977428,93.70461727668194,-82.52410776695451,188.88749185165182,-55.85610894517396,-102.95577656848515,84.76061570412739,0.0
2891,63.553366949579136,-29.414131147579305,-96.87770372593174,-78.92460730176087,181.1438411134626,-70.70202787086698,-101.67908016391759,93.28012836128073,0.0
2892,-5.678152694549726,52.04995070502483,52.14297586551261,18.073284543626578,186.40306331304757,-63.11707410242949,-101.53177725720202,83.75557267356768,0.0
2893,39.38647699013801,20.154944065074222,-33.572111317505346,-80.64307844592807,185.3864387614466,-59.08483778377027,-99.14997648295314,81.1394021826295,0.0
2894,-16.28721211964197,4.7771291239622595,25.55084882083919,-10.909097137717632,181.17064880159543,-64.47099385645309,-99.45029758426,92.1670605841514,0.0
2895,49.638990702017814,-26.768925164655634,-31.496173599188804,-11.871722574555427,192.68217866335254,-44.08328706426066,-108.82748031730932,79.22302522204052,0.0
2896,26.602213082423386,118.39752493928164,33.34177664046097,74.0319100800335,185.2088203570129,-68.35116788608602,-102.00164070046054,92.72467945489767,0.0
2897,-19.659122764004078,-39.86972732181236,137.34545097691515,46.11767135988448,197.19139559861958,-40.18230699405518,-107.76764258211402,70.39179998977161,0.0
2898,-32.41173757710299,111.0780408320235,-34.95661367610141,-95.72900358701118,188.90229607896123,-52.33770886959759,-104.41560927749336,77.68768969239439,0.0
2899,-60.79508478446518,-80.97023813177222,79.3220093546057,-103.74994893464546,179.36109438772704,-69.58948808797615,-104.65311299355461,90.01409465481457,0.0
2900,6.836271408545863,-76.13289840944016,222.91816976820851,60.255444182230065,184.20610215792712,-78.23064115575954,-100.9203608679135,97.18331069513768,0.0
2901,23.095152549266214,-18.665545714784987,5.095876414396133,-34.565021886958,189.86343936791081,-41.98333404040149,-103.68822201540033,73.93091570182014,0.0
2902,24.93243137851843,-22.07926798594571,137.56713225020337,-14.345809222528178,191.38990770723552,-51.115775938885065,-104.7841058573633,80.95141602203672,0.0
2903,14.661944187449706,0.380512334211458,-33.182116155000195,-28.235128554668616,178.43395739732907,-75.28148005543036,-98.08707308476359,93.43528664648467,0.0
2904,125.594209530724,44.02435686515578,53.79872097218477,49.77948360132868,182.21418497482728,-60.29170785816729,-102.13713724498146,85.46807313798509,0.0
2905,61.03268056598522,-27.265866717308327,74.01886665747593,1.857591354528304,186.8575960858578,-61.5689326796748,-103.46041657151375,81.99190448378805,0.0
2906,-47.75441554147579,38.32859810742258,83.95793223505406,-0.7676316502876257,190.2628358841097,-56.70765207286103,-101.78510086242503,80.38353075020653,0.0
2907,12.46104953476056,44.319312199579905,55.46884868963934,-76.86371232858262,190.96228973128183,-54.01620003104067,-105.89613398585351,83.51895164529952,0.0
2908,37.14237032196118,-61.90433581654069,23.014745064107796,3.8369783302957594,182.9403533775872,-61.993841301869445,-105.67278635737412,90.78552966764128,0.0
2909,-142.45051978131167,1.0879768252587185,22.680740835146,-115.77007035298404,181.58236446556188,-62.44215770030925,-96.98241487826228,88.6817709832071,0.0
2910,32.37057282055825,-28.705792665519063,34.142015087319656,-27.75755667054322,186.8474447434702,-44.016807535585116,-103.3219597859422,77.00396366077996,0.0
2911,-1.6538017038179975,-40.850752251233104,2.7221044278075146,-112.57305009858084,187.39484436542574,-57.25972787716858,-102.3831413362844,83.88149754138036,0.0
2912,28.257378390077807,33.49816673470571,-130.50817641505498,-131.29153407224314,194.05638658395657,-38.63214051777413,-105.48691894960042,73.122122708384,0.0
2913,-55.191832573593004,18.808026708636046,7.4734843120768275,-73.84724174516664,184.36073567992358,-70.56572558617546,-100.33368300203682,88.23387757099086,0.0
2914,-116.42394100737421,113.25226337158578,30.438405729160838,-44.28055616167613,183.60745199382467,-65.99013770055008,-100.74216154915133,86.29587756492333,0.0
2915,-164.93643397904702,-28.42229090823738,119.14505795473205,-72.47472607448064,190.46763716272108,-46.36645916333574,-104.18937214017487,84.16120607578492,0.0
2916,55.03336593896386,-50.990484614134665,64.21466473823617,-28.964545242218527,183.7793125843559,-59.65216157071164,-98.0306822978054,77.32861842354143,0.0
2917,58.43971077765997,-152.1241282114928,42.345986898524394,-50.277146158280736,182.73917622865085,-59.81368044125971,-99.85965045889387,87.12835502831791,0.0
2918,0.5772363379198564,18.66182423571376,44.73837956002807,-27.923890459267,185.90603373362418,-50.13503013301987,-101.75617226764267,77.56477274058219,0.0
2919,13.950617199868143,70.62068437558146,-14.850836680987134,-49.190463714290466,182.52557972708456,-72.56626684013192,-101.01299828289244,97.48649886878268,0.0
2920,72.47707230149416,6.907858345101525,34.09431734115573,20.51066402768963,194.97905617961442,-52.16432825810762,-102.80963948758685,71.31147063614532,0.0
2921,51.967277918887156,-29.400622875335635,-51.93639381846123,2.189783158154013,183.0910968072428,-68.04479465874084,-100.83075368647664,92.759127738584,0.0
2922,58.12879639808246,-56.080350688531524,-13.293196583221311,-42.90037096688303,176.31843877984764,-72.01581380119391,-98.25046680291581,98.42635166818637,0.0
2923,15.309639576376908,-69.67718168061174,34.957803296544434,68.27761728173942,182.92405736680828,-56.90579702232749,-102.22040783798917,85.51521921090358,0.0
2924,56.12487165598215,-90.17089541207095,95.37339770940592,-11.623147572566218,192.41907134517567,-28.75260418405218,-109.20553957070237,68.50730629213092,0.0
2925,-46.48768858722108,-169.98084300755107,161.50566589759416,-13.462629612842662,184.9293114438905,-52.833379005049686,-102.90957281887295,86.33870373986655,0.0
2926,40.401985313806435,24.549272343041473,25.93285086565546,-118.66736166486753,179.27699845770277,-68.54826918154909,-95.55832591267813,89.74689969667759,0.0
2927,54.95779602171762,-135.94145167100746,8.83379024470951,-129.04929302530778,184.9248191363838,-64.92812628089767,-101.80397434921736,86.16473834680937,0.0
2928,120.43029820508141,-74.94940484818402,88.0709160390852,-14.178190293686399,192.14022825894781,-39.17493788904336,-103.14137968705792,73.86618090545551,0.0
2929,21.29505071636303,169.02402985873655,-79.64659561630394,23.61647105619209,179.9940535561323,-78.29047427596494,-102.98311650202275,95.21527634999245,0.0
2930,95.9746267718548,85.8465100197207,5.553170810632357,64.10706992900602,188.82879681850346,-48.57076562099033,-98.40309593324494,78.4432024504775,0.0
2931,-140.76418565267718,100.31341750456608,72.81540590645847,-64.84708094746479,183.77139171989455,-57.88942801398228,-103.39863701272012,86.65115853081387,0.0
2932,-9.635439709714511,-70.60427706704573,66.89385633509094,-26.51859297950684,194.63329055409127,-27.507023938597584,-106.30086036835182,67.30337863903966,0.0
2933,-164.57098907042948,13.217196107896278,31.120764840880575,-149.36187324762392,190.20327925713514,-50.06960928833779,-101.65522880798916,77.17574275762315,0.0
2934,27.2925177625743,-36.42883585141787,129.9225932435347,-64.80050729551077,177.11384795225226,-73.3436268817026,-97.95406879285726,90.64980697169166,0.0
2935,80.96119094850285,-87.9847060138555,98.57110619499107,-97.87769525354365,186.49741842884114,-56.33395140350938,-101.66693041041523,83.32339975644453,0.0
2936,-53.589112127211436,-88.2562109013625,-129.02149935284712,109.97664586829173,189.46483490181177,-58.105722969026665,-100.09759585711704,84.63794412537518,0.0
2937,-69.42087285954705,-27.61210021135768,61.894871347071614,-63.51407177422605,191.7759026351131,-58.08773027880227,-106.0889328103385,81.93412179741176,0.0
2938,-38.22692660426892,-47.64229118716864,83.70335658141474,-50.30549050548685,182.77420302681378,-57.38457746264447,-100.14948289713621,85.5910528856463,0.0
2939,-97.8832416403238,-12.32072422674873,84.70300832793211,-46.904399818731896,183.43716414298947,-56.139720202726906,-102.42873638045873,85.55536442713502,0.0
2940,60.743617057322275,-63.910487463172785,78.70990494336581,-58.24647501243062,191.15127822317515,-62.477874812512184,-101.55982991924456,80.49447625910119,0.0
2941,46.00442107919643,-8.687349097303631,-58.51765066435619,-103.94258721058478,190.43876830228632,-32.82578690690997,-105.60084769929915,68.3252590936036,0.0
2942,-13.056966783276492,20.303042974192298,-41.489348919733175,16.93125823625946,182.22282039733403,-71.72915098661936,-102.87632631321677,90.94135930606477,0.0
2943,90.01189131602256,-127.79570270024017,145.35475810271987,-16.869150718115726,185.16585601474463,-67.49079603045875,-101.81947355790204,84.07181332958437,0.0
2944,-10.756039161775155,35.83077721986696,68.69454512925344,-81.63696468044759,189.99200350966873,-37.23308872889464,-105.30398227447961,75.243338259417,0.0
2945,79.11366012697891,-83.64544688236111,134.14906502730392,-64.38442026698776,188.03862962760064,-70.31972378372409,-99.92729405976536,85.94770007604997,0.0
2946,-51.892750937327534,33.43903445813587,51.80459276416415,-65.5913709839096,174.4826775336207,-75.95858436433647,-98.53241789040298,98.44705716734968,0.0
2947,-61.057560929548096,53.67051489105255,14.377867759419624,-72.70841944362161,185.17256337967297,-79.12243687938023,-100.70158398631982,92.18683940493972,0.0
2948,29.970619351610424,-13.193490011328615,-28.854303425904437,-41.104705175834916,182.60061415077263,-81.78919002942854,-98.19780139590318,91.24701433960365,0.0
2949,-15.137097179399033,-77.4839328163775,97.51367840309554,-38.595375902849455,185.39892945750205,-60.46758466082175,-99.6777475612187,78.01787751705248,0.0
2950,-59.32575895213408,-82.11115909264768,53.114628723245886,-124.11442061485238,188.9301462419715,-59.72761503079953,-101.41041432061155,89.25846244366684,0.0
2951,23.02195958310388,-9.567913857537025,181.6595579335041,-170.6969164610136,193.45273053803817,-30.32787095604061,-106.86828691202987,72.51866425175369,0.0
2952,-140.19088341128955,177.3977370699074,88.95587032501135,21.90439873604396,179.74563195473317,-79.21616234272344,-99.29633546348947,98.2089403761428,0.0
2953,-65.64675432372513,38.39389355763279,81.13869782362183,19.916250019016523,185.12153683532017,-56.69586218381087,-100.9766089390613,80.37849798236346,0.0
2954,23.585600554157914,11.814756822633738,-1.6988781620198845,-91.12662100046413,188.71222830726583,-48.67271272470383,-102.04778131320666,80.37453009526992,0.0
2955,83.89956153032941,109.1454896330709,-29.516254431353705,31.07989903811218,177.20869634160928,-73.03303562138255,-95.88149124113352,90.39707601406126,0.0
2956,-120.58189199995573,109.834269404606,96.80908420777023,47.65012027113529,-175.26336764284898,85.29615336911527,97.56063826262528,-94.44986063418806,1.0
2957,-9.272801476724101,11.518481676131781,-50.585852712843945,64.23383625831927,-188.48518698105514,58.52630769443958,100.94974458224824,-81.2952548821994,1.0
2958,-23.266031982578536,-50.1118246414995,-36.07525296360043,22.76672353778221,-187.10516789520523,51.06238745913067,106.10241127497673,-81.28702710998618,1.0
2959,-65.97674193676939,-143.12855328172725,-77.12766370542641,74.98259291791325,-184.4865743498515,51.54924448473497,109.61354220721527,-81.24948620229314,1.0
2960,-55.86237706227338,-56.224797926468476,56.17356854064198,43.98676369405613,-184.32719646321186,73.81223282739559,97.20483326956388,-91.86790946812793,1.0
2961,-80.75831944444349,22.35448145162954,61.89959288188409,9.37876832454263,-190.72742430311288,46.44213094166956,104.00318637145054,-81.38728716926911,1.0
2962,-45.22211570078418,-79.3111737910511,-6.127176394028106,-38.684278205859435,-179.5952764868482,79.11514977017536,100.06185592382325,-94.800723212879,1.0
2963,-26.477599739950193,-56.50601327403679,-52.40723278732491,82.62860413079505,-178.48910223142994,76.85549118678567,96.75951294056073,-93.21788647058594,1.0
2964,-65.35254753910003,-99.60492664305983,-60.70327226023638,42.93921054318432,-190.08098806346396,45.71073575740503,104.78583985716779,-77.40522474279744,1.0
2965,9.44950450882125,-23.250007986316575,51.79395278133793,-74.19784315612168,-183.1059269274919,78.36968106622332,100.54256465351091,-95.74455657311921,1.0
2966,-53.40450851527005,-7.1604812537326925,-11.834233407658223,39.14546560231552,-186.95373426992361,62.13581774763729,100.62607424844076,-83.39913855984719,1.0
2967,-176.61581567121613,13.425682503893766,167.35554198179395,48.25782152054002,-186.69761842428338,65.63174209187964,104.60121079725951,-84.60712686934279,1.0
2968,-78.5370848739944,-119.30535548734018,-42.114449718480984,58.900898520167175,-192.44489070336698,40.64673597133388,101.64780519226667,-72.58569477364279,1.0
2969,-44.42002063224958,-43.31732701931412,-32.64740018798311,14.573771227622684,-186.70450711923016,55.229360395902624,102.02747542993664,-77.63265862564367,1.0
2970,-88.50879670055352,-21.87493704104967,-29.92353226108959,48.53309106134471,-189.71964010877832,68.12079649295427,100.7107280049473,-84.04675909180972,1.0
2971,-18.150211261602085,-127.33837932124663,76.33601455812276,40.36196382525369,-174.4267877983003,79.9972652406398,99.43438108461743,-101.12940972187447,1.0
2972,-16.59284561562729,5.91488552367646,-9.552987560483327,67.74976854298869,-192.7921507583318,35.8810301794126,106.35283087312222,-76.96109021688706,1.0
2973,11.275320139998374,-120.08128979963321,-3.888060752876654,38.87263463169035,-178.5532255419336,69.22743367765139,100.66012295530845,-89.58303409579322,1.0
2974,-44.60435591727014,45.565828116872964,73.33973333865815,-114.49234694217863,-187.22313393748883,54.15759074863033,102.59682581466825,-80.29190854745116,1.0
2975,-40.63105601195607,-61.45214707818087,-65.71400007985334,32.01592579079099,-182.89706303919309,63.505988710678885,101.10399847495744,-86.24241435662421,1.0
2976,-79.09401631597328,84.09171307610217,63.739320558840085,9.831318404305861,-180.76719428607063,83.51509000126664,98.49227003977626,-97.20231498432244,1.0
2977,-23.952964378942124,-6.5041382625355135,-90.57396727381581,106.0756779128674,-190.58247330359887,58.068049463910256,103.81981189734742,-83.55223912531372,1.0
2978,-81.9382748542123,-142.12175801291266,-103.60601396894502,73.67207421493399,-190.13994665345223,43.56178336398905,103.73480520578015,-80.70206435513573,1.0
2979,-94.76835639275933,-30.97505793459488,130.67367608487294,2.905998423342959,-184.1001439702497,59.41474954238979,100.52057498097449,-84.36864181310405,1.0
2980,-9.291455465421317,-57.7380692224422,1.3835028874470412,-22.981540653228873,-196.9477557002126,49.29616820940415,106.34153345253293,-76.77654850026403,1.0
2981,34.412104925597916,-21.70719873695036,-20.7691901620592,-5.363399116383199,-189.7404723809543,48.58179211256663,104.51119708308104,-79.67180707782357,1.0
2982,-54.0631887562839,-98.70358863337894,-44.57898852311446,32.87232292319213,-184.03594394878317,62.066177960121514,96.90195358408943,-88.22662860187607,1.0
2983,-29.637901795769693,-148.6992584664303,-22.542709241922775,-13.01592134399263,-191.47564816635827,38.634801582286485,106.82173858752128,-71.37851543015537,1.0
2984,-54.95606985830652,-78.39634121203447,22.747647109829025,23.732417149294648,-185.74511076560978,56.46181033606424,102.84413647228425,-80.78166291505653,1.0
2985,9.768491582068462,-96.87914275879722,-50.518649282667305,15.839858541578447,-187.96538468488598,51.37857512564306,103.81966058932662,-78.0442827062864,1.0
2986,95.07942637452724,-90.18453855535145,-76.29820158964613,-33.721000008490485,-185.27998137560525,63.65743762532535,103.13813028958792,-87.17242660529799,1.0
2987,47.95156480072957,-182.03287119508633,35.66364523683955,46.360335405007355,-189.08022576940084,53.87375897846003,101.84321275899882,-78.52184692399064,1.0
2988,-31.265393286424768,-97.30562755099511,-65.17887523765431,44.803658368078246,-190.07875634230436,48.40786953974737,105.7245219052816,-74.3774889370312,1.0
2989,19.15631529235906,-148.8517117647287,60.24890165460013,13.83964988906583,-191.1162825988441,53.04553307560246,107.76292498676841,-81.33642102598455,1.0
2990,-46.65982801097083,-154.83334738695456,-118.23768312103739,95.15271909571545,-188.33897624464717,43.67164910344756,99.31267124922212,-75.32939354473035,1.0
2991,8.34664076029007,-132.36174919754075,-67.32633645814268,85.85672226283612,-186.8836975180472,51.61968943132657,99.97487083683461,-81.52253773056786,1.0
2992,55.93181857247286,-117.83463899684033,2.1758350733295906,54.167883816153115,-180.19171856193054,68.74167779399522,101.16956534036392,-89.72198110122294,1.0
2993,11.302605147097749,-189.7890075200047,0.30571074365581263,38.358984953655565,-183.62206373665825,74.1328445573811,105.65681152856406,-88.23348372942566,1.0
2994,126.70190357462083,-132.9423807765842,-74.11857307735397,41.88466578088921,-187.4032819409136,55.23675452615382,101.92588635447848,-75.09245984585716,1.0
2995,-54.55539051075758,-70.18478153159917,-56.69763797945626,76.81129609649847,-183.9047353704057,75.78576662245351,98.7288944793388,-92.14311644097297,1.0
2996,-52.3268205156365,5.550968962460018,-50.73396374281983,64.78461886252404,-191.7683277623839,37.314864781893085,108.01748919188913,-77.13435361385879,1.0
2997,-119.84930433956794,63.0966079636714,108.08817234567681,24.289468849267276,-193.06993174739966,46.77927845816047,105.60237018907203,-74.53814060314117,1.0
2998,17.133964990492167,-36.16702259972528,-75.11724569920295,174.48158738612085,-194.47902844246445,43.61717037261681,107.65763271741201,-78.4823843169679,1.0
2999,44.12649596431282,8.981853792175965,0.15219468069663233,-142.4123851148734,-185.03935656936693,66.63172525511597,104.99979557535792,-90.82930524291399,1.0
3000,-132.07873319457067,26.136374327021993,118.25648251373842,88.17400897390287,-188.89542002950532,55.76310881740606,101.43328061874945,-81.32680505647069,1.0
3001,17.91933619837097,79.03948167057749,-56.22501700558546,14.792955317419624,-176.36893359631563,68.43514974128003,100.32802308411601,-93.36093055308532,1.0
3002,10.89715805981587,-116.85944027546222,45.61754251766989,102.83303611086838,-185.69415379025315,51.23459569745648,100.33170101414464,-78.127677591399,1.0
3003,0.0346538281590425,35.34689394099519,48.58655360803323,-38.7271259781072,-182.97328613840347,59.930608045563226,101.00607808291286,-86.4347755459637,1.0
3004,-63.00978105742363,21.49272620747714,6.039767690392139,65.71471108135376,-188.26148218458613,53.274669885025816,105.62283018639859,-83.06379444975057,1.0
3005,-85.79700037104546,-133.44246981139793,-131.35470312063094,120.69561427425018,-187.57211333820953,61.25600130798154,101.4370208781702,-86.15853283664502,1.0
3006,5.210031445420621,38.662518584476544,-9.897568612861217,-6.629334185078611,-188.13275954435073,56.74340379090543,103.92184783420177,-78.73321162610577,1.0
3007,-9.87286652521679,-85.45951014668336,8.94450336484246,54.647551325644294,-189.42966373921652,43.064574548283616,101.28568592851744,-70.53963068101403,1.0
3008,-49.88550286957628,-107.46933313456293,-54.67308719584223,21.99063234950206,-189.35607766242822,49.45764295459005,102.2691780191151,-80.00065886378432,1.0
3009,-47.76386367444856,22.450314918260826,21.01561340619202,-3.450632831765726,-191.43379951098692,53.562264955392926,98.88205545037754,-74.8951011867245,1.0
3010,-124.9696282828587,88.40158545615633,78.26342005493494,23.243429764373293,-190.3109712164988,50.92187295469326,102.04408926333437,-76.85581288829837,1.0
3011,59.15894886425409,-158.01901238415985,-30.053187774984902,111.10018668346714,-185.78606751844129,69.79083157732263,100.67176255403193,-84.55351527951741,1.0
3012,-91.75004075786894,-111.60373734631573,77.55453727531165,57.09859813068208,-187.4317688292091,56.52164182583377,100.59228021391358,-83.68530232790823,1.0
3013,-95.03904106915867,88.86044169341568,-27.56910843525896,-86.1239959010569,-178.0862857350779,71.90933555177621,96.68386539104246,-90.99360572390962,1.0
3014,-7.106888573826032,54.209710416538435,-51.02277784458583,39.92825186289876,-186.20029081720318,53.058477634485754,98.28184632589715,-76.01629800302725,1.0
3015,-133.88380848286008,-54.95839437347843,177.64974712398694,-25.313563799275094,-186.41756429320853,53.10905609664409,103.55339528583954,-85.79665543612612,1.0
3016,-32.23042480846258,-133.23163849732993,58.019702430302175,8.072734667615727,-188.0054933573115,64.4310455824085,96.42308135090076,-87.59059415678152,1.0
3017,-21.58010971743668,-1.6154119361305674,-32.66287194126942,13.807952655681522,-187.6517546362131,66.62439934314546,101.21540313615021,-86.92595573476022,1.0
3018,-33.60289795949414,-53.938884653650135,-12.874824882512497,-12.054086259831454,-186.46580285485362,61.68048711561277,104.59199254788568,-85.09700838646499,1.0
3019,-19.298986280769594,40.33645592646186,82.26054220457874,-86.1208987010751,-188.6439869808615,50.81954741429385,103.59778910353717,-81.88619089859901,1.0
3020,-81.11289558852364,-1.641988071757633,82.05109756840741,15.525970369806636,-191.92178631920967,45.82074493217906,104.34535179823845,-77.37289006768484,1.0
3021,11.17082259126126,50.15870014506799,55.46442339324825,-88.50087367696011,-190.8167812530498,55.06424498332308,101.59867495488346,-81.41231352103561,1.0
3022,-153.16440292528148,-141.60299190066138,158.63979059489102,79.07025414854122,-193.31144302454254,56.802605826570584,105.56331443896967,-81.02692558724898,1.0
3023,-78.33494116427235,-76.12242027687495,104.53480550496622,106.14093831071835,-187.60436138741346,66.81361528833236,105.48336796834344,-91.84109776465857,1.0
3024,-51.44305337573094,-103.5024624549067,82.89161823311704,29.607031422145898,-193.98096678055938,46.4160376425598,103.61078130940409,-71.94916052642091,1.0
3025,26.886097158593525,-36.202197131530134,-51.6258439929682,38.47818157891047,-185.98764334522767,74.0587525564271,102.65415188349581,-88.48363109706037,1.0
3026,-58.54142817810669,8.033481814105775,-61.21948279954942,78.49457143179681,-192.0734800869625,58.48340246340238,102.41293270892659,-77.48967274629453,1.0
3027,-24.690009948721087,8.320391809863443,-60.67926536792023,54.13364188694156,-185.14243629413767,57.92305150950882,100.23550116891121,-89.11129508463655,1.0
3028,18.818661114740685,-110.47224516338963,-22.653245768763743,40.167470235673136,-191.12219562529424,51.09017671675524,103.31941006182767,-78.05383934833766,1.0
3029,-154.75462265356012,-34.62338023147221,149.56324185761892,16.70384867364439,-179.24392334971296,81.79837880483684,93.39854642011909,-95.131967632293,1.0
3030,-55.08848592527513,-113.15984632652021,-72.7869717624494,69.04222669937587,-179.09126254181382,89.9551902081732,96.52233681472842,-100.57224719185595,1.0
3031,-7.084064211098856,-45.74539775715133,-27.115448002550025,9.518873111469183,-180.47345454454887,77.70784659009036,96.67353103924253,-90.16527229314131,1.0
3032,-8.880208619678825,-132.5295480643976,19.187836753178107,65.6293349311704,-188.11377345951837,54.84000812557476,101.27705959821206,-79.79747104683014,1.0
3033,-50.452814683103085,122.45304727179973,30.588848590151578,89.89750094115134,-181.09148457138625,64.5764212467574,101.83640946717168,-92.83430890907808,1.0
3034,-1.7475306410227875,-41.698218453717864,9.057788927328225,31.182753809198164,-182.0746036799568,73.615788089609,99.14668769921246,-94.44346855144349,1.0
3035,-52.81396083201,55.621427364953455,-7.466814182059611,-18.16330042653902,-191.14185889374914,57.88346500147996,102.83142832141067,-85.82773174715618,1.0
3036,-17.225016054272448,-37.647575169860175,-80.43566596316745,99.85350210899281,-192.52078554505312,48.08245965489424,104.17688891965022,-73.22813335874676,1.0
3037,39.88921801736552,-19.374987547564178,-66.93463358810776,74.93026917667316,-193.5416384515565,37.876186163034475,105.52439350373463,-72.90366986176522,1.0
3038,2.147180468962573,10.40071442890299,7.37501722322162,-13.578827386670334,-185.95114835576965,51.81971000854241,104.47214480212344,-83.09579506737728,1.0
3039,-85.25733769758386,-141.0867913826583,-257.22932296883863,251.20861549635868,-186.60348946598873,69.59062389496829,99.9033397185178,-88.40477661903124,1.0
3040,-44.98493444380914,32.3103766361077,16.059267722979875,-13.769863173718644,-184.6423301846978,72.51335445505197,101.6891430798194,-86.85110045952457,1.0
3041,-69.78631480606936,-9.914184846131446,74.66867061001294,50.731836528029504,-192.6569107353424,57.72595102890463,103.55253306108925,-79.67104764502923,1.0
3042,-52.14882858240306,20.535573966091203,31.57410379037213,14.666678054991564,-181.3636997145912,64.48030952656394,92.90390822202608,-81.97019523560424,1.0
3043,18.072053126996078,-56.653839998698615,-0.2877407192644399,-4.0411295783912395,-184.1037469456658,54.61096173589241,104.46567507643786,-82.40316637349966,1.0
3044,-96.02197693239329,-34.64253409433102,131.0335324057287,18.176890265279415,-187.20418501387746,55.138625934368335,97.35935818878819,-82.14187262237753,1.0
3045,4.863585492293371,-68.66624610903858,-12.460134191555273,56.538820950159995,-189.4609031720557,38.460498482733854,104.26978134490678,-72.2074019708854,1.0
3046,7.6658239081227375,19.422399161278815,-44.25821387801272,79.11974377541718,-188.99087378072517,64.33966406939403,97.2545654214676,-82.1156960294229,1.0
3047,-2.0633064498255305,14.217307435772607,5.707529826766089,32.35518693231948,-179.78731743202613,73.56527163737242,103.7197583487175,-95.77772410742726,1.0
3048,-59.68837904809694,-64.79776382743555,-96.32461633199937,79.88766186839584,-186.9692758676934,66.42404113662185,96.93482602876063,-83.73577160048326,1.0
3049,34.992704385989484,-40.46566958456943,-22.868924648259924,62.54184910914249,-187.97846092362454,54.997075421908065,104.03708388074907,-78.18167591554382,1.0
3050,-16.08904481274004,-31.142556135328952,13.716604009905629,-3.447459263647623,-191.5606924214837,45.94995390224166,101.73550785341128,-74.4126742685283,1.0
3051,2.385423395592423,-147.44063985588352,74.68285029060507,9.590597063515649,-181.1753070401642,51.490260622597944,104.22435947164941,-86.37378634626957,1.0
3052,-55.91072900576084,14.148806900454613,17.509554919590144,28.007112205768458,-188.70889204589056,50.11531159301033,108.18616213137078,-85.72552290575217,1.0
3053,-170.2042876867081,86.01521963303986,172.56799894548902,17.903048588999326,-199.8128906472869,24.407690891779495,110.50346540218204,-66.32564629317883,1.0
3054,-58.794392004124965,77.05082478074998,-9.372023923420858,45.10217051076826,-197.21397107829142,37.31064683468623,104.17741382565741,-69.236045300495,1.0
3055,-2.458809019104108,-135.07783361749355,43.31558481886174,48.73555345875619,-182.01241034540735,77.89867680888824,99.84832190138044,-93.239035889416,1.0
3056,-11.679480489069022,67.02292602781867,17.82069812348278,-2.3119521257119855,-190.4342656793816,65.52704151151174,102.52996616431817,-85.65060455798837,1.0
3057,14.687910940409898,-43.67159042412771,-10.963120910303992,-26.374759083927046,-184.45954419000597,65.04556891358249,102.11092719217271,-86.59313771717186,1.0
3058,-10.08852530657402,26.32624852949116,1.5577958957883276,-20.260298130772924,-179.65137549808767,82.94527335720171,97.65825802744129,-96.40527825058942,1.0
3059,33.37450958606099,-43.2644335874808,234.06045418311692,-70.60403044945,-188.347345744278,60.551636528162696,101.24577629601544,-85.75806201032488,1.0
3060,-67.9432964374805,-43.538457234383934,-24.418399599606936,4.209210476637015,-188.1749906061919,59.63782687979402,105.35127912399676,-84.49408532869239,1.0
3061,8.88014037588405,-65.58056480579285,-61.063877513777285,56.89770110888656,-191.26998141889715,50.495437238521696,104.41840623766943,-75.49047343860357,1.0
3062,-149.30429579327298,-76.05759006248795,163.72336290876495,44.21126379951239,-195.0268800628162,46.34730796636347,106.96240615400875,-72.25571268416512,1.0
3063,6.068315156724907,1.2279833941620522,-40.755821831574394,39.45990197897564,-179.92806132549836,75.41953817695989,102.45286978779305,-98.98533823506682,1.0
3064,-37.56880754584658,-52.522470634994434,-9.314860579069329,34.12038400507632,-182.94023338857357,56.36385016034741,100.39616578551319,-87.33138406642358,1.0
3065,-113.05985949626209,149.13810730224284,62.703836179325634,75.83822953826103,-184.37082332403438,66.91391711192809,101.12706312619507,-86.57085684357291,1.0
3066,-2.1223739824792256,21.453476054436127,10.524089538845406,49.097204808429346,-188.40319884384493,47.68908505862281,102.6917415631045,-77.60638337761615,1.0
3067,14.994712370329683,-5.516714243281983,144.71249840623784,-105.71126475569119,-181.96925319202677,65.97297853685403,100.23238199745427,-87.12933745673756,1.0
3068,-68.47544931779372,-21.066575492262977,91.53550639164723,19.283659774937636,-179.43106211304075,76.77418475698109,100.36851488253014,-98.04483776713536,1.0
3069,-5.170420831535294,-104.20615380604082,-50.52862502013389,21.21486059799183,-190.37895078813065,28.176793307987243,106.75337741534882,-68.37632668991714,1.0
3070,-30.30632037719345,45.31358130736639,-10.428254998755971,11.95121862945846,-179.8333030526486,89.32226433543651,98.69236528635618,-99.11856665179572,1.0
3071,-72.96214461712492,26.71483196332768,48.107246594375276,70.9872456727062,-183.39793845059225,59.120597325335616,102.46749438486633,-85.60783031607026,1.0
3072,7.218883650374142,-6.762857641127823,-165.88371743576147,38.085646038053156,-182.8042018423931,77.21071415821575,100.95504947245371,-91.9317712506759,1.0
3073,69.0208381955923,-117.50343588386872,-47.85154030035652,45.270076927725874,-189.05075876670267,37.33248293099652,105.25667463912329,-72.02624056480195,1.0
3074,-4.566346933264032,-38.68622871190815,-9.99496898601765,16.42569067220881,-181.16006193189398,74.93196180613815,102.39255129068617,-101.05292474153931,1.0
3075,-109.66483117545407,6.532092483503421,100.1617864323405,42.09867733139355,-181.70456547787188,69.14417431757049,99.17516516919412,-86.60108440381937,1.0
3076,-38.15378280923063,-8.751894080153921,80.15010972951886,44.772958036557014,-183.3121092026378,68.34149814383922,98.94742257260394,-87.64317281929593,1.0
3077,-147.2704531126184,-35.19637752923838,174.87158248980822,1.940294597887099,-196.86094675349514,31.535668981281017,104.50045272291791,-71.84853618291356,1.0
3078,-74.74646553998721,12.584234897352642,98.89712084002487,53.08308992763104,-188.4397925668259,64.22298360756274,100.12829732406016,-85.46444304298609,1.0
3079,9.122776587454705,-153.34581496076268,43.611509655313434,17.974094223820867,-186.05310332103176,58.711196445644596,101.2932531767336,-85.00203813004967,1.0
3080,49.86045168897104,-147.35265393303357,-5.761900530713176,-1.875460241693383,-187.40913289607,61.62413834480576,102.4369335955796,-84.66746021803488,1.0
3081,-78.22287225381177,-11.38443032893709,-76.01753339149778,57.60220428165515,-189.67670105779996,49.583409848166774,103.88073540241311,-82.64618635505543,1.0
3082,-16.38394666069716,-46.340955512884605,-21.290615219246657,20.065938282196754,-184.0804625370447,77.02704147793617,104.91616329814539,-91.42220863346202,1.0
3083,-25.069364516765074,99.49278144075255,104.86164895273478,-101.34698977771457,-178.10121256009688,77.30475516910255,99.40147160581195,-93.61489558081027,1.0
3084,92.28302860198924,-54.802209672382716,-126.67810947154061,43.16704012081397,-185.10587626390964,59.65843910931494,102.21674424437236,-84.80738096355033,1.0
3085,-17.237819687632474,-76.94414950881128,-26.49379769179845,19.483081069279255,-185.79902479807484,59.69485475404122,101.23771957470021,-80.49100881544639,1.0
3086,-9.30527747893345,16.395817681951275,-53.0682595001578,61.630014165887026,-186.33951445190243,64.87677922543627,100.76746018710695,-82.88723485248634,1.0
3087,3.573165758173041,45.203723116661564,39.00321616465596,-66.97481379808661,-184.87407869098695,66.65536725618834,99.411068729268,-84.44389952966918,1.0
3088,-10.196346338277495,46.257360169864214,15.37601732700381,20.192043209274324,-192.11914328184838,39.02942586112608,100.75881178968088,-71.28460523428676,1.0
3089,71.15785621941342,13.57605953748825,-136.02037718320386,11.839378569526204,-181.8789691141966,64.35067278402164,95.10823661528329,-85.82267043283741,1.0
3090,-34.14752266242301,-111.71174896084963,-133.4434592221559,141.20655043030524,-196.9683236024986,35.0849256378108,106.5883738535093,-67.93254495973649,1.0
3091,23.555296906671742,-21.37334253516279,-17.898251643558176,6.2935039192303535,-184.36753377837212,50.29352598836927,101.81976289794918,-83.0274513988724,1.0
3092,-24.86434043556089,-168.59406417685148,73.40204270713615,56.06987590658255,-187.62404178835797,62.054914851477406,102.57963449656947,-87.47765490566964,1.0
3093,-89.86648171281705,22.555628184700915,16.49129862545626,88.88661642569289,-183.80790578237378,61.929766390078655,99.55755662067762,-76.40266078171443,1.0
3094,-75.42493610153691,-120.22001715749045,-108.5344803917177,91.02073441932227,-188.9551379244885,60.86729466745948,100.17521655572595,-82.99369988490083,1.0
3095,-73.05999920711321,-68.31173948584309,-92.07866013993751,109.46262987905739,-186.62461838015173,59.77155234512184,99.54793104520081,-85.1271686259488,1.0
3096,-3.0355084941928845,-61.23586581250473,16.475587720997062,45.62042801821944,-193.64190981537465,60.97304520109492,101.65208790541641,-84.25567531216473,1.0
3097,16.85906186208109,20.278002248474593,-4.323522451243289,25.07326470226107,-189.26716722284462,51.09313194351178,101.58301173008695,-81.18337818717262,1.0
3098,-47.462641514069055,-17.968513098937652,85.74239848955042,-2.4026547064715906,-189.61009434125057,44.64106959479895,103.82600180783923,-78.23791419057227,1.0
3099,-37.13781354607836,-34.507186581648426,-68.28009324550368,79.6171113213036,-181.2941700485248,76.06074246619941,97.55668365712565,-87.783523420998,1.0
3100,92.96695704964893,-207.79287384107138,-39.128305549772655,28.336897364244564,-178.1707576062189,89.77240943870957,97.75185534092286,-98.73419232059254,1.0
3101,-57.83219312390013,-55.2167541018165,33.39069067969416,-7.670418606065599,-190.05181374868144,46.677663423393184,101.48322366432392,-73.54166965488884,1.0
3102,-48.251083400924074,-44.34699361610935,-81.71551867738016,93.83797268307865,-184.05748225165183,60.7575675609908,106.44280697018245,-90.9391182154717,1.0
3103,55.208790141938636,3.088633885175718,-113.18454296916323,-89.41438279083465,-190.6682844742405,62.761151000860906,102.99870946359361,-81.13283403705469,1.0
3104,-72.25116985951281,-30.248101578220787,-67.87139783605292,96.31841847021109,-189.55029430804055,45.84089407994372,107.45855304895926,-77.01015921290539,1.0
3105,-63.39384032962438,0.4881152506682307,107.38222719982488,3.3285368017891335,-188.072944242111,50.11164035592972,104.39201471740022,-83.66520383941415,1.0
3106,-56.04625231634015,-82.03668165011422,-8.641879079092579,8.753904778585703,-187.54828006624464,63.54048938036103,100.39326013942245,-89.25326541083818,1.0
3107,-7.285897961278737,-76.66796977687906,-32.238935844647465,44.15172694284234,-187.29197780282126,54.67531306820659,101.86098203676853,-81.94010194926953,1.0
3108,-42.22263683565251,-61.9704913485909,81.13138094952335,38.76514425991985,-178.67968881595849,63.47739257260945,100.90526361020092,-90.23426377772581,1.0
3109,-68.52116322769568,-107.96584518214173,-62.28261264639381,23.172947336002856,-184.9198698690172,57.3134990527144,103.12780918487833,-80.84310023935556,1.0
3110,-8.753771748974781,32.37037769368577,-10.566994797645185,-2.698954672641846,-183.2665121010121,65.20775928665702,98.29212168803382,-91.09971057007529,1.0
3111,29.790367065611168,29.071374196210797,87.58475789611151,-94.02402300292722,-198.4138580698482,37.10403801445107,105.11284004326843,-72.02739435197566,1.0
3112,-104.22198260999336,-73.29924436974326,110.2918183443304,82.19015183314322,-186.0601283129955,49.066907475502944,103.01579028916305,-83.92839411066166,1.0
3113,-79.37579398161152,-99.90132141046426,-65.36258426138414,80.22166191137816,-176.298859031721,87.28849845840017,97.45496821212122,-100.11769285481867,1.0
3114,-98.1000248260043,177.92003663009456,39.66960929701283,31.995225228882695,-184.29998993588165,52.32628464191273,99.66450969925576,-89.1854703651159,1.0
3115,-30.975057963423687,49.24892426077903,-51.49302480650444,77.43816914319027,-193.89191507409186,38.404480536798765,105.7055325093482,-75.8132784499418,1.0
3116,29.64467108625484,-163.677758741818,23.924993135013647,4.460780972314043,-184.56700863046342,65.6840717639354,99.91329828437402,-90.84413583332493,1.0
3117,-19.437850345492972,-60.01213564605102,-139.1158642485032,165.65363499056707,-182.93453111500907,70.62895758788353,96.61936457330305,-88.58947666646073,1.0
3118,51.521018784578644,-175.6815029702673,7.274444027234461,22.020763429503003,-182.57741817319618,69.59185664587832,98.6494855747964,-86.91210885222112,1.0
3119,-193.9011665729905,6.1235122455700175,227.48364671086657,-12.431421472077725,-189.64574609641713,48.246189196429974,106.62142761843751,-77.69167026401513,1.0
3120,4.406076198578574,5.35819489361965,-2.5025219240602747,35.43819888853069,-186.31189521763116,46.2403038726239,104.46749139803464,-74.04084902984468,1.0
3121,-57.428083363092355,-69.83901901339271,-74.83712488213487,78.41288322251373,-187.6935015494994,59.279135072830435,100.09567214503467,-84.38047601406925,1.0
3122,-95.79707529134397,24.555204020836875,27.60571115683186,-50.69603834367232,-187.41414307010464,57.32423353253601,99.2907838111375,-85.15612058533425,1.0
3123,-41.60453169937396,16.25189612793273,-24.777665920397357,46.369519564079575,-185.5090778784811,64.3971111263369,99.88211640191946,-84.42566275162635,1.0
3124,-52.92819983425034,-35.903020394482695,-60.196253879325944,71.11636700491866,-195.74780935760344,33.6577761191881,104.79696466651401,-63.41536252270009,1.0
3125,-64.15341586525452,-134.28705015748156,-115.84604159056377,134.77584345007983,-191.10151280095712,56.21785047509365,99.99111354338261,-77.61757821913353,1.0
3126,3.174499508525935,-133.88936324331547,-5.19759995705672,10.072709031743543,-190.0855806369524,40.82703407665836,101.78635279528484,-74.98026000855577,1.0
3127,-87.89673863704735,-50.03879640423072,96.94705008004233,40.78139836860823,-188.07252583368077,57.007357058989314,102.32668083917633,-78.30416452967009,1.0
3128,-74.92077851907355,-126.2964147321634,84.50856744049682,26.50634597619214,-176.85906723210115,78.46750394808555,94.16619951289968,-93.59707162804449,1.0
3129,-163.41480730688008,51.82691042822891,146.169968261148,15.348249272431907,-189.28094351927973,47.63028745696417,105.13154931310243,-76.45410456892282,1.0
3130,-1.4280741866869728,-104.39707542519932,-55.250961649399,31.739084574436983,-185.97891036199235,50.37185212317472,103.85852265619582,-80.75202131244129,1.0
3131,-11.172952831451905,-46.56563820116034,-20.62463992866606,5.472842969444486,-187.8198545636517,65.04024249162828,103.3739836158108,-91.69179984112176,1.0
3132,-97.91615796364923,22.41687255290108,66.58488997814382,8.203501591663054,-187.18737992668767,51.71998559554527,103.74671825962716,-80.75890874178934,1.0
3133,-54.869104977350545,-30.716916010811207,17.899504175155954,-67.09246983007091,-184.08699817541287,69.52551835934631,98.23326498113595,-90.6455137434612,1.0
3134,-127.29074346015905,59.78290642453709,82.78711078892684,49.61443983377281,-193.55351678571,42.74385435936365,104.21174830763869,-69.87355212234175,1.0
3135,-27.810392799854323,63.3919573744423,-7.250814835997222,-9.11211576674032,-184.5591248443752,64.74831993681357,101.36296602307235,-86.76946208469565,1.0
3136,-39.99926716807069,72.90163364088788,9.758760443741,31.074860482330664,-182.1257326400859,74.44248010280664,95.52984555900154,-89.54407922656554,1.0
3137,-66.60899617132927,-52.94396671680642,-50.66085255902391,55.58498116990974,-189.71560655571767,42.49948302682676,103.99872833463098,-77.30713481417727,1.0
3138,-104.93395275709123,108.70977268497823,47.20090912032017,45.56810551161372,-183.39473466952558,74.78226997837656,102.94100767498522,-95.41946571530127,1.0
3139,-25.45335871280138,-37.444477311071694,-63.842374099357535,79.43114437321631,-186.08904790696047,55.22196355148561,101.88286822814649,-83.2411027204445,1.0
3140,89.1913161922535,-17.476967703883737,-141.71098020799928,109.34978353753249,-190.8328007260492,53.69043586889446,105.7692175199763,-81.09975021976835,1.0
3141,-51.26673733367689,-99.25179034389248,-115.49941823541097,94.64467748507185,-191.05189401089206,55.05346922750336,106.35903327478908,-80.95527683433477,1.0
3142,-70.97200470467781,-32.441077159816764,-6.770968715442543,24.01978502878525,-185.13562210480356,63.05650370724918,107.25426011923982,-93.78549327148605,1.0
3143,-35.82802443968664,73.47909226046787,26.582889464606374,42.041680828314234,-183.93472669197809,73.54529384637465,96.81548248019949,-88.55395339286831,1.0
3144,-44.947197395158355,-54.855546980969436,-76.46424700891328,61.85930283452925,-179.57174639878002,69.99782402807986,96.10114759567716,-86.30808408385596,1.0
3145,-38.638652780569394,30.318496410606212,-19.030409976812493,23.164983601666677,-192.03293295005443,42.55741835936106,108.82482859613266,-79.4481271147074,1.0
3146,-13.1904275602752,-44.78841884720381,19.09916271892098,-48.80328866308472,-197.8048484306129,51.60710715350639,107.88851449630472,-79.36340807069904,1.0
3147,-33.797735665912654,-45.146913461335636,15.463164900893384,53.03894009286842,-173.26518696887916,94.48935053670068,91.67188434227126,-98.55259826910613,1.0
3148,-60.4368308720034,-190.7245068663449,-108.19681630242219,90.733605167196,-187.31961236494763,46.78623843052089,102.07059131789043,-80.93020015452004,1.0
3149,-101.73451203365482,-2.9053202235409192,107.18177892405068,85.44423181890399,-180.87249046190104,75.98373131968043,99.57757696565183,-91.63020524227919,1.0
3150,-6.313995760299812,-33.97290450083094,-49.80193697730175,22.28816637156785,-184.01452773645534,55.974414355979285,103.78949823883572,-83.94399176631818,1.0
3151,-112.76217824504191,-78.47304008974535,-81.84556406356289,106.88666579581114,-187.98228549714972,45.13613319470154,101.15219827901011,-72.99875733846746,1.0
3152,42.33686093837298,-69.05884166988314,-30.650094601809474,-27.713017685342688,-189.40612091170635,49.47992094263857,99.5460457044821,-75.76942627461709,1.0
3153,-81.90426796346573,-162.71235096801243,-142.60686533267966,129.73186292069917,-185.90040447046573,60.01705011801716,98.35590398685095,-87.42960198523944,1.0
3154,-35.57696849742091,-75.99055748009542,-15.201010753124722,6.1895862062544,-186.76894958903546,50.365921920534475,102.2658723430168,-75.12120815117342,1.0
3155,-43.38279746556074,-130.87655871429615,21.34189415587838,5.801824544673961,-194.54763281097345,25.58821082735018,108.36226090533036,-67.27501630335138,1.0
3156,-74.29881232261164,-3.790200608605132,49.27710190513538,-63.314400951166206,-187.9458735801867,59.64104716900613,98.33227498159732,-78.71519464813193,1.0
3157,4.712680908391265,-37.63578972481891,-116.87134395582612,87.69314792059485,-183.40662285644007,65.55020495158787,105.0550290534913,-89.02396281749809,1.0
3158,-79.54916281209418,-172.3466610177163,137.51834523125083,-5.660204738811181,-184.4355396250491,63.50331262902232,102.86934950061654,-85.74791650176574,1.0
3159,-32.271818181079034,13.951007953763773,-44.990875909921016,85.60570072263174,-188.38126456059499,42.90168775991519,103.39721824680841,-75.78640291124414,1.0
3160,-15.386016902995134,-27.736540199258343,7.078641543248704,48.801706375169964,-179.15489763282102,71.79623979161879,101.47931351965623,-91.67193291850855,1.0
3161,85.89827401075205,-236.0449188789246,-18.466762935332028,20.361238220885546,-180.2657496092081,77.84115453284224,100.23349316863556,-97.85896782504993,1.0
3162,-121.58617674749507,-111.82920367094749,160.302611189521,56.60541835335472,-178.06534135251383,92.97962029086817,101.36941578156535,-101.14385331259189,1.0
3163,-132.4681155004813,19.497808280225716,156.0294291349976,30.52523414396431,-171.20238030263224,85.98184251633853,97.85083343883316,-102.15933098823015,1.0
3164,-16.34787983865752,-33.389994176750264,20.291355107289366,47.56322633346503,-184.49839343006096,66.69896856141685,100.87825161155014,-91.96756003582584,1.0
3165,-76.6892759899158,-116.58795636648645,-52.591754808008275,66.35071283613638,-185.6202138387289,49.816663423744465,105.43564097384237,-79.57161030581804,1.0
3166,-87.95042501591864,-68.30603056428708,-105.30238417455284,114.2446812525475,-188.87097390008228,71.65622386806727,100.37572787866675,-85.91094768128849,1.0
3167,-89.92066258759294,9.815965606961536,-8.331215651890272,49.69238134666515,-183.75503575586706,68.92252749509964,106.80655841220097,-90.39801696558987,1.0
3168,-52.641394067660485,-113.58329008033672,81.82041597502942,80.25078440595175,-182.28229331219163,54.96227660417525,101.26234535153974,-86.52237013444838,1.0
3169,-61.968312925862804,-167.42737496871877,-158.70253609879438,111.89278972449328,-180.3959057979766,74.44685302389894,97.8937882120083,-91.16749071439152,1.0
3170,-58.18257436382024,-79.00667497823277,82.83744986473687,16.770634942842726,-190.33876968276775,56.18006369611407,109.04378186909422,-83.24383727610456,1.0
3171,-22.512416476132884,-32.074124520939066,-18.93764631672977,30.92095005367478,-194.2359745261127,36.985613668163424,106.2615226548485,-69.8793093359735,1.0
3172,-12.881135441741174,-2.937687751967827,-24.706543360126343,18.67044553772001,-183.6653942149463,73.2866086702522,99.41767860586353,-89.32261673418458,1.0
3173,-105.32147825136838,-120.77969477020744,-124.94780975399861,126.40914491097308,-179.14827468279904,74.96193443826732,98.60501238400082,-94.45209116311719,1.0
3174,17.789754152378435,16.213886320339455,21.717791253816678,-9.01639233015733,-184.6872971996239,65.71665483732058,99.17797599237618,-85.62795186137163,1.0
3175,15.465920767864649,-58.24018692653694,-59.29960221799775,83.51946042837652,-182.93296918493294,71.58032940994343,99.76445379692042,-84.72585858030709,1.0
3176,-2.7201588084131423,-107.63653334406138,54.687415045295886,52.38835282674288,-189.037754610786,44.52511484765215,102.62280045449212,-76.15913937744887,1.0
3177,7.650555698108963,-88.1055033766945,-69.2670713751998,66.33651575998353,-198.51797701761865,40.346539050665264,102.15247874639397,-69.49521151902205,1.0
3178,-75.19115592126533,-77.14366720686738,-55.35569327599461,62.97979918649943,-189.74059919801337,42.560895632480545,108.4460482589268,-78.30034435905154,1.0
3179,-162.21643233490258,-156.1946971500617,-215.6903388386457,215.91993152876418,-181.3597898257577,85.66114626322582,98.61121525312676,-99.18369068159977,1.0
3180,-1.243571150741929,27.163919423026773,22.327897998683916,71.51815228367072,-184.87992516116725,69.77388253084823,99.51384496724789,-88.94227937332845,1.0
3181,9.360989853433527,-172.17316781154977,21.298687575274023,69.59067984977709,-184.62439256801773,55.37581569403326,102.40676972192918,-82.28235282590448,1.0
3182,-58.43547329227924,-96.93368825128375,-85.36110212794571,114.41867698206374,-192.2072492371085,42.501068693010836,107.41249804985934,-77.12427633885133,1.0
3183,-55.78128941349658,75.15808256282071,0.4061418446780207,36.606678890685714,-189.11422103415939,49.97212024791081,101.47976079971788,-76.36517073510296,1.0
3184,-6.251213150124096,23.865761136068397,22.468673768222686,68.9697236685882,-178.42845395657022,56.26566916773654,101.91249034668249,-88.85886905293981,1.0
3185,-134.78388264065805,-67.4935482227978,-108.50074102142153,151.67787519379777,-194.67223187389845,46.58558252548302,102.55173056970987,-75.55928518521708,1.0
3186,-83.59511120760789,-211.38668269199331,-181.38091684655257,168.14674031269413,-188.881321983131,48.38564681299485,103.38830065663566,-83.60983739935055,1.0
3187,50.23737744619186,-51.86832337882139,-8.176089408763005,3.870869864323395,-189.0735067373408,46.563130830894934,101.03602290419667,-74.50406190841291,1.0
3188,-22.18466154570239,-69.03595881959939,-87.92885118738634,81.71169578221121,-185.2450160637723,75.6527521748734,100.13888369696035,-89.80361996915312,1.0
3189,-53.249648117660776,-62.64556655749407,-75.43688159190354,80.18676348578757,-188.29309393922765,48.2474704588641,105.91047398366561,-78.16829906259343,1.0
3190,-72.66765422550714,5.618781076474921,-93.27449875169684,103.22239437294742,-189.13203319572725,38.57364792644633,103.05810704688517,-71.74199472384552,1.0
3191,-82.31607412505409,7.10959257087077,77.22403873504496,39.21963035366162,-186.77832655359316,61.00603187490184,103.58321780957768,-82.74591557970254,1.0
3192,-95.31240940191125,-55.56279239696772,-142.83997533754402,176.74884059451693,-181.21803309440696,80.30148180232389,100.08362986519569,-99.03580095597951,1.0
3193,-48.75526854346218,-90.0265007234956,51.03623439602193,63.60357809334777,-183.02105882952154,71.82282482985556,101.15939020115644,-93.23495606896442,1.0
3194,9.151255663325502,69.66766409857354,61.46331821981455,-73.88312623757085,-188.25770137383768,55.33253108652855,109.9550555776167,-86.81510197487182,1.0
3195,-96.68737282407976,-108.416692586556,-35.49967784892245,60.34512303458119,-193.6764056057018,28.315162816536155,105.13337840997916,-68.76142524445818,1.0
3196,-103.12196174845137,26.37330512036774,143.8300027036353,43.57433059681078,-183.72093744984974,71.00291090428574,101.29160011105998,-95.196110373041,1.0
3197,-41.142305757789046,36.5948248312039,2.8325157443010616,14.281776788260478,-183.4657115862273,62.37209378772517,102.46521051212375,-87.09882063880802,1.0
3198,-97.15006581747843,17.869674531284417,55.9084908675244,27.785299053316987,-191.47004605276027,46.875263698221055,106.03446081522314,-78.02583143929724,1.0
3199,-117.78165660118825,-94.55959293022549,179.1499565816276,-62.23887214102842,-191.60545373235672,50.219510775460506,105.48366275264605,-80.32914689672276,1.0
3200,-60.16960210682962,-185.08706243538577,100.38105669732819,61.390123999737156,-188.92199933040538,50.96400318956441,106.65932416033976,-82.92816065174529,1.0
3201,-84.46384381648748,-85.69758219003857,52.146243149368296,-145.0456540471508,-185.3198346585607,65.01443941552415,100.61131348518424,-84.22097185933649,1.0
3202,-132.12936170554005,-98.48975632168009,192.2617071298636,29.158140422566714,-182.16124160668747,70.99566217649269,104.06280693680598,-94.21923790635697,1.0
3203,-95.75638462770209,-165.24183262669425,-117.82894169028111,148.98979168696198,-184.28056798491443,49.15281118807768,104.15211704236881,-83.9601780489791,1.0
3204,-22.629676303708305,-62.03513631373443,-52.959191177537214,81.88299859188587,-187.23837814806748,65.83131202759904,101.11013029682452,-88.10625117931943,1.0
3205,-96.46930686544019,125.98288856343056,117.27213025521921,-43.31678074030505,-183.26451523191028,62.64391027241071,99.95580193578023,-85.21230760993546,1.0
3206,-44.818146422466455,-6.239775492988853,-102.55006446040713,145.65189756007658,-185.06182215543552,56.04944034349998,102.41927280228578,-89.27935406541303,1.0
3207,-58.033634206161835,-102.92415174538034,-16.893438710823673,-29.924715333565686,-184.47098546677896,72.7921727391996,104.30460404453517,-94.14619950877048,1.0
3208,15.400388102110663,-35.477749353654254,-14.49679997702234,28.303091488780925,-183.2106597535389,63.82403274365825,101.15858961188351,-87.32865706739818,1.0
3209,-97.7260891006629,-76.14612980695141,-3.0088402610996043,-8.567115377220757,-185.5296830532146,55.99167449057299,102.80856257190956,-79.17565888533863,1.0
3210,-40.09094240954486,-190.1248605833382,139.77112895362143,-9.170463642291644,-189.91600462466513,61.172736317972706,103.19210368498872,-80.48411134857402,1.0
3211,-35.67072276858913,-101.3436588807454,-43.076907991773496,31.16849581835264,-185.24533392769655,60.54568392217441,101.91004643191887,-88.01495545178264,1.0
3212,-74.74359437220201,4.855747518521741,-67.05634815216835,81.92133359586488,-183.25978897192348,53.64155538136227,103.36822677341466,-82.15607586494536,1.0
3213,-38.91620675511668,-100.44281900275891,-0.8898942121179754,-9.787039009775212,-177.83421197872377,61.63328622494484,95.82479326898489,-85.26472372362679,1.0
3214,-40.47669665299356,-68.18739381200838,21.335637473603587,-11.47939907743769,-191.93463330587653,38.43322650264724,104.75852335610959,-72.72271075623902,1.0
3215,-17.53298088789948,-1.7796444082637308,-35.48238141886123,64.07030619642582,-188.24581202722507,57.525937200697214,103.81418117379741,-80.99695149803485,1.0
3216,-88.67573358858158,-0.452310919647797,88.76367208297985,-15.340716180679282,-179.34486339859617,67.62043891679843,99.31967761915658,-88.26610581863726,1.0
3217,-3.2399080580311157,-94.65478912653744,-7.792267339301995,96.62758197671812,-179.57347744712303,86.80027085621481,94.91711742284164,-93.09820280053226,1.0
3218,-103.86808504606005,-130.0529551537689,-101.74247405584221,120.36013488542885,-196.46715211477152,47.07192065879207,109.48853356918583,-81.6152884934126,1.0
3219,2.997345616236835,-58.32465985240846,-0.8952603653836044,57.560340521616936,-176.48552164981592,85.29103400412538,97.56973013143494,-98.00687775181585,1.0
3220,13.462435350741996,-54.87159242284041,-7.613471915328457,7.731855799546311,-190.45251568001476,51.90606212586767,101.122183391905,-74.59100066274306,1.0
3221,-58.53779003456475,-54.739166992661126,-30.53744832827896,37.80741968410091,-190.28573259005225,50.8100072741211,105.12375083428232,-82.93376181547902,1.0
3222,-17.12529900226787,-39.97301503439549,68.75876521256276,68.25261870383707,-187.6195494950412,53.855475681483185,105.38588230348113,-84.50296049773848,1.0
3223,-103.3640537309219,-87.2512973394009,162.42183837975392,16.606938043819174,-182.79799727768648,59.403139484935075,105.49053006116348,-87.86496063299217,1.0
3224,-82.32088518193605,-128.00359965235958,-57.60816597188977,42.865042880577505,-191.35929273393504,58.93671757757984,104.65816212373748,-80.99496187895312,1.0
3225,-14.258605958216084,37.85883977555533,-27.753359815461586,91.33929810543223,-191.16805449108824,54.78506764482631,101.39426005729959,-78.89636895231986,1.0
3226,9.414205441823615,-26.742859875125554,27.48947009971825,-37.62358683044902,-187.3994243184463,49.644608699310574,106.40528322157351,-81.73167020942633,1.0
3227,-78.92984532731259,37.214812271493926,16.804985533877097,33.945970364726655,-191.05363602614287,39.38406372580202,104.84827195933255,-72.75364415109776,1.0
3228,-3.8486910505145246,-36.84146812119278,-0.9856009970718949,64.57088422336187,-191.20033886691147,42.377268294171515,103.86556239700434,-68.33931752908818,1.0
3229,-37.22089068545092,4.616915705228964,-15.26354556581273,83.9049203998377,-192.02020246414693,49.63512003099681,101.1247620285355,-82.24919680952881,1.0
3230,-53.885373385773995,-53.25109307612813,10.98197552125964,78.21200043081097,-178.4999110703901,83.43748651099786,94.98399989449527,-98.89705791766939,1.0
3231,-57.09551415279256,-111.21068751207557,-51.946446992236325,51.40762915965773,-187.90654347304923,63.74192422432664,98.9945358667586,-79.56644015961876,1.0
3232,-98.4878132309055,-106.53793545720815,-75.45908662980129,98.84474154063601,-189.14512589205833,54.82032154071534,98.32709429646496,-77.81417533407779,1.0
3233,-11.618618127156289,29.325048693510723,-11.754764770970466,31.90111341936907,-184.21199284332076,51.56884340488898,104.31848736645843,-84.56096193817805,1.0
3234,-111.44298097771848,137.36258318755304,50.2170377883729,71.31807186046588,-189.38801368254164,62.34775029618326,100.29903369675623,-79.277099006914,1.0
3235,-119.81459212155532,34.168981476477654,113.61776724509784,19.62580478362317,-184.43108075876626,61.22115432983942,97.5477405873605,-84.56538111978313,1.0
3236,-65.94958626345164,-99.80572583709485,-98.88907613164402,87.54590071269797,-189.47114741717414,51.26654224782324,97.70514801404867,-76.57019085802936,1.0
3237,-18.425011071406715,101.75640783616183,14.090142170255385,7.750965063697085,-187.5610969405313,58.65228050523314,99.61104165827145,-85.48835309756929,1.0
3238,-41.00720886013415,26.924962168381384,-23.524561671192277,11.774537969918336,-182.65297132235682,59.285599888571745,105.53065603550327,-90.01585344673039,1.0
3239,47.31195273879537,-174.05363341483084,26.478041640328755,43.921356212419205,-183.62923820214877,75.05042136682147,100.52145575346005,-89.41400288506381,1.0
3240,26.14686359725791,32.37411760896417,11.302054378395542,6.36830809327385,-182.8204759440619,62.358152865829325,101.73682640348747,-84.15883825691948,1.0
3241,-75.80180781525343,-140.66293825916276,-197.02874775730228,248.5221412889997,-190.66355482896057,41.37932426667024,102.54391229433412,-73.30462048538976,1.0
3242,-4.538746112380654,-18.732798238106156,-40.60105510810893,26.35486457307214,-174.9881370352506,93.1496063622231,96.56461343220658,-102.55407790694251,1.0
3243,55.86644150794442,-83.8201583852818,8.443093199846514,5.280051765433108,-185.90454669577457,60.48140612834045,104.98019780159943,-87.11916382896186,1.0
3244,-127.97914387500042,98.43551461157524,88.86509966284368,36.46238779705827,-185.2013613420839,60.69703789281453,101.50464131678483,-85.31694445496508,1.0
3245,-26.610427521129193,-163.7568075770356,54.24693289468428,36.073543220265556,-186.01755593648673,67.72579569137335,100.89461111912927,-86.329452649493,1.0
3246,-45.341864750241776,-28.291141883716485,18.344971999582725,-40.735944166489034,-188.68450317254582,51.80219508790427,100.23976977158198,-79.2402547194522,1.0
3247,-95.53884918059003,-129.0970531304421,-58.465812421693975,78.72070239752222,-178.57445247873335,75.58265615705086,96.57290854665584,-93.45754595351917,1.0
3248,-67.94178636811114,70.5648952927722,58.382802860273365,29.45743059650941,-181.13388244850333,64.668775245484,102.56113418913618,-87.51581133302851,1.0
3249,-0.05342267309670912,11.101253514342035,21.861306461026608,-19.965373665124766,-191.83739693781698,31.438991149446508,102.93463398744748,-71.12443163606198,1.0
3250,-19.98286077097307,-75.65292392227325,5.283461838542147,67.75654034159598,-193.3135695636154,48.27836183207481,104.09305227271388,-76.36913251019337,1.0
3251,-167.63752332914166,32.549680108641546,225.37619089373942,33.90405188608188,-179.67113670893298,69.30501531300136,99.27514859361392,-90.31567747942063,1.0
3252,-1.3230910177743527,36.20690396703966,33.2766931766339,-50.666844247744535,-179.13369540592163,73.44017993925851,97.4407688802295,-93.61576140636659,1.0
3253,-63.10947474909199,-30.773439059887213,-107.4629839108705,146.71524153419486,-188.14339241014858,48.29387741129117,104.80019619982664,-82.54648596513803,1.0
3254,34.006922878600975,71.86697085451428,95.39145340213351,-102.84257613114305,-188.7374463199204,54.30825989995307,101.8643485779915,-85.28956119988125,1.0
3255,-79.43880559725316,-79.1239029022163,-38.918446901193995,14.727899279229106,-185.77813907459355,67.15323389333537,103.4326846684803,-86.75717217737217,1.0
3256,12.246958592818496,8.006378902136207,-19.91271156349068,52.38565466209826,-186.53256662422797,52.61865545056068,98.61907728427451,-78.61011310559765,1.0
3257,-4.787351498111309,-6.285351850750187,-9.254573188020531,82.90894426376953,-180.6010835525559,72.24296143292631,101.81204425750119,-95.48778571962566,1.0
3258,-19.06468345617975,-22.74714946022429,-25.169077619139067,-33.153549973279695,-187.47752478634789,47.79970063812988,104.41548509328568,-78.47693862180353,1.0
3259,-83.24298415990843,-71.73881080485332,133.37729127381516,34.07855391539031,-179.355376677543,73.30629818565694,101.48003681274444,-95.46675500850857,1.0
3260,-55.75645913704106,-12.877060947777297,31.085712054097968,0.5810064407577253,-185.30661367539665,55.49886042633807,106.44021767145834,-82.60689938458273,1.0
3261,-15.983385918329107,-127.20555900220778,97.71995678043824,49.76058662308825,-195.6579933862021,37.27853601696804,107.02497057273347,-71.71741012716382,1.0
3262,-105.31185201723694,-90.81364738766979,-68.18947300579114,67.14186424333664,-183.3379543822021,63.33651357555699,109.59507055033599,-93.04380305986771,1.0
3263,-63.546328111410546,-54.04006039850433,-55.27154722318611,84.3233661579304,-183.52665749758606,72.134771023024,100.14536074951859,-88.21746150966833,1.0
3264,-10.379536273074425,-134.51999033857936,41.50709772317542,-1.8047789066517272,-189.6313145664577,47.27390664448825,109.83857542885187,-78.2886894880758,1.0
3265,-77.4592230963136,-95.11597164710481,-27.15055682880581,35.340965501447705,-187.78774198947985,47.64892119258515,106.14208171186341,-76.83131414091795,1.0
3266,-5.5155748023827496,24.262388839913186,-69.04282956928832,101.76181250958871,-192.84878537032574,47.29749563367223,101.00001602557973,-75.2503978320994,1.0
3267,-130.8009834938785,-20.541589170064004,133.85796490331873,43.29310250668122,-179.76282967931087,70.31882900063658,102.76343835207575,-88.00277080754356,1.0
3268,43.34803634952841,-15.846481511072042,-57.326778897261455,6.987797291137126,-190.94933144335633,49.84826672457846,101.85434044540874,-79.27031020629236,1.0
3269,4.099557600204879,42.678960357224646,22.66539253479072,0.7670473498216146,-196.17598214447708,34.4594195813648,108.68031176628944,-68.82659503642353,1.0
3270,-12.290366776627154,46.76394981029476,22.546248018034053,-46.463993620748525,-187.43195624932568,51.91785434462341,101.30619007713749,-78.19586122158331,1.0
3271,-59.13378116864843,-64.46938635815684,-27.215212457855742,55.45854125134235,-182.08048626796602,67.72230411137234,101.58818892201533,-90.72569946953551,1.0
3272,-14.71839472114044,-40.46298730222496,73.43731625974941,-25.00515893121501,-185.64881429770858,54.56261643426482,98.16203808112083,-85.53240041011054,1.0
3273,-186.59433520985797,-50.8393312284316,151.81883596403102,-31.50010020568078,-190.6922076041191,47.885021963693966,102.1220774697016,-76.95430925412451,1.0
3274,-32.153396871072886,-110.94640083103617,33.433441020181014,47.37253534773057,-174.86182867167105,81.0088701629652,97.50335273251835,-94.94337931999127,1.0
3275,12.132613821719612,-7.9671756266223746,3.425396647645129,-13.740546324841441,-190.87879744061902,42.649782497035226,103.60272671331076,-77.94079769809377,1.0
3276,-32.99444478077571,-75.43707694133246,27.913130744143,54.678151976700704,-184.12698977977115,60.95164144934689,96.75502825818701,-81.70293200923032,1.0
3277,-12.712676276080037,-3.100355755763845,-11.11058851286072,45.756670978697365,-185.52710865228613,64.7425641392547,102.29280252462472,-80.87117348713991,1.0
3278,45.4260194970596,-90.09186710984619,-14.9618495069051,23.842710589632883,-186.96779268743356,61.333531930789924,101.87386332187464,-85.75016961494332,1.0
3279,53.63394672493625,-10.994760475768267,-50.496925037443795,54.38574223968905,-187.4720457625978,62.87103287947781,101.20397334533783,-82.97396260060016,1.0
3280,8.912284280928407,3.983680515413429,-0.8220339574118329,98.63492600232132,-186.61944668473055,72.29001904245183,97.27421025651581,-85.93971353680618,1.0
3281,-76.21703252273959,-92.29692946959021,-61.943683248863046,60.44406766438642,-181.19000412074354,57.251365778755364,105.13848154091153,-89.28775493836177,1.0
3282,-74.84668173029957,14.26971993489764,-87.30436826899329,100.63975046373797,-185.13246181299516,71.82942747778554,100.24332385624434,-87.94712183242056,1.0
3283,-45.81912577854863,-21.77924549376807,-26.680463382708375,30.3716664712404,-184.4706525946568,65.61091707475956,98.73415329406187,-94.12987356592919,1.0
3284,-57.521158912866625,-10.110351617968716,-60.477231970381894,62.352154349684774,-185.8861389466984,54.75086732400416,99.94544152205594,-81.72838828183279,1.0
3285,-37.26319453931617,20.138367371680687,22.121832171824135,8.41008554179547,-174.71778828076236,90.43254324012483,101.64651213309355,-104.58321725698397,1.0
3286,-5.054636214008562,50.87522878210804,-72.5892589449213,114.51873477769352,-193.85762926422225,54.29207903225427,105.59307765350448,-78.74241600782861,1.0
3287,-85.06977236047972,34.76281950110577,45.626403764461045,72.14060321685695,-185.3065021041061,53.732937231088066,102.3633111869008,-84.44922108108203,1.0
3288,-31.56365295401333,10.681668147596246,-1.1957062442311261,-18.383135248208827,-194.13857166495703,50.68796848353094,104.77680754090095,-77.74730303186526,1.0
3289,-15.731589910305747,14.692080982685162,-65.76785410454077,67.57294897992716,-186.3959703128658,58.9488730278198,99.05299065133006,-82.66459503410498,1.0
3290,-1.3347923654111638,-119.35114818252845,24.690157026566894,8.42453764542293,-182.875783883646,56.42597587955471,103.50776415309713,-88.10993584336127,1.0
3291,-26.96318796629869,-20.61083343621273,29.03167198427249,63.26850786994625,-191.52865445666887,55.509303447756224,105.48376303723602,-81.3797109917321,1.0
3292,67.21656453877438,-189.93515114632967,-16.45765498286299,63.98246716013332,-197.7775688371999,30.669934042050105,109.05481004836183,-70.78389283512735,1.0
3293,-6.1917126382188385,-142.49662753185274,31.570363361141172,44.73820679232306,-182.7465219454358,70.24682945107811,98.7612688652193,-92.25649433917758,1.0
3294,-59.96172661678122,20.194881011897724,-26.785626531495954,56.458882089281694,-178.78423163234046,79.73681623635959,98.171064033966,-89.95830113400825,1.0
3295,-102.79088277356037,150.4373516444867,82.47644310104336,-6.1136231527364355,-187.86048409476712,59.5216463829259,101.63073492041964,-75.28801404778511,1.0
3296,-66.50013145003115,-76.6995698116649,-114.48504173607921,109.2012304124538,-181.72505083120134,83.54064506078254,94.5800604053182,-91.55081720806639,1.0
3297,44.305411254066385,-49.34320561248223,-65.53100174403997,63.47749160708732,-181.23690137401147,74.42948821637627,100.58009030417739,-94.08093419687452,1.0
3298,-51.39722251536358,12.259224663486595,-12.240371774724668,-5.9302295566700245,-196.76818430180032,42.962393071469265,106.2893825498441,-75.61561759646305,1.0
3299,-82.13120633453244,-75.10999422721099,-85.02326948280673,108.57723473429863,-185.73584208314728,67.52038837386965,102.30451715865536,-89.55404961933765,1.0
3300,-89.88621304517567,-97.6581916221573,-99.882557397446,70.70147382238733,-175.265897463609,91.13483055317045,93.43535628441686,-99.03265680904124,1.0
3301,-26.827466882028222,0.6904984667258973,43.20980864728029,95.22187404011318,-181.89953142912722,71.94200004527794,99.034235293018,-95.16753605936583,1.0
3302,-12.684173122599173,13.946812211565362,49.50023849988201,8.818559066884463,-181.73556138606085,69.03679643990446,97.86226500963149,-85.66746896742946,1.0
3303,24.729598103491124,12.376193382216671,-27.934017875664672,42.048711588505476,-184.04720086823593,60.24138304129521,102.57981998056822,-86.86231130556263,1.0
3304,-46.49175289796101,-71.46891815214651,44.30283523107654,45.69215712671033,-182.67697363454184,62.1500730753638,101.13960278236787,-83.29134406642949,1.0
3305,43.15513437805162,-45.85081147354613,-31.673182072251382,71.72924942715295,-186.6969449165531,60.884421457341,105.5957383248808,-88.06343388117462,1.0
3306,-82.18067219760579,-79.92880373582636,111.48147008248314,18.201903674554924,-186.22603940238176,56.12247914460931,103.06123147492482,-81.54362419175742,1.0
3307,-74.39611410797306,-94.15178173628664,-112.26294127000446,88.7328781825366,-186.868020968129,68.6770129307583,103.27595473884232,-86.02510866669427,1.0
3308,-50.14200063593424,69.88635399200534,-35.72892888077006,37.11655227980035,-180.07597958339403,77.62448292190646,101.04431672873054,-89.66841597061149,1.0
3309,60.73830418108602,59.826681035321506,-24.420712872890356,43.13004737844612,-187.47357242352933,52.57571582927349,105.9454680617304,-78.80802404649653,1.0
3310,-104.36122626715476,-4.726809947699012,111.72697059109882,16.995068607313073,-191.32952551439982,60.806611757560546,104.9825810985736,-90.94248266468982,1.0
3311,20.77482317912156,3.9817321110071138,13.673977912824364,-2.6543456464700466,-185.7560932172809,49.54512870278714,100.50597257866067,-76.98608111446464,1.0
3312,23.394420437362452,-21.45223216743894,26.18249457883679,-46.19896140983032,-187.86616482724096,67.67805786050117,102.27042581715996,-86.29784008209326,1.0
3313,-146.76305691303887,38.27117634868584,137.66327822513114,89.91445885849511,-186.36956282143962,66.29393391576848,102.41538716447215,-86.61798163880232,1.0
3314,53.12051851932622,-13.222894417625797,-108.33966601055516,40.656253929837746,-195.93440298571383,36.01597750819042,107.00287458038419,-71.09062748696104,1.0
3315,-25.93777151706298,13.839842357648635,20.827670067979987,19.71453793788538,-186.78778305868596,54.66435314534818,98.62891716867395,-83.71991360146525,1.0
3316,-16.409663266922927,-79.37847590074512,-62.02312159525404,39.17567645908605,-177.80557064194105,62.76725776340932,102.36459773927976,-91.96327689949302,1.0
3317,-1.905941626704627,70.55897643670612,-28.01268178900368,94.48946539298613,-177.5669295384973,83.36093227639682,97.45709059801997,-99.98046281588545,1.0
3318,-35.16387756933594,-41.90101395843377,-44.089930777028556,45.56344437909858,-189.9108224234898,56.35517914571434,100.12676994945836,-78.01200721607978,1.0
3319,-5.335613411206697,47.78160704503848,24.476164059066907,-40.951416478838794,-179.44156554336382,80.14313392291196,100.38451831192143,-94.28562175975331,1.0
3320,-12.623293546079864,-36.81490848507962,-31.17086783832295,39.28214480229873,-184.92403275399377,63.41504140955929,102.23304519628678,-87.18045018262913,1.0
3321,-41.359000990712886,-47.815125305854586,-78.56411044162428,88.12895421465048,-179.1755639569506,79.35529595402411,100.13121645404134,-93.82675453609043,1.0
3322,-57.65119926757054,31.182746511699943,-6.342617618588086,82.89772240976943,-186.90211003436403,61.52277360911907,104.12399665192267,-88.21724216287006,1.0
3323,1.5595311449392524,-27.270432620571594,-73.53002131562684,72.52855179685238,-187.40791658849062,69.24181649895898,100.14818460781345,-86.33680258003483,1.0
3324,-27.176126440491977,41.84789510511738,47.49823866052707,-57.46510833850523,-188.51639456225368,49.25609035728023,104.72034830939766,-81.28839666354592,1.0
3325,-99.70275661952236,81.78853889925679,95.68992102707034,54.28612875167489,-186.14752311341104,58.072769975259845,100.33912374558483,-73.6050029872018,1.0
3326,-49.88390106599028,-145.51288519221353,78.35961233708753,-26.878423313651012,-190.58363048189779,52.55267140350241,103.85331608892581,-81.58256958412669,1.0
3327,-40.5324336524572,52.078314190750554,26.89394249460772,-59.90446564044723,-183.63749416985692,62.562776377306434,103.0809649584742,-89.08610453243278,1.0
3328,-37.24647304504043,32.67909073876122,-50.730508323689605,51.51872689067019,-187.92687606255694,57.12233762129498,100.00192140692162,-77.6138560630201,1.0
3329,-45.97979682140012,87.34283697467554,-35.186975887202095,51.19175119327052,-184.83197401150287,61.6852733633185,103.75522338391542,-84.78313870099227,1.0
3330,-39.52905851381408,-78.35796960922634,-11.727160169832285,18.913997688488184,-182.37647997229058,66.45821030069644,99.99162899092431,-83.5778666882733,1.0
3331,-27.65844693483226,-116.20611624685392,40.324383519087554,22.49928177151461,-181.38358872345722,59.6341277235689,101.78569434733261,-88.87732305043222,1.0
3332,-5.112997335157682,3.630532729777408,-27.13001756393251,18.416447117630053,-194.88147759658884,33.53828355292474,106.58725028095331,-68.16310872185753,1.0
3333,-52.78401931356633,-106.65887031001924,-36.52183263489671,-18.44589736011717,-186.1802382773392,55.332580335057905,106.8133686557723,-83.52967960521742,1.0
3334,10.35751187089547,-39.508646170052174,-25.25815499124381,51.91963856167663,-190.50226771147302,54.913822387681726,105.75524653266297,-79.82775469578282,1.0
3335,-61.75903040662685,-40.428638550839096,-61.59904385810988,57.01289659761072,-187.3840667828927,70.0617364340815,101.58348738239337,-87.46490440042186,1.0
3336,-37.603483563024746,-73.94744476790112,-53.124907643087724,36.740407063964966,-188.0130636696545,51.70690762207332,102.54640816010962,-79.34373017049307,1.0
3337,-44.90472463890486,-44.756279252752165,-61.09195997678958,87.71698956638664,-183.56634768005878,76.17435948034894,102.0009918996988,-91.74302430844942,1.0
3338,-30.047534707292517,-59.81090465303045,63.42793873669561,54.215094467878245,-182.31574267423315,63.67661729166052,100.16025780819085,-89.21401190869354,1.0
3339,-9.830409082365515,146.47864390141012,-97.9583506623745,-39.636256120994204,-183.3428925668091,77.09152183275985,103.54202606869022,-95.03786527852206,1.0
3340,-41.83478067583969,-83.48144491494307,-48.422031153002806,17.956361230652526,-198.10097146503222,40.55485537560477,105.67898886178408,-69.6114434125644,1.0
3341,60.08485676134321,-173.20910515405063,-8.583161150369822,40.06064431782407,-186.2270284653372,51.05320751575279,102.09271072591639,-84.3214299834814,1.0
3342,-74.74984212286202,-27.16794891914424,-72.95382721978191,119.64226274616252,-189.15599532309457,52.5178961619044,101.68580782139742,-76.34676381685372,1.0
3343,-27.782407203037216,42.37027384948193,-30.896852040486355,69.52170354942642,-183.27374815209097,66.26073137380712,102.04640124309655,-91.32248887871711,1.0
3344,140.61147516550008,-61.14655111788447,-164.34354001857224,-5.969866621359543,-190.5020366761471,43.558004429387026,101.47667283946849,-81.56427721633445,1.0
3345,31.72026660245165,13.306368815563252,-28.2951621785277,66.06267671672934,-180.814318515568,74.37849172432128,99.20687524463517,-93.35207098744428,1.0
3346,-7.206633993771005,-95.38155804648333,51.85410576743219,48.90523751051414,-182.013039680987,65.97765457893932,101.78800962574196,-90.64564605778178,1.0
3347,-92.96975458630101,-105.81015477181599,145.52309228697834,32.34137382478807,-182.5530374417746,65.12260619530207,98.89109677098408,-84.10525286795547,1.0
3348,20.03950799288452,64.5307225626989,46.21611163062389,-53.46244527767085,-196.69770528415103,45.02625423904078,101.15562959906089,-66.64700787462179,1.0
3349,-42.35777576243197,-25.00106972073912,-29.976440328600944,47.90446590856058,-189.80978556325476,58.593366948305224,106.57144950764457,-76.63914485462581,1.0
3350,-7.591531591474926,-29.009110136275446,53.87253846475828,-72.12792080657367,-186.22154716304397,64.75613034120659,98.20111090342719,-84.54107955109328,1.0
3351,-70.72608110870695,-106.33550582631439,-81.44367391736219,61.24258217488997,-185.21657256156936,64.67093750745832,99.52422904400565,-86.18088100241393,1.0
3352,-4.087600181732892,-76.51729297485277,9.54129172077277,-34.42416522740091,-186.8271335906894,55.03392528782459,99.3795731653367,-79.70944344018474,1.0
3353,-42.26245854119047,-33.45993032444271,73.01952851123545,15.495083047944568,-183.24198449945018,63.905998612220145,103.26125311086575,-87.04353336128864,1.0
3354,-115.37570278593496,-74.28228300298375,172.7370759583295,22.2602787719539,-180.2950563215625,54.8927730779199,99.24948961982453,-87.29885692929064,1.0
3355,-47.38174745062884,157.94192293874312,-44.20238649893038,30.262871365034528,-188.93706490089932,62.18828732588004,104.14308484512411,-87.31132828148635,1.0
3356,31.404105864189702,-8.235296792073099,8.7703689329797,15.204712186855096,-186.52832645224558,66.06688969332339,104.97617536921156,-91.47933979819751,1.0
3357,-8.540251765525936,-2.4935703550884645,-14.394108256373391,14.421402026530647,-182.88588131860166,58.92089592214237,100.31697905605287,-82.95930920625624,1.0
3358,-24.291422791101954,-14.304027312956299,-7.158354684850438,21.38799637516908,-184.25329036840952,79.71253492897256,99.46896088267185,-94.65354423935412,1.0
3359,-64.96719303426916,-55.856426277010804,122.32413443133865,-13.901079830213646,-182.22013594076492,62.16390476953738,103.07814628192696,-93.73924391677,1.0
3360,-64.9044754447838,4.1251245311710765,31.529077869875355,2.8829092716867177,-185.9226022604651,56.07350353364145,103.74587305953995,-85.16449453616548,1.0
3361,-29.08903882719503,-5.247031662154039,-81.52064726864057,99.37360147251356,-190.20416095763613,47.92585700716959,103.17653938042854,-73.72852805119739,1.0
3362,-62.82590880472391,8.609738303939245,3.369610784045207,10.003746414637815,-185.0242726514165,55.118707787747866,102.22663110658452,-84.46470848292603,1.0
3363,-100.06621800444697,23.36538809629287,111.68858033001368,43.073621691314386,-193.15306303913104,47.552520015351895,99.77118546873811,-73.22572801441939,1.0
3364,-69.58291357548131,8.912696591452212,25.138642172085934,-17.627462910909074,-191.8609722198905,53.24256366789709,106.99439093950195,-82.08368323506839,1.0
3365,-69.50615224483582,-104.93811952334795,-36.92725264251527,32.94307414716887,-188.3100611831771,51.87004439740105,100.33292059806354,-77.71523383030345,1.0
3366,-44.66112780813075,-59.6197258565627,-134.11009310650766,140.59568140923355,-189.1856191967022,46.211652337256105,107.39496663234266,-81.26164236322029,1.0
3367,-47.629639295995084,-50.58115456804968,-17.356362827316804,-11.200719016524758,-192.9053947946246,50.66632325982775,102.93120980956962,-74.6029578655887,1.0
3368,110.2482729133474,-59.59127391637453,-140.99394792459262,1.5571393228876018,-193.47254279530915,47.16837084756085,102.5490286523326,-77.24465982973294,1.0
3369,6.4219825140464035,-33.07106768936048,-73.01373631824337,77.53386268100043,-188.69431433132993,48.722020734258976,100.53517048292422,-78.8642618543248,1.0
3370,-46.81858148527394,44.68641688322541,-4.575927805275643,106.78985750505494,-184.04062036795577,62.77275933139464,101.92294676931124,-88.10961220602704,1.0
3371,-3.160530404887185,-35.52773959649849,-30.6252981602595,-1.8353236043949728,-188.34779210582423,58.73927060946275,106.69120366934015,-88.78216685500072,1.0
3372,6.651653902242222,-127.61049076476412,-8.872051930992681,-58.753561861439984,-191.37513779453167,42.72305663723326,109.3570636285527,-80.29074868942236,1.0
3373,-98.99732882571757,7.7378198369647215,96.21953642309457,16.30188106183113,-194.2049384428281,37.46653703023427,107.52532550150393,-72.99746284528835,1.0
3374,-48.29529782774165,-45.882385321248634,-66.92699702071121,70.42798167454487,-192.83650848624367,38.17769077852522,101.2690254190205,-70.96015288403123,1.0
3375,-8.954251842315037,12.453895698754081,30.81651001009217,-31.81536626386733,-197.65971468657273,24.23462669252889,109.19320632750988,-69.50695111902472,1.0
3376,-66.92390415788037,20.313087206725776,-34.74170895945941,63.44206953920419,-186.9388294706875,68.15070272359637,104.28327276021379,-88.26320899025731,1.0
3377,-126.53365189995067,52.45263600877813,136.41688532226138,28.549138527438256,-180.58112087670835,64.9218335583396,102.86552400361346,-89.20305299441605,1.0
3378,-21.630792777546937,-57.4032750152029,24.071203107249097,57.2164892659671,-187.8585608412689,53.37399346455187,104.63490227490703,-81.13456328364751,1.0
3379,-62.3762988102885,9.8691784908034,-0.903480060689621,14.19524436945231,-184.89044459343967,72.68633010589453,105.080445920338,-96.89003081634424,1.0
3380,-47.62022751008257,-105.07742879704989,-91.88275288845834,44.17302073797937,-185.72468915109334,44.0141145016528,102.36266507529426,-75.69178905511748,1.0
3381,-57.803915655768776,-34.910213937369505,5.592023812532587,1.5302473225835167,-180.43636740331388,73.84781409475575,100.40093098236333,-91.04637820558585,1.0
3382,-58.94415229756419,-28.33631778691056,-1.3800102080331778,-15.173825061838341,-185.67578856260064,69.28583346616182,101.87501730736935,-86.04015184510477,1.0
3383,-31.637647933296808,-19.54193624250998,-74.17068073531874,94.21897729693481,-186.94203230890534,54.19842999450282,102.80867595718644,-79.9256492307998,1.0
3384,-0.8046181997391155,-189.66288040376952,77.04639062555108,55.5007114493973,-188.1006450604894,46.05455070931353,107.46486569888852,-83.0758314721898,1.0
3385,-68.61988783143842,-50.61565147432583,-48.75573364172485,56.61221140962333,-186.73477381937067,59.81037534866453,103.03316128617354,-84.14219226326807,1.0
3386,-23.769665379826343,-74.16102477902254,-32.650078604109844,20.56677775514789,-180.53740436229603,61.25780946797849,101.25248180121304,-89.54682829827824,1.0
3387,-130.75870705601284,22.137014662697162,126.97217862746375,30.352511372745962,-182.05715954936792,75.30419753489548,98.96949768637411,-91.29579685218583,1.0
3388,-82.68311073561519,65.13253509243869,90.00291184994171,73.49748440849787,-183.44817339221373,57.988134637017296,98.86297460818845,-81.25893284830104,1.0
3389,-70.59802321281164,-29.793061867973396,30.092556902536337,69.29446823823857,-183.99196104719724,62.414746510326836,99.58984524557457,-84.13932034082617,1.0
3390,-101.04060196465687,-56.55592171714838,-106.6580443553586,117.25287229770495,-176.49108507326557,84.36048720878915,101.03079709933876,-101.44489901721329,1.0
3391,14.906010200530218,29.49532358123553,-37.64388035754901,61.57669109336224,-180.1956529394188,78.78016016613519,96.82027120170824,-90.10117572202337,1.0
3392,-99.93302598873471,-117.63588684709352,196.03068490888234,-10.546747146722524,-190.68856833053303,48.58065083106139,106.978664950812,-81.74917074119062,1.0
3393,-110.80096241281532,-158.87331214465718,179.65931692785466,-30.99578844701294,-181.86904366928198,77.98327559108003,97.47622912656686,-93.44583933492567,1.0
3394,-30.386066001462574,17.594376994239415,7.624544766245178,24.902692590193514,-186.85967266527115,54.6046348732853,101.54189910554743,-84.69296851456804,1.0
3395,-62.428096423657294,-94.21915908756489,-83.67472366321577,61.072173516076276,-185.51039890874722,53.14927326788013,104.98847027424466,-83.03528799540949,1.0
3396,14.212953246374028,-2.5036589233923543,36.36658846779752,-49.97502746874988,-193.3741908224776,54.6137998513546,100.49408349940622,-79.23525741497731,1.0
3397,-67.48737223675165,-52.548045720012226,-109.47252177583815,105.81367780255131,-181.303868874805,76.21397795177944,99.11723102176862,-92.80367090579578,1.0
3398,-80.671741095031,-113.98046685379745,-163.19636684789168,197.80492126381998,-180.1096454398315,71.37058919521299,100.29697945035868,-91.77170320547684,1.0
3399,-38.07164606251139,43.91623279528736,30.40365757979453,-20.470602413776728,-194.28211454340047,45.176509180201464,100.62883240311282,-69.36268044388135,1.0
3400,-34.82802070517318,-4.483028459464239,6.805775411615494,-23.435051235851144,-192.1368106587864,48.54389599872761,106.43295611547741,-82.65937674783072,1.0
3401,97.0096713056811,-144.74225104320698,-84.69723489931971,106.94831170636343,-183.47168219045557,70.72151448298882,100.01832694952229,-87.44336524255294,1.0
3402,-104.79203487897885,-10.298287064079819,172.04166912138504,-21.452832786292753,-183.8508859907482,68.55497197273046,102.10263537993515,-90.23292594762952,1.0
3403,-19.526261746847176,62.49678652412707,-8.130858325228074,24.3821720191667,-175.82405803591507,68.99320650526731,99.68136362555794,-85.67647580142592,1.0
3404,-56.48578348818851,-11.64959713661276,-37.59097441052774,40.05884718852503,-179.8423676244533,69.50169964088268,96.70003175247895,-92.21640095116852,1.0
3405,-65.76228061804373,91.0304749010455,37.528404083693026,14.252514843172955,-192.81546179482075,56.69169830657156,101.80997036663739,-75.62794744326959,1.0
3406,-91.71155392232791,-104.97062121846805,68.43993082821234,55.800497809483986,-182.88800391973,66.57707197179339,99.47642163104113,-91.56248509634892,1.0
3407,58.01190697998552,-74.46333439518703,-42.257329535547214,95.2929899873587,-175.80997104706884,84.90226593800638,101.13016062884888,-102.69298586735626,1.0
3408,-3.888776778806813,-114.47536895542525,28.572152743477353,27.471518127143973,-188.9233626646726,59.39146552708021,104.29202765322822,-85.47365407313595,1.0
3409,-0.2954804569230418,-25.451376266328268,-52.59453301352344,36.462251167380046,-183.3312150644933,66.93658620950801,104.41521637457669,-86.2936227193683,1.0
3410,-53.06507582337719,-76.88171436292798,-88.94508739896966,105.13116661527113,-196.9207060527685,43.48689491364654,105.78218744631158,-72.48783355605627,1.0
3411,-30.53756536739686,20.289114709624844,8.04102329943101,25.087770104305697,-184.191153639178,62.41616299795671,102.80050769417969,-87.24805540227034,1.0
3412,-26.654766012413322,-84.0735144761975,-107.50912031085873,122.63107810403677,-187.25205827106743,76.5135513810121,100.48903520458057,-93.49185333837372,1.0
3413,46.21217955951236,-2.21588029146334,-19.245591401550744,-75.35699939346236,-179.65746052095108,90.03956660310546,96.00902252527204,-96.57390597077824,1.0
3414,-66.06635473777592,-149.62201213005088,-142.52876584424698,123.40457885784129,-193.80709197210007,31.845352842042246,110.53790976855306,-75.87813028871402,1.0
3415,38.28086744108853,-87.39459724482055,-22.493508058377675,52.937451314968,-190.16952934918226,52.38175117344726,102.82627721993346,-79.07147847893751,1.0
3416,-225.00488556647494,96.00198344670775,160.81803948917135,31.098922515195444,-193.49509652493427,38.626987843637956,101.34410735333681,-68.07733012274328,1.0
3417,-60.78048781782377,-106.53396104461264,66.73867080618787,13.655989341378463,-186.5927855317705,64.60874257938453,99.7486574574394,-86.55003211331538,1.0
3418,-67.4424278076274,-59.575729131213905,76.18545522915996,47.58343358795659,-182.4708792108895,59.55298786471652,101.52669752778742,-88.31582169860903,1.0
3419,-85.96263350131046,-67.16407015976775,-89.40762360134275,123.69054400885635,-194.49285133487328,53.767250051423794,104.240338408062,-79.03982903471271,1.0
3420,-7.989916667383129,55.364427893642976,50.03972912829371,-71.85149805600099,-177.819598795942,80.96059808123916,97.88735595048132,-91.53660922379906,1.0
3421,-103.65019659944907,-99.8581967028877,154.6540349342186,49.46319227647466,-193.873683344372,30.93776109107451,104.78926278565743,-67.89830874857245,1.0
3422,-60.09217412759639,-104.9216145548724,-114.8685584061778,125.85964168870593,-186.29601128041932,73.01211410446287,100.93423989572787,-93.82887005835215,1.0
3423,-13.818689641755299,-161.66554200498533,109.09848294754434,5.725454174963973,-189.70164285697786,53.66426665061517,105.18124480833555,-79.6833087253731,1.0
3424,-47.000009568902136,-102.52939775947212,-68.3665776315393,49.270393143119136,-186.08208000824075,66.56948612715928,102.0156931147512,-91.06548956171129,1.0
3425,-1.9051811920328399,-36.57896808033104,-49.47226559615342,69.96620606382204,-195.9573587129931,25.680825108415142,109.08161641104657,-64.4798834375336,1.0
3426,-24.624861153787347,12.7115937199553,63.766344539351095,-9.878429038810332,-182.6383647157637,63.578142781558945,98.29956777955043,-84.59661057172384,1.0
3427,-19.28193773100746,-6.4016556936024145,-19.716001234481222,12.261401374138536,-184.8583969120904,69.87765515851655,96.33587355883988,-91.66563639213246,1.0
3428,8.864334888179947,-40.833520972991046,11.963010428271591,-26.529781229068618,-184.67706528176237,76.40615929657974,96.60772048269027,-93.7272053645232,1.0
3429,-42.92139786456755,-57.95929347726012,51.98367712248475,-15.26040586513756,-181.5979305818633,71.41923846389203,99.95707798508582,-88.54227087180062,1.0
3430,-54.7251548124916,-68.03006548514183,128.27761646970478,-39.58932613999217,-189.21407249271576,51.48335104835465,103.15723566441652,-84.03548581537616,1.0
3431,-33.095098940302464,67.09092363381797,-25.537838476440143,33.540617596183154,-185.58112046513446,73.44710578601993,100.57783184268395,-88.98590539829368,1.0
3432,20.77735725347749,61.84700584325044,-38.299016929134936,52.27131078327252,-181.6523410921392,56.74832987972636,101.26565962515566,-87.06466670814042,1.0
3433,-68.21098997420782,65.28820086189357,-16.272723235085028,44.75568345457977,-176.04383489326122,72.0382693314756,97.61424187042965,-91.59718776970627,1.0
3434,-112.7619615168632,165.87884376442256,15.767874364735698,-43.53418060177002,-191.5863157845927,41.136576336449764,109.20196092202728,-81.17270220664265,1.0
3435,43.49645882466635,-65.23153854368024,-90.68183486159802,16.83865511044442,-196.81329499501388,23.615024765622017,109.43761592853966,-72.46327197341198,1.0
3436,54.1805451763844,-83.83271754949736,-74.6232111123053,89.05164179208482,-186.30470918006972,69.06843398100602,101.98891204095575,-89.2795359797928,1.0
3437,-72.60180701504632,-72.09826742505166,-100.97497991961308,95.26920494027861,-186.72846248217868,59.75364214365966,104.77169266430575,-86.5768545329232,1.0
3438,-62.604798983017204,34.97295175558926,48.14952094129745,-32.832569958669296,-187.20772647637793,57.25630192654459,104.47481198318079,-87.0347897237491,1.0
3439,-29.563578727931393,-75.54098719689321,-99.36486116136864,93.87568614785079,-181.82506103626983,75.94590661175289,103.12968884840868,-90.90707001472012,1.0
3440,-171.6641363038488,128.66633273307386,119.26565689148644,47.696834816403324,-176.81486027751393,84.32249294307337,98.81409519359977,-95.5582217043852,1.0
3441,68.73602972468949,-123.27842129502429,-99.4429158400688,62.040338266297354,-180.96169267899893,73.91941576679629,97.98870356139685,-89.70678424125003,1.0
3442,-53.308009584444136,3.5710305687318753,-55.694163463162404,55.90989518047839,-190.49135066324325,53.70807801829644,106.28567413330617,-86.39677906535695,1.0
3443,-28.603234722690434,-164.4312926894181,74.29533826325098,15.213113712018167,-187.7970873916817,47.133522386926444,106.1807380749519,-80.13523474929288,1.0
3444,24.884113537431162,51.27391977656812,-19.453021853825614,33.479143715323886,-190.08221948713395,48.48366742004737,103.93146053476636,-80.43562857899302,1.0
3445,-72.81014864277171,-91.77572978043133,-138.33124057503608,179.20875389226566,-190.35812053394918,58.833671113100316,103.28120485606642,-79.2235678249455,1.0
3446,0.825358602987164,-19.950635706519556,27.985334607135048,2.0629347086475236,-187.82701794538707,61.456483986189745,104.58243908113194,-88.77663138000814,1.0
3447,-105.83504209941603,-42.66976478060184,112.42537649452227,85.80498653829403,-185.30253639659543,73.91592570738634,102.80708624191927,-91.96899038401521,1.0
3448,108.67433731951415,-127.23295918294247,-74.50577037957903,26.90740206968705,-177.72990129563738,74.38583198684353,99.425578479182,-100.40528908334275,1.0
3449,6.602232951009079,71.22063264642244,9.361719899499283,12.275494197215975,-182.7966500090752,69.84646393880199,103.2504856855436,-89.73813298769036,1.0
3450,48.84914154996275,-66.32853631619369,17.094246808448617,-2.105659786118813,-188.64789395721374,47.00289223400442,100.31809532725376,-74.4576695662397,1.0
3451,-41.011888720782274,-28.745306668456198,-13.488617419153886,31.27161118861806,-194.63295466737878,38.1465449651283,103.62412341826229,-73.96540785492513,1.0
3452,-83.75743432550178,-53.85604900135359,122.40463096915862,-18.242993876855596,-182.21406527632388,73.31240457228982,95.98062213331119,-87.07147201487578,1.0
3453,-13.562396383449945,-74.07564672468293,26.08741317203767,-6.0301275813555435,-185.30311765091503,58.71262023404981,99.25285391682073,-84.3601252658562,1.0
3454,-105.24072398555342,37.00478436089352,86.54235441925269,30.483227830571124,-173.87331630081883,82.95203157557287,94.76318150774776,-97.96136222398988,1.0
3455,-77.66139868294476,-31.476664921465424,33.815899268252615,-88.62734850217437,-183.0644274030003,63.383533262893536,99.35883102266237,-89.34042944983389,1.0
3456,-14.95413266874664,92.54598254275027,34.05753971369955,-51.41868397613032,-191.92457726634836,46.738540878518904,110.11120728550982,-80.31305508783726,1.0
3457,-62.43857228499194,-45.20321743188118,-52.56157662703194,48.808985643363336,-185.4784730128836,70.65881795951738,95.47343942251294,-88.33947956056599,1.0
3458,71.91167917060133,-138.60038894208787,-85.2106300064696,47.39852623680145,-177.84718196912448,78.32439230550025,95.67214528850053,-93.9001159192444,1.0
3459,11.491859996774373,13.141705863481723,-13.508213170377164,18.995346351175307,-178.28290525815996,76.44789047923342,99.40399742031084,-97.3195541700634,1.0
3460,-26.824680751688636,-11.566297480191478,30.6816340735507,-41.86510576276429,-178.28837713028753,64.92647816660241,101.16479156984967,-90.81064254768552,1.0
3461,-88.54290564172635,-182.68865197940562,-195.64385982081873,197.68596757167137,-181.39213074597404,66.41300352923449,98.485329961146,-92.37139155409675,1.0
3462,46.353717885183855,-238.64943288689108,26.5197687459993,-29.260131765015586,-189.3126032519721,55.82046722425639,104.78499218990306,-82.3525379502297,1.0
3463,27.024826103391586,-191.02004694717115,29.510349243015987,98.38827468093837,-180.06963887162357,72.25939981005415,99.87737286760377,-98.1686390043146,1.0
3464,-24.02016159318439,2.061817827713303,-37.22419992292878,46.26744559587933,-183.80486750825392,66.56641733670375,97.91114498552724,-88.7871832638492,1.0
3465,-19.995550155185697,50.98678649463477,29.602502869023674,-42.41250555876627,-187.90623207812746,63.64396848401282,101.20184692895322,-85.7563914243938,1.0
3466,-75.70270601830913,-65.68578832213123,-89.52056867932447,95.0302099792794,-184.86648387817593,48.30615427681521,101.94215603890116,-81.21585936794604,1.0
3467,-30.80224141986304,42.83324270538412,-48.58937152656303,7.181082326365451,-184.88285223141978,65.87220281612616,102.81606422796057,-90.58805117656206,1.0
3468,-61.67729184908494,155.23423890828917,-32.637894532043944,71.70130245273103,-179.42308457741808,78.72236692122227,93.06055607615649,-86.5320422267846,1.0
3469,-45.03606717697461,6.377550729896369,-55.8866667586117,77.86565689548948,-184.35280347768116,67.01136401610653,100.89060325386961,-89.36392271193604,1.0
3470,-78.48663523872388,-87.62912607513141,76.50330274048204,88.17193610725886,-184.20980142625186,62.72870676628235,101.33372567454575,-87.43094878890334,1.0
3471,55.16438346466956,-99.21833142033664,-50.47340416248057,30.4913770157856,-176.94631162025033,71.69725798834264,99.44536146801565,-94.14670159577106,1.0
3472,-15.991813058824619,-20.88098903741501,-22.510779411096898,22.298756004544778,-178.72865659897641,77.78961798006782,103.16419836898461,-98.76360327458957,1.0
3473,-14.167590870720298,-9.572560674313097,-61.44294053993574,61.362736218024786,-180.19230951408568,69.26557056421473,99.58072104136374,-88.91901846323478,1.0
3474,65.76150823614985,-128.24839726192891,-1.5945993305110595,15.91992480771857,-186.33135527852897,47.44066727670763,100.94568262632022,-82.19104642005078,1.0
3475,-23.982592587765094,-40.74788017616215,-94.87341338753416,99.19482123773575,-187.34817698774657,68.63336406943907,102.0042079701101,-84.57973487783714,1.0
3476,-41.24673650325521,-21.772119404841817,-26.15569819337179,13.088936468096223,-193.4808118346534,36.80633110776027,108.57503247978184,-75.87480728554087,1.0
3477,-72.48958126477392,44.02559350428589,9.406689233828425,32.35118372118969,-179.67934411911781,79.77008743207605,98.44143326522645,-89.60433864001486,1.0
3478,-35.37897837364504,-151.28937656096218,100.43019106392681,50.860008893397634,-181.30182199032942,67.67583398992991,99.07840612306272,-88.12348495371259,1.0
3479,-31.79145452273761,-23.132230005364995,-9.540663396896655,31.952893018810418,-185.93677554132486,56.29704871979974,102.6378655706366,-79.53635438212304,1.0
3480,-73.52712226548871,-73.97500464151511,-60.48414296089899,62.91210518956179,-191.5670663072787,52.55662846513441,99.08944300105655,-75.74536015384832,1.0
3481,-92.85920569368281,-139.99792412555976,100.48493526022764,-22.56348720734853,-176.95209802875098,76.69404357726968,96.7278704008498,-94.20527203229973,1.0
3482,-76.24806362708516,-1.172074633116038,-11.300386034170234,44.536915693430416,-185.54931654840448,63.21276149885559,104.68412698885447,-83.42511549541169,1.0
3483,-1.7057106613733275,119.24457013782843,2.2957928941448436,64.61991762299806,-186.77600603381967,69.38689635252325,99.77055734596745,-88.45299058764184,1.0
3484,-63.56195016183732,-0.7699198576862853,-70.79686695003964,96.26307151321853,-181.29960700430883,72.76931449666398,98.36286892101235,-88.69374494670991,1.0
3485,-99.00335628468429,87.78062993256253,88.90354722755296,44.82344307482276,-188.60844690681515,56.065472850207655,100.01926744609769,-83.8250845737142,1.0
3486,-50.24528655831537,-90.01873090005662,-5.434704931422218,-6.078274374865606,-187.7579737863548,52.972292801478225,104.20160912246554,-84.63257166821553,1.0
3487,-2.3194726077376715,6.522544138967951,-10.979403238795198,-1.9340382356691888,-186.18488079803444,63.77633749629509,98.8229252375754,-82.30529168501515,1.0
3488,12.657295207440667,-34.09387507471193,-80.27564766913059,90.9077613602325,-188.75779843819527,54.69183866948533,99.97851950736445,-81.287643339044,1.0
3489,24.38265439886944,-138.85712004991925,16.948230549935996,71.3425227845041,-186.6833561626982,63.28733086626082,100.28759946942782,-85.32326365367979,1.0
3490,-77.43096640351247,-20.18617499099409,20.178607817845883,-29.32316306319729,-193.51923725379956,55.84543335504608,109.10141097367698,-79.32082730422482,1.0
3491,28.210460392238936,-127.53419970340225,32.156162313429775,17.91433902656486,-187.06699364909153,77.80621154619601,98.96947701162448,-90.5043897379998,1.0
3492,-21.89761609824862,-20.38860590212096,-17.358294515240992,-2.112030922749597,-180.18464786939225,66.76648012861199,99.77805828518227,-95.25027781716715,1.0
3493,10.887347148649162,-117.42541864239313,-9.991082533767838,61.80442817989032,-185.66635910140596,58.951252585026616,103.79244868490737,-85.16772694184883,1.0
3494,14.271502811811521,52.28836172972257,19.91199070165782,-19.87686560672578,-186.92811171011402,59.74243423712116,102.52326433403763,-89.24097129768185,1.0
3495,-132.23672048164667,109.42660470417258,25.73267319436594,73.91964427665678,-189.14362329489418,50.26289154632549,104.68732370037782,-76.83605896410921,1.0
3496,-131.62188195496074,89.24104365618881,103.54956025410007,26.78275409176877,-193.20346066822358,50.65957211343319,109.24912576487414,-77.97416789996134,1.0
3497,-76.48377112231456,-30.15924202409176,-15.585284686034957,16.870334399310668,-185.37429525674443,67.63448643148494,98.13044395313858,-88.28687860942306,1.0
3498,-20.85769772148091,60.06175885545143,29.614218120248577,87.48797474226559,-184.22419041751678,67.75935215275871,100.03117860839268,-86.18543836729187,1.0
3499,-57.62157046155768,54.863122082451696,49.63564489499468,8.236931158681859,-187.1067337990655,57.97426423049186,100.37501782607364,-81.19788272296512,1.0
3500,-55.15521580736247,-3.3989586591988754,-27.609263984778565,42.62783205819638,-190.52204464917477,47.59926863278882,103.26176093129361,-71.8384699939901,1.0
3501,-93.07306827164945,-57.4210757799664,-23.750225262196956,57.00988274939844,-183.57920867107137,62.206802498040894,98.641444796429,-80.42827353073415,1.0
3502,-82.42425983828676,14.431869711402978,-67.04333302350301,97.16934988048516,-187.4174765551441,42.70284751497145,106.14858659580679,-76.77533258970237,1.0
3503,35.23702236664879,91.83845647299616,72.35534400094008,-81.2516279680465,-187.3415407624367,50.9880436619423,105.69279309482967,-77.63362075639238,1.0
3504,-24.105842906017365,-93.17959321216397,-44.122400437548514,5.473016196988745,-186.8246551615862,46.7696375082312,103.35414154180661,-78.57996328222296,1.0
3505,6.348883874249961,-67.8029554468024,57.81307950462281,-27.670571175657354,-179.60370955557826,67.39855954635014,97.59774258831017,-84.33318372019743,1.0
3506,-90.13616753667685,-201.57979582519738,-95.66603036827767,114.27546906587189,-180.2607724483024,63.204538365348704,104.98173576271739,-89.44698134408002,1.0
3507,4.7688294968087135,-48.526884035100274,264.46562642519586,-44.14943817423498,-190.24499534991088,65.71104522072179,101.90330324339703,-82.94800524237655,1.0
3508,-2.0334988090129293,7.075025594790585,-48.9674678981444,82.74977470909486,-185.9783333138075,63.55678189655581,104.90783747113478,-87.99342851781738,1.0
3509,8.70454101428818,-85.97707027230048,-55.74814203688852,34.676837597266626,-188.10704106839734,51.00394498536985,104.68386105776447,-79.78246604507423,1.0
3510,-74.77485573143136,101.97835439698024,16.812717083897887,44.22550830557683,-189.83125736004348,44.52944283269649,101.64152998489693,-79.6761570772215,1.0
3511,-90.98906596702425,-43.943590855094435,109.39201578873994,115.6646492080415,-177.71404214362929,98.52766607963655,97.83439833458061,-107.51206007669076,1.0
3512,26.39902493755756,10.820414371435339,-25.02536749269506,102.57819359696923,-191.84961485972818,48.24275148586363,103.58442961782946,-74.74189065170859,1.0
3513,1.207183380968152,-116.91743878718057,11.099103152353118,50.944658747167125,-191.1674079613162,32.67101218560052,103.44815095503837,-67.86691115638527,1.0
3514,-41.41411453520802,-18.660194176999116,4.70327672727901,23.93576148715282,-189.08122822983415,58.725043483823406,101.00980451612806,-80.02631860372146,1.0
3515,-25.65501647685322,14.880638521838863,-20.152653541573056,30.414778033523625,-193.90225666447247,41.33586415276722,106.40342385855874,-74.10891379362151,1.0
3516,-74.87510736583204,-18.523678301511207,-108.04213538004694,133.29127038086568,-175.6268214383598,75.54532188233563,99.93608760225473,-94.85083535130063,1.0
3517,-23.45839286276759,-31.02758797397843,-49.061031622907805,37.99690507464648,-192.33946217409002,41.280170611006334,106.9698453705478,-70.4485102293079,1.0
3518,-4.899666688936389,-17.2090469347393,-38.169284103035174,86.7402645118195,-186.63579030656328,50.27224320607611,106.20649117259231,-83.11452520604118,1.0
3519,15.165232150613905,30.920607853773397,-33.34722526505229,51.703910394345854,-178.65238208437248,80.54764187783027,102.41581936723863,-99.54697305441891,1.0
3520,-15.757148388207737,-101.9734715380421,34.345810691261455,76.81824776496993,-175.53564520385407,92.39980493783983,98.49556918036878,-103.64439774348077,1.0
3521,-49.72329560242015,14.922351262717537,-13.366001825680573,71.74199490502681,-181.64304127670817,76.04599898799204,100.35019082124214,-93.6704540222633,1.0
3522,-126.68441800149417,-59.7169770858029,132.670322839164,-11.995438323836293,-189.02433678419604,52.52096701723037,101.02794196769267,-81.0001083686384,1.0
3523,-71.68535971767112,-3.3471661831112054,-0.7639222523174949,16.22707199597768,-180.13229012269403,71.71342765720394,97.71892323961963,-92.20832185244359,1.0
3524,-38.72265818312638,68.96176020620975,-22.798632074441528,-1.2786045323198325,-186.01440566554612,62.02179491805535,101.83623762554481,-81.69832745836327,1.0
3525,-38.09337942137352,-54.87478839745086,22.860369480495645,-21.730298647156697,-188.0438860839086,48.33881272787846,100.16818673501159,-81.05386402612393,1.0
3526,-48.652962726032115,21.59000411297969,-56.45776828892143,50.99022816658495,-170.93940878289467,87.37702989388825,98.14192758620732,-103.00736553542065,1.0
3527,-12.958961109526697,-40.78542708331125,-56.086334047318246,73.0830566040323,-185.67357835591395,60.46605488194681,104.61037253612923,-85.04400687706247,1.0
3528,1.996017540919437,-69.12863256892963,14.54582508859026,-57.517373044186606,-180.37518753829582,73.32146917818727,96.83044473425916,-95.36801015287757,1.0
3529,-24.453450633502246,-20.132503964954473,-38.06602915452345,23.557861436347537,-188.64453365984477,45.63914156401932,106.47243644137616,-73.38946733469443,1.0
3530,-114.02153600209661,-137.61390885018128,-55.664675821361406,40.18182799960013,-188.92764466613158,59.290078609125295,100.42297823510982,-79.01530730662859,1.0
3531,-32.92197883989246,-3.6945221010495413,-2.952974583184953,40.05312015692457,-183.79579919982572,57.935231055955526,101.05851463657106,-85.08403168745176,1.0
3532,-74.01648546941122,-58.933160267843164,-27.569814036349154,18.311626338911783,-187.49178982550777,81.34567997607513,97.92983352966382,-88.70049708091523,1.0
3533,-94.6321413193916,-129.09568442398992,-47.44528366288172,14.669136312657717,-194.20745473626957,38.68063009234053,104.30753498858839,-74.68564681212217,1.0
3534,-70.19481399048854,-29.0453332904147,-8.881467022296446,11.952834045817134,-180.63353184451447,75.4757181982106,98.4896832445976,-88.94777755259506,1.0
3535,17.692501127090708,-28.90739598539695,28.461266262040684,-17.56721859544085,-186.19610067890446,51.56085430001524,101.77853057690439,-77.93015431291238,1.0
3536,-1.6912890876700781,-14.256494612643442,-15.611722599647248,40.89740603097718,-184.7563067474168,64.08921307167769,101.1074210091324,-86.13372833075125,1.0
3537,-12.860702111596595,-82.26696500172402,48.445773129375404,-64.32025117682029,-190.2941798129676,64.33687336238151,103.06086110374287,-80.38458072904301,1.0
3538,8.333310375139757,-10.278152589721817,-7.967071903639711,49.02712685195218,-178.00864493104845,79.99005378939756,98.30781425610408,-96.46789401399704,1.0
3539,-100.18962026378442,-19.388148983518928,108.09533111613128,-6.547121920570626,-192.44784731343157,29.549071617599356,100.64339509119698,-62.424596539680564,1.0
3540,-252.22339378049367,68.50172081705904,221.9363832030667,-17.39087124549873,-183.65145071901537,78.7027675369911,96.79839342320392,-93.59249831683871,1.0
3541,4.55819096769341,-152.39426028124618,30.86334009364001,4.773620248642785,-195.95855878857407,42.143595527145784,104.65234307549687,-71.30836386249256,1.0
3542,-50.16759664548388,-160.3042683729692,109.35956435242286,52.17721682801957,-179.7332800455898,85.14976638490316,101.50550604251056,-100.02615785842231,1.0
3543,-13.933788828450488,-157.7100062439048,-152.91886588739553,130.1278415804547,-187.04014688601902,43.83235401470811,101.72447149521098,-78.28697510630388,1.0
3544,-103.28474691543774,33.2886785484925,80.02266096940312,31.20273634845442,-180.95978736927606,70.48864462248567,98.18259131943444,-89.31688321465941,1.0
3545,126.26080706274803,194.96132067008526,121.71474539089795,-153.18513753202325,-187.98518272411303,68.50701067846165,100.8584188732864,-92.78637262457575,1.0
3546,-33.55991611118923,-37.759837097204375,35.875737608238126,-43.91238002962501,-194.85963477967047,33.43402764430103,106.0031581453393,-73.91130655582319,1.0
3547,7.316076982301956,-75.05157650685479,44.237914424935134,-83.21232557369622,-185.39619884019794,47.71836392948434,101.05075530663748,-79.21196617461942,1.0
3548,-83.32494031052471,27.26101355139774,66.09412168904254,5.391457286572853,-185.71626606830174,49.7409880017508,103.62226891954263,-82.96727139045142,1.0
3549,-82.53320648134812,-43.051066752547655,100.24652824214222,-14.313493669072185,-189.88356906324245,46.10955502226942,103.31338116786651,-79.19668044495431,1.0
3550,-91.01262623633517,-154.75085690738672,126.63042112300418,-15.209181060300715,-184.63785957572026,69.91151503655537,100.80203205923534,-89.4686399564703,1.0
3551,-62.71801195238345,11.705874776602359,23.14348878184183,56.078465146226264,-185.3144278342232,56.090413263587756,101.94206694638845,-82.00608043689255,1.0
3552,-33.495412051569595,-106.98145601117992,-8.052216734047407,-24.955348557990675,-188.5487936152759,51.496145293543044,103.9205761205227,-80.27807383686978,1.0
3553,-164.11233995670565,-21.402494414720056,132.25441545757812,31.05171830404807,-191.5008114474885,42.71036819435166,107.30158883303923,-76.60786426824001,1.0
3554,12.150398760193749,-78.24997986967254,-5.940859124385867,20.289129852979503,-189.86115155138208,50.63952601471827,102.68471573606219,-78.77954759787195,1.0
3555,-69.39906164185332,-49.335975878668364,-41.842551994300294,35.85407247140122,-184.8083677385757,56.17932015151405,102.25631105103415,-79.79101697068168,1.0
3556,10.426891685487622,59.539329871457994,-76.15382977020772,93.61159555144673,-183.88781149961113,62.94628225322524,106.18627623580579,-93.76918010769164,1.0
3557,-44.494792512319016,-53.559276712217205,11.856596000382547,-26.125021118185078,-185.55033900697669,56.591032936474484,100.38401748278731,-78.73896379891296,1.0
3558,-54.59771882302684,-84.73526037144656,-88.22762098744946,93.0690793427004,-187.85363321002407,50.50799399994057,107.60701949427134,-78.88931291657667,1.0
3559,65.28180357235784,-174.23542274827645,-51.763723255306594,-1.2896585594060928,-182.31855871926393,60.077779161664594,104.75484499270331,-87.6977630275173,1.0
3560,-48.665206378051536,-28.6704473384012,-58.60661742577496,19.767851530367235,-190.55257582868876,43.491969085564406,105.31922983403108,-75.86563646193652,1.0
3561,-10.482940721848422,-9.751502724769495,-14.44223409922273,41.66703672104356,-180.85869182246182,89.10899673209094,101.39734160323854,-102.4131180467784,1.0
3562,-51.05179294618832,-20.763655925411832,-23.23121983025782,18.574372542880514,-181.9047072964428,67.84819590820742,101.96494966341855,-91.5244804437269,1.0
3563,-10.930794444428699,-66.0857017003155,-21.342502592509213,-19.852388379019136,-187.6940477686777,52.01910267366302,106.82109037475026,-75.68515677724311,1.0
3564,-45.022840626243266,-13.053442528540296,-26.97805433173069,13.636058986580899,-185.0299162190961,65.0666757259002,103.67799889615416,-92.61533110957863,1.0
3565,-73.3075799355325,-16.36742480429382,107.31984608269194,29.69111888043841,-191.29053394702936,50.304636867767655,105.15225762944746,-73.91301081209416,1.0
3566,23.645538292439603,-40.07563760510617,-38.238593119145925,11.18336135267765,-181.90374278485717,71.48347524055754,98.5013452268532,-90.6649709082499,1.0
3567,-118.01526079640881,-28.54340831406076,116.57484048420008,-47.127527068506595,-186.65639654411208,50.32296802742285,103.95193290775245,-78.94871864882587,1.0
3568,-34.340662928499604,-83.7495755590805,-108.38664728741408,116.7207136462135,-175.614739059038,93.73121397774145,97.0276726532657,-103.87773875431805,1.0
3569,-26.51829165116057,-173.31254012898484,-131.40548312137324,92.48680799716922,-194.04555260474498,55.854022375033814,105.51814438059286,-78.14683867357257,1.0
3570,51.379590187359206,57.58504335202579,-133.734295378386,127.79958171031602,-180.12916662824682,75.67458704517352,102.28939031229207,-94.7230103242727,1.0
3571,-16.384026255992257,-117.0174128952871,1.1935007435617762,23.945969008638297,-185.67549460845672,58.679621813193116,99.67091775885818,-77.96819280986695,1.0
3572,-90.50117653402772,-34.31127679614807,35.17240501317637,-24.334628116257573,-185.12721211219758,62.42121912525755,101.37763901312569,-86.6697571816732,1.0
3573,30.486804621981722,-44.788051381941955,209.71558602508148,-72.88672607706441,-183.43769156413614,74.21684848671313,99.4469100664112,-85.76124327932733,1.0
3574,14.72813438614221,124.53533337987778,51.791059398459346,-83.35969869551947,-181.2085094568673,82.61698604822732,97.12112787386343,-90.70224213204466,1.0
3575,69.21206235104754,-217.5090955208912,-18.003105298766663,27.02730144765538,-187.21338066533622,53.507529115771106,105.4214635194576,-83.2446880833396,1.0
3576,-69.5368590873189,-82.27901812181706,8.85330780660979,-51.82998421027515,-190.9954498565356,41.024786667801166,100.94505701495646,-74.85035874467653,1.0
3577,-32.32898381519072,22.042018473019365,-6.9631512458335045,90.59944894474566,-180.61087298515167,72.16228760708236,101.28307270057182,-90.1020848828581,1.0
3578,-193.14697156857562,-94.75671069763632,262.93170083896575,-22.883540596747842,-199.49337540716436,42.282730130423886,107.35909483091758,-72.05907214569186,1.0
3579,-30.72500227665739,42.03867963063781,54.29406989002261,6.010616536516578,-188.82315719562084,53.20796683730935,100.70115922291114,-78.99660496192513,1.0
3580,-7.541975237044624,1.2470535159656404,-26.176527969076385,51.39521161102951,-191.89243483554986,38.40582421703458,105.02714433181366,-70.99938369371937,1.0
3581,-97.27139436968926,-24.112507777498983,9.352308416051963,46.43051306924276,-190.64755022676832,53.21360405670563,104.16333512052047,-80.95046025583042,1.0
3582,16.70079184621742,12.515148533374221,23.855988460766,-50.25465239989525,-193.0303156264632,48.95040118080304,99.45906455074777,-74.59077492024949,1.0
3583,-112.70111449908478,-87.09974156869384,-127.01768113864466,162.53158631337575,-185.64724963896958,51.215888820180126,102.1555178257293,-79.50693898718923,1.0
3584,-22.7463272226097,-82.13895353387674,40.494414101451284,34.5306838146169,-183.1206007505019,80.01362791372527,98.703854821803,-92.64438181078626,1.0
3585,-48.57115347285938,-107.27060788627315,-53.19189660366413,43.81105394099668,-187.99285747698087,55.74790182473358,102.55403647490719,-82.62576934882095,1.0
3586,-169.36389013954215,-157.55264620371494,-131.3047095304564,159.1548014482384,-188.02581448480373,45.22581068931042,102.2245610453884,-74.76042521006444,1.0
3587,-69.22949055976805,13.373639652886393,-26.276297288024093,50.53559645948395,-192.6287601870175,49.13530584719713,103.29620626542452,-78.07252595605257,1.0
3588,-62.64825560312026,-98.7885706934826,97.22786148037336,55.81573163343359,-194.87369376168547,41.8478494295071,105.23992940554191,-72.23525528561072,1.0
3589,-49.48415839377836,-19.30118160039415,-14.971659925658917,36.606540938024025,-180.53166097146698,74.30112399204846,101.87232251147893,-94.83214838103098,1.0
3590,20.3611138058032,35.3660255510977,17.089859966603647,-14.626717455136163,-187.31582529979346,66.0699098302664,102.61457140725186,-86.31546490906234,1.0
3591,-84.77407202212983,-28.256258875799013,43.850067531614286,1.8802803382064304,-182.398369445065,74.20703318474781,102.53617668210839,-92.7548529061961,1.0
3592,51.36431869341935,96.54107651144884,-79.8936905596777,25.364008487159538,-177.38095108128954,88.4023342865859,98.02992107149029,-98.5271188250029,1.0
3593,4.586172601427774,-38.46197990084191,13.687877034508508,93.3738480409524,-182.94739971479757,57.208271561205805,99.01690120606995,-85.9716477021744,1.0
3594,4.192008798858648,-79.52654520924824,30.72267816464337,59.79378598626508,-193.84264537681358,36.76561637989871,105.36772478107278,-68.93249920213478,1.0
3595,-99.08451409785918,-156.7886456631062,-84.97686625751906,86.28123973067157,-180.35304325169216,79.09947963040891,97.81809274101388,-92.90830380341356,1.0
3596,-50.565047249845044,-140.9388118307892,69.49909693438039,41.76857771488624,-185.2276826563029,53.484594525407644,100.32450069029163,-78.36278714239306,1.0
3597,-1.423131338384137,26.31573482230627,-14.10163155265878,54.070854005912416,-180.33719996341742,67.18058711772592,97.3467324627814,-83.44551939959462,1.0
3598,-45.056658181112034,33.56302772241041,63.07517434055339,55.33239844076556,-180.597029860754,72.05369267761584,101.38696755318148,-92.72476643742007,1.0
3599,-106.22645856087316,31.86084899924727,128.8586916638586,18.634438325021048,-184.94544861432777,64.48279479931661,102.39304726072186,-85.10376614461669,1.0
3600,-92.04411746981101,-107.59906752298222,-63.739867136952824,55.83979649100408,-188.52692674589215,62.37493528406491,101.16806618038302,-80.27361625992236,1.0
3601,55.3449671996009,-171.3323666156023,-5.813258421750533,43.30032335281398,-184.95602387192787,57.18691556206654,98.02261775079037,-81.18926854289262,1.0
3602,-32.29934334831363,20.290819124904857,-53.07884279972481,54.01380389081694,-189.20174031540256,51.865810342102705,106.85970653398846,-80.77622086538186,1.0
3603,-112.61721356642063,3.7329517640574297,123.56292878848356,62.675562518948325,-190.53875971264083,62.290722036961945,95.25701550555685,-81.21351419449665,1.0
3604,-77.50251775767639,-104.5445767440563,-105.7441345405583,86.7423918660855,-188.04805248580396,61.00605557795224,98.41716753387126,-85.49418976801644,1.0
3605,-52.384372817565605,-81.42795767764832,-101.80427826501428,124.90794770218162,-181.50024749043146,71.49825282832116,102.32063083574624,-92.22709772290719,1.0
3606,-48.471344043297,-159.4257165501605,-91.73936838030923,93.4673355516147,-184.51055789077375,56.76312785423748,100.9037963755006,-83.97177767064284,1.0
3607,-110.55171692235501,55.34676490044437,99.69081386469398,44.102029537697426,-188.42626001319783,63.282387477215785,98.91780046249809,-83.03588254595681,1.0
3608,34.19001205127257,-155.60880626473156,16.93610779876049,43.441991865944274,-189.1271152684404,70.72352809438401,106.50981986376215,-87.7940426695094,1.0
3609,-31.474396740975617,27.11807861227654,-14.885780179033425,16.551325068159752,-182.64903830815118,72.53038518218119,99.90309409667033,-87.60757310801817,1.0
3610,-128.70150476697472,107.75928713804677,-18.583903840249093,-106.95095043341362,-195.7532917716069,38.315890312464454,104.120144407983,-71.24115915222026,1.0
3611,-32.769991853694,-4.1608017290326424,49.076072536992484,-15.567870537611794,-170.25712715069102,77.93559342125249,96.51446129838641,-101.0236291129824,1.0
3612,-21.683441344470026,-72.43443017848887,-60.65947823410234,68.71258883143283,-189.79364163418768,60.083626931996136,101.38389913669174,-84.86747059142671,1.0
3613,-80.92823901473855,-73.71600262854865,68.85853650048425,-12.03696462500491,-184.59149703313412,47.48182639574354,98.41290265881372,-79.57624003801503,1.0
3614,-28.522603159087556,-14.884561469303515,98.95024940286152,60.60434791156213,-180.28516619838808,70.02957844633026,102.84931445794861,-92.23134315871421,1.0
3615,-85.43438434883447,-74.58575670754573,112.94624994871857,60.733627338177854,-182.95720514683796,71.34931705397933,101.67069898334867,-85.12950433895695,1.0
3616,-46.36710323410508,-163.10485596509324,96.92175501725569,78.64524571250648,-187.33031038088282,71.37365937989625,99.91010883063888,-82.57106315153872,1.0
3617,26.675377861150174,-35.892700345093,30.12680870742157,-55.29777686545832,-180.0431231667824,73.84864080034157,97.23092814499455,-87.69354234464956,1.0
3618,-75.35874614547164,-188.77633398410893,126.62948609875677,-32.82354418762791,-189.33922237353946,53.645344035173075,103.77246056331762,-79.20582420115304,1.0
3619,-18.736978595346017,17.61717572611843,-0.3259045397688065,41.82023678636429,-188.46912420738087,65.30383148324503,99.84378212154014,-82.75765985705256,1.0
3620,-97.12719917299552,40.15294694940428,111.43355464798042,60.24994820061046,-187.23767242852782,58.272025558848085,100.04023862979537,-81.62430603845414,1.0
3621,4.076541007389856,-154.82904634695777,79.25241158232367,43.868528258774,-188.47120365864026,52.81254672451707,102.34757432632045,-78.8623975510939,1.0
3622,-151.3546678171424,-44.56902841228633,212.12713286966957,51.14566306572347,-183.91192971011478,67.53457639600572,98.70399661038753,-85.41680688008157,1.0
3623,-103.14157676427278,-21.163001992640794,83.13007669951324,88.96418330130358,-181.77716161319483,61.75147801248216,101.41408649170755,-85.39507265664105,1.0
3624,16.20899028340871,-96.58787082426637,18.286294021630145,-7.027899872443283,-184.3543258940698,56.16700169780959,98.58753721547801,-79.8937380688826,1.0
3625,-141.13896937743115,90.39523473804864,143.7923513369835,69.18362951957158,-179.10182974007017,61.11666768336342,99.71455022192823,-85.76907662721567,1.0
3626,-93.78896541686825,80.72888377104728,72.76531349904383,46.58392752145335,-192.7146748825615,51.03765262992869,104.63735688400772,-76.52993267577827,1.0
3627,52.74307547465337,114.29866475173942,17.9381108765162,-30.034095056139897,-191.35470976054046,44.6144510584395,104.08214501770708,-72.6350822864007,1.0
3628,-42.5138633811671,-95.56335778523464,-1.084432426580556,-13.155540801230936,-185.99668304947983,52.86778836047256,101.71144864125714,-82.23645706603094,1.0
3629,-76.80713937142083,29.47247272448473,37.83656309482059,90.96243499390273,-191.4648620171418,53.12623587461723,102.57228197327387,-79.27597829061712,1.0
3630,-149.15332485347875,-62.66103083493748,188.19981831060343,7.267321478207473,-184.65794684166448,63.30371277340323,104.95786247461584,-84.6370947779427,1.0
3631,-27.763832267585975,-41.98361712661379,-102.04949668001144,89.55075592276356,-190.5568482408644,33.03675617413506,108.16472671561027,-74.20223838498626,1.0
3632,-89.76565615192223,41.34025137615039,37.01326299705366,41.19305470463684,-184.7908308948615,64.33970682506572,103.38058746951326,-90.69777416488219,1.0
3633,65.76695279334248,68.11440129020802,-98.63528343730252,4.290811847286941,-181.0730278214685,59.94769146947348,100.50082387090102,-84.14622564159306,1.0
3634,-132.11337852973432,-124.3117198251638,-66.92397049871187,77.28518429431293,-192.92846110632405,42.964653403365446,106.97933421630283,-71.9210553399809,1.0
3635,-88.67994012024951,-37.886709809816985,92.54101237603972,21.056317336788375,-186.44403474488618,50.41739443811894,101.73909683082191,-81.92226969698257,1.0
3636,-5.986701447967901,-29.28384753202232,-45.08844276553054,33.138157927212944,-189.58481042685634,41.99560998332893,102.57944830466515,-74.38777384024426,1.0
3637,-119.46893879606996,-87.08671061633487,-107.86976225914322,132.0912630652361,-183.234653654555,67.07195648724537,102.09741207834003,-90.52165329491497,1.0
3638,-90.9429616103561,0.628109355656109,79.41013836477762,33.150323046043326,-186.26327931377293,55.24411590930276,102.9476286795814,-85.81638109681705,1.0
3639,45.45308757399216,-24.582986852574106,-106.68933133346053,-49.653977375841606,-180.90989351844826,65.79245121562127,99.79141090095077,-90.4763540323441,1.0
3640,-32.82181308411069,9.435995593110869,-11.628624561933693,-18.846734665690825,-182.53311823536544,64.67698718338048,99.9211426722333,-89.38227993476197,1.0
3641,5.995139462966886,-24.53243849961139,-17.789155496166316,38.05842823784299,-179.09324617995838,78.98295269314443,101.4904171255518,-98.74508674551838,1.0
3642,-97.31431181000391,-76.30948567162787,103.58046068988808,40.99283781692171,-188.84860299966846,51.59917103279301,105.62289063094939,-82.40972557443413,1.0
3643,-33.1720499975644,-47.418705134073846,-8.61745442198224,115.48064774204683,-181.95619466432478,55.23373661198818,98.33707519569766,-85.55683185965204,1.0
3644,-38.4883685882892,77.76291457983228,-29.112755288907344,28.659940136435026,-184.84500892633744,67.03056259038742,101.3105463866147,-90.10595985404879,1.0
3645,-53.34057964725001,-40.646136495361986,-103.54835388363597,102.57446267450356,-183.35133717746274,60.67068841999947,99.16296833812375,-86.26885797067345,1.0
3646,-27.678623810348256,2.404297780624681,66.6919712724603,47.79514291564199,-182.04802793061367,61.00677024180312,100.69856589444358,-88.46435388362262,1.0
3647,-56.16645634539359,-32.727780028206354,131.50176909181596,17.15132855020082,-187.1641683822734,55.932127531513146,100.27281337264523,-85.49316155850653,1.0
3648,-91.94467753021648,113.38271690905937,19.75075710210905,90.49341439499953,-179.41452342810285,71.257474534358,99.91659220809959,-91.88740438813325,1.0
3649,-43.244745037703346,22.708604497127528,21.66704493336662,-11.318394777318458,-191.70369281203637,54.79218642500415,106.95257500073242,-82.85105152726588,1.0
3650,-56.13986847771506,-156.45418706571192,-79.22472440043632,85.27028468589147,-190.31967829330492,56.59426360916768,99.46714059330041,-76.1029461292328,1.0
3651,18.31781239286653,-18.556700958451927,22.58959469771159,31.72436256803019,-189.13327006691568,62.7554036201428,102.30990985519101,-80.78823205207956,1.0
3652,-160.6041154400422,-28.19712380460698,209.8249921192181,61.10631638888648,-191.38172778662263,46.572513696231724,105.90495070010401,-74.21134372512033,1.0
3653,-75.47049549172468,-97.35653215632871,-58.40766456179299,68.96926957126163,-183.7675616838803,62.65803856400273,100.1094244110269,-83.9581570884225,1.0
3654,27.805584423887442,-38.19408219057957,45.2792008149034,12.12469129513124,-186.66740005029496,48.192609028064034,101.71704953460092,-76.70319463514686,1.0
3655,-12.79467834926,-31.580401478954585,-54.206451226770966,79.07473930138214,-198.63653107325507,28.931528963204702,105.1796158848482,-61.67119146324338,1.0
3656,-22.12841396789674,-90.77187534258874,-69.11109010863072,45.22260293047934,-178.8959321617101,75.4786114841197,101.27821664015889,-93.4696653334826,1.0
3657,-68.3383879342978,-82.99407689325918,-50.457857373900175,51.91583021526165,-179.38118301864367,70.25272073626763,103.94462530599036,-91.9500029168855,1.0
3658,58.7865510898407,108.88820355561907,-110.7502905684681,60.561854301812744,-183.36592680295746,67.87478936523041,100.26980945327895,-91.44328698782166,1.0
3659,-117.45169396361939,2.082113995052631,158.14608411856,35.168539229653476,-192.04252848904258,71.04290020710064,100.29721581443341,-90.39263149392715,1.0
3660,-86.53754705707446,-223.14850259947957,148.91926771523327,27.456316541562163,-183.00354337161926,61.13295779386219,105.5412452841877,-86.99623089561197,1.0
3661,-49.43239591360331,-39.25518644050132,-31.154468022324156,-3.37421155014333,-185.70808451190214,68.74455428062522,102.85248629504629,-87.06093576218343,1.0
3662,-34.93272692449519,-62.73224360659737,-117.4352872057847,135.57501859562828,-187.02177283334927,56.315626579933614,103.51973985537761,-83.65231250796361,1.0
3663,-47.491104996405234,39.30428237305614,-97.22546273386746,134.5406439134384,-183.353383315136,59.00302036021326,101.79060584847527,-90.58197515494379,1.0
3664,49.95422837804928,-115.91237704975394,5.349351285271492,38.02615151425837,-185.8930437884029,56.935283519422626,103.58712517672251,-81.86332432309929,1.0
3665,-55.29265378623902,23.772340944853497,5.717331579916962,6.441518402348157,-187.45292563693883,66.80717085121474,106.6664393516456,-89.0933610163262,1.0
3666,-100.69535686783438,-63.280463348246094,101.43588103665122,-7.559846624610822,-181.76869141294563,62.752466286771295,101.83115698091008,-83.50651699834025,1.0
3667,-23.206140993874953,53.58256171694459,18.819991104301547,-28.13371948979312,-189.6801754896653,61.867423823190315,105.90023331750629,-86.2098762167247,1.0
3668,-67.36807111072186,-179.08068957049232,-82.28052247901869,69.61348193759433,-188.94954074526626,59.877698855848344,99.65543945668622,-81.67991566715327,1.0
3669,-94.01037160713722,41.67539887073472,91.41777171787932,-9.557780418907852,-179.03661885121696,72.69969732854956,104.35693878278313,-91.48667450175897,1.0
3670,-8.273609662371479,-32.49125783809888,-4.313718965423153,-13.463904414428185,-185.94646962728066,72.08514686444688,101.14756625603094,-97.84626135575013,1.0
3671,-53.249865087226624,8.940011823671068,-58.979516933002344,123.28380036268642,-185.99209121954593,48.65949684007646,101.36671842803133,-84.41373772922758,1.0
3672,-56.79836651871817,-142.96275159589277,169.1262914611097,46.92622143438639,-183.30049837579386,60.76540353796865,104.63130708668896,-89.27833464332284,1.0
3673,57.30821208687774,-51.482498474876806,-96.35671844705327,13.051344955594873,-185.83622106053875,62.520133233033064,100.60260184828783,-85.83849824315116,1.0
3674,47.45092490123371,14.547183703486544,-8.478402407080127,22.771104906450184,-183.5294062793295,58.69099683622258,98.10681482781479,-78.08708528519925,1.0
3675,1.1442773284270735,16.517324225951068,-42.28069798317426,55.694367794775076,-180.9005400240476,68.56715524384221,97.76934328797753,-84.56820918423101,1.0
3676,55.23178101597771,-54.40208206840818,-3.7175720492646724,69.89071298837042,-180.65069406584274,68.15459300155726,99.1299970408612,-87.60943004139635,1.0
3677,-29.759967690605887,-86.76859961836611,-17.244956731851047,2.274326777985186,-189.29596537090387,43.97773860103723,99.09350880317115,-69.82759628354047,1.0
3678,-83.7785727212248,-53.7923566251475,-5.33302485418477,-28.646935164163136,-179.24815158431508,83.67210675280474,98.65101002883699,-99.89326962118571,1.0
3679,9.68364926112993,21.874672941264418,25.35227573975477,-32.16047372727894,-183.02086367065266,78.80815810370062,101.96557996485889,-92.92424996620788,1.0
3680,14.666129252125447,-57.05766887348843,-45.04428947201172,28.565036372813406,-183.32068347779253,60.850227732218634,99.77815726567816,-86.64531264684767,1.0
3681,-79.05629887560659,-84.82747285994165,-76.59977089938799,104.65063994061966,-183.08292094602302,82.70428600134925,99.78507734284372,-94.53692421472601,1.0
3682,63.60109322150669,-50.119875053516594,-43.3126139546289,-29.485649934532404,-181.4451541652074,82.31770684647668,102.77405785615257,-94.60579407883904,1.0
3683,-41.62018643979356,-35.91758424130695,10.052841681628166,-27.49621954613194,-197.91836363486934,33.41753977138826,107.9311958455997,-71.20977185990779,1.0
3684,-41.137741342528976,-75.05608386069069,17.283888996803356,-31.602809899227356,-184.64163051989368,56.06901422615316,102.88701303889108,-81.6351400232941,1.0
3685,-19.465024199267855,-154.49857103209473,101.0666353056362,28.655639272099787,-182.74765543926998,65.94305660530406,98.0135914159464,-85.78131771338116,1.0
3686,-62.263817602901504,-72.03419970343424,-22.011208251102516,15.798323548231396,-184.45246313528844,71.34344010112294,97.51165533683104,-87.80793897413896,1.0
3687,14.537329255925647,34.51707762357585,-31.825864859048558,39.508746385585056,-178.8117705906862,77.80921855894985,99.64029843263116,-94.38886526985823,1.0
3688,-104.9584357966315,-156.34886336774844,142.2336940677566,29.58306504856962,-185.45651040143,66.61156377238039,99.30804524948697,-85.11746260424867,1.0
3689,-58.55987452314042,-16.544441878082885,96.70290753013865,0.7415993207912197,-181.39162283883198,73.34763262809699,99.27558137694702,-95.04861555338286,1.0
3690,-63.02786977420293,-31.840057827555253,-72.45682618229709,98.70581609090448,-186.42464247972887,58.14455308024115,103.59028361590593,-92.40076761626082,1.0
3691,25.678234254638323,42.83820379170823,-98.91174743653137,85.35596005033858,-186.13964918493954,68.91760770214383,98.32329676963869,-83.06340153598447,1.0
3692,-85.24061797486239,22.140202250009843,100.25572141423287,43.72353739471586,-182.8480372660662,67.88731940753055,102.56212881580687,-90.60289143980135,1.0
3693,13.391077069101499,-8.99900725650204,-17.744596533940744,-17.39938922302926,-185.898750830312,58.70082226185241,103.247311566693,-80.05552649005946,1.0
3694,14.43574860219149,-78.60657286249905,0.6047322533872634,35.647857098511814,-188.81951345105148,55.11433661185214,103.17141704096535,-78.9111650010783,1.0
3695,-21.361080536758394,54.987674475599114,11.586726853541895,-48.440026398506966,-180.52303005377087,74.38648291319994,97.54950803140032,-93.61552120686899,1.0
3696,-23.457799155438128,58.04606199229434,-37.73353208294207,17.63625302781496,-176.73436298296167,84.16503730680267,101.34748160445083,-99.92403329236731,1.0
3697,-66.96115970734832,-64.13583165440797,-106.29843504068033,106.73740537013555,-192.21401864542435,41.020273662561245,102.7274012890707,-72.35045839453454,1.0
3698,-2.9500558400180954,-37.62302070009369,-24.763822512116977,25.287574888717117,-188.3991849132904,59.49570834824622,100.10422811620002,-82.0881664357815,1.0
3699,-133.07388486465626,-13.397837857083944,128.60631358684867,49.2722451297293,-185.81977857893716,55.950597636852564,102.41133572459638,-81.48655546339407,1.0
3700,94.77402390568086,-99.30467295590003,-68.78946758650014,125.23836566691506,-183.10875968858855,68.84720401984742,101.6304289591371,-87.85628941191901,1.0
3701,-60.96467271460888,-84.14650236540272,-37.0878421128695,45.212958067698914,-188.53579610256884,50.37620215323186,107.90398737632658,-80.64410845852245,1.0
3702,-24.501247978280606,-58.915404991978946,18.43028222382886,49.42557988480634,-184.5911012191586,54.10411314073972,105.26437534579858,-87.47109908005375,1.0
3703,-31.893052111744996,1.2987958935764377,0.6864805318990141,24.637336002289853,-190.59731816946473,54.96569438270722,103.76681639497198,-84.09453850652358,1.0
3704,-61.47050021845505,-37.73491290239742,18.15043782409356,32.54891531335172,-186.16894316210616,54.50360914299689,103.32195103741584,-87.38061882008824,1.0
3705,11.184719938913462,-4.2146693589052155,-57.09290321101375,41.23059177225393,-196.6245684413117,50.43333460302207,103.50999504343734,-78.45008359155854,1.0
3706,-57.28555457150185,9.619334731817775,23.91590996489796,3.7903867023644677,-181.88971048588195,71.10015349268461,102.91936832426421,-89.58174440193265,1.0
3707,-47.591135571283395,-31.869777391508414,11.87686634275073,74.70716806456298,-185.29633113292036,66.48255709745804,100.27882719533463,-83.40796061704593,1.0
3708,-44.77632523244509,28.974385206989993,-22.322218044619795,19.34069243278243,-187.43439123685624,62.150145198859434,97.83575720729124,-82.73352633822842,1.0
3709,-27.097779241881653,-99.78835567379099,-16.14953211334347,-5.229856518835874,-184.6741755390674,56.157075471972995,106.20061519364398,-89.79023535443899,1.0
3710,-8.173511253933741,122.02487255959448,-29.986475358154884,56.05831715799412,-179.65995639238872,84.90338825737673,99.38588734705408,-102.32326580034393,1.0
3711,-43.316329001892,-91.98733429749676,-5.100114600454186,-36.20364416513336,-183.78601331766,61.58795763922159,100.7671189475126,-87.4857384661236,1.0
3712,-145.66304456145457,70.26608877859162,158.63974035821457,1.252096345524406,-184.6262560500239,67.02850922498466,104.83390430999611,-93.55854208822232,1.0
3713,-43.30127752708782,-34.17652128014906,-20.10904707223821,35.48217770846965,-179.71030815923,78.78196548992656,98.02268784738213,-88.9901839377027,1.0
3714,83.80714103262787,-69.5957930453756,-144.98672867790975,3.45529959465754,-185.37810945488224,55.27768006448494,101.6818046208946,-80.68961822803138,1.0
3715,-19.769102355569064,-110.65519936384773,-50.21775940213969,13.228806991677681,-196.80770476699206,41.15802196420893,100.5223629322834,-69.72586478660529,1.0
3716,-95.80831670122775,-83.4857663370053,-78.11642063447056,60.0522083851918,-188.05013155704984,53.70861449512026,104.55249513510324,-84.94365771676722,1.0
3717,2.6771421632195977,22.728444302472695,37.39630867729154,-34.00471961794758,-189.52724600782247,51.09032667302404,104.20417566129206,-82.85053320131337,1.0
3718,4.3196812631046075,-70.57440292920205,3.459428963339511,30.76813471427026,-196.91232935115406,25.733107139458554,107.71111767351564,-62.715774705711226,1.0
3719,-6.116237304686423,-11.625992895475523,-18.967701849452258,111.22655864381743,-185.20099522699468,69.18243428122506,97.09440652589146,-86.17963308706425,1.0
3720,63.06626487407219,-174.5992710537755,-13.537998717256972,-14.632305475251705,-184.3936561698024,59.90154594342828,101.15922728210384,-83.7130046492693,1.0
3721,-14.622201216081187,18.964759563265055,-21.70092413192429,43.78520153832719,-187.85980014158434,48.97485732101713,105.64862303430507,-80.01993645963736,1.0
3722,-63.85748223714087,-91.34969304522956,-59.247123761001184,32.982722809839984,-183.2161133350994,72.76700013124744,103.85923166614549,-92.7320754753489,1.0
3723,-35.6840580264067,-38.91417255907258,104.55455334181245,29.61638980284796,-184.71876744256502,72.77812657741798,101.02267929080038,-88.76196570924553,1.0
3724,-4.3312891633393305,44.43189782657713,-13.46406389364624,5.251632484691498,-187.87071980748297,40.078524968648836,106.74852551085051,-77.72802369541701,1.0
3725,-26.043340661693765,15.496668474276,49.794288678803554,10.099794756208086,-174.4337810294511,102.3257693408344,94.52927262282134,-108.1426106707151,1.0
3726,-29.880218784812268,-7.050906074039437,33.885465489819545,92.72804534315536,-182.03235425157857,74.8328405913672,100.08254061589705,-92.97683096869288,1.0
3727,-44.54856511236933,86.80530434708764,-12.002742184895565,90.5365854810075,-187.52703154433874,40.434829323921264,103.5260167453644,-78.98910291556832,1.0
3728,-104.64231929916579,1.5329452938768806,86.24516802933846,62.82791076942311,-187.9226663725486,53.44176526520279,103.97270720649983,-81.52361928820035,1.0
3729,-78.61342658698689,-34.15094544568218,-105.51148477489356,128.7657387624487,-180.63785591454305,68.62837269242031,98.29301697967846,-90.25477443794409,1.0
3730,-101.22116261108273,-32.36957277820506,136.92524323948837,21.214155105490768,-184.61250839882427,75.87563117705439,100.17372659880081,-85.53478889776795,1.0
3731,-128.4915609293529,-147.0505800585901,-64.83787184819694,44.551587640014276,-188.28105303112886,59.834936655478124,102.4140343162581,-81.69366367381929,1.0
3732,-67.21083786711017,-74.47971667882865,-91.08768370469934,109.47165546653959,-186.70268663736016,56.21207847422175,100.84070493417461,-79.92734412047827,1.0
3733,-24.95393706650072,-236.30139567255534,39.68668484470453,24.94436149972398,-181.01073411632942,61.53539523999142,97.68748826393598,-86.80535027697651,1.0
3734,-26.25250303414607,-128.41188068234507,35.688912117161436,48.40969912714162,-192.3733664370314,41.601259924742436,101.59467583450349,-76.10689807898073,1.0
3735,-119.93993541397829,-14.744785634583637,-87.5509873898166,132.02558239327166,-182.8271351782711,56.966144235987535,101.07635697232335,-84.27147260820709,1.0
3736,-72.48968355922386,42.06600746565785,-4.886826205316829,7.285244775750938,-191.95800546941348,46.64046016082494,99.65156506546094,-77.14489357726498,1.0
3737,-33.77699021797784,-58.378720470671965,6.9889396439132945,45.259944848549786,-179.86566210509963,63.54260195461171,103.30874038298067,-91.89475846847733,1.0
3738,-102.57014799940087,-1.6169754004294712,65.31525612153719,-11.992972301931431,-184.05156206811418,69.60992343504775,100.22597896410983,-85.05878759644084,1.0
3739,-71.33765728685152,-14.76960725852361,22.539943991164847,29.435486285468425,-189.5793074215065,50.08873741428205,102.86426431250402,-72.62794069868636,1.0
3740,40.47859567884283,39.97036450345971,64.50610332186997,-62.51739085981738,-196.92008268057526,27.425902141825716,106.62593760904028,-64.61702395584025,1.0
3741,-63.712399663609496,-13.84311030679638,23.716719264686837,-4.703794606879219,-185.75604325218566,68.69831120885587,103.24030410368549,-90.08091602739552,1.0
3742,22.17687400393471,-232.6069213984086,81.80819290438977,61.98010590030576,-187.79207175754564,59.35243417685405,103.52378474669351,-87.20696753888818,1.0
3743,-46.69122032250627,1.6056858037048427,-97.2067871768767,94.6514937188971,-189.7544533941037,59.28717444882342,100.90087618869423,-80.0010181388075,1.0
3744,13.17020851271523,-24.96661865819865,-6.514359130314257,10.234154319345706,-189.12515960256465,57.0097381416066,106.9710935512766,-89.36272377741193,1.0
3745,30.745040072559714,-52.268808981027036,-28.18839217406489,5.426081553222928,-182.56188657049626,60.05610157861296,104.90200737456627,-88.06335413386998,1.0
3746,-74.37412263217449,-118.67651006626289,-49.704607926815655,48.363692187497186,-183.4015416317672,63.129941364992426,101.46539902518214,-86.92995395384436,1.0
3747,-29.23459247172654,17.242610100056066,-8.306418046732118,58.47578834332157,-184.0395424183693,75.7827277912194,99.48516474001856,-87.71572294883052,1.0
3748,-101.55611671572163,-75.1855990055233,-70.5473050171577,56.52443929800835,-186.95718427436282,63.076604725587195,103.01078082395692,-87.1663073050546,1.0
3749,-27.59897449517338,-19.858440685929946,-30.059813525605765,18.803835701174783,-185.27273039130287,56.54028391545657,103.90955191094531,-92.3589855214012,1.0
3750,68.80852520575466,-141.18544429374776,-45.470414830743934,27.332279481210485,-188.31240283248184,48.08325048773581,111.67217784541754,-83.60022805665128,1.0
3751,-31.582057996598856,-26.752908817811257,-8.16634289865915,-17.25232543787062,-185.34526521061673,61.71207408162675,101.28520490866534,-84.21521335298263,1.0
3752,-115.78025821765698,-14.81653717652531,85.19432221228844,61.0128277929108,-196.147289411728,40.14125007880098,103.57617147536054,-72.85670057900904,1.0
3753,-113.03519779620315,-80.05204200677325,130.20937970105882,40.16484727676688,-184.1337694812325,58.51681052368972,104.69844188513565,-86.26570740710348,1.0
3754,-85.45738940105716,-52.867729545828645,62.18696096530674,10.772254236818107,-183.22290879137307,54.96917166838622,99.7880931032669,-85.17019403446342,1.0
3755,-58.754817421116854,-36.40359773759984,52.485787750264244,16.01362351425025,-187.4327751103888,64.90303501878192,101.69283417996606,-85.78519267496496,1.0
3756,-84.72000493000354,-108.87639626469377,99.87230008165744,-10.846819104121586,-184.05918161628335,70.34056795216186,96.99956807134795,-86.53822455547466,1.0
3757,-43.472220521866475,-32.51320762097505,-105.71031001290399,139.20666677602205,-180.7840191135652,78.19446012320495,99.82746300327177,-95.90068242990613,1.0
3758,-7.067996418327194,35.61628927996726,-40.12520943775249,52.48037354230941,-194.19193962620182,36.215489494365926,105.69863504986733,-77.06606749876453,1.0
3759,-68.6497596472946,-94.90887451941492,-46.499820217851614,61.895963254320904,-194.43972508044305,31.5709516562031,108.41521187019787,-68.828657686378,1.0
3760,-30.96604859690994,-129.6180881501161,87.59429794620999,16.402980208898406,-181.64795527100796,57.64536405507453,104.70725362367858,-91.13602064554827,1.0
3761,-67.5326273494525,86.00385709207279,-21.089908340348973,65.18355404880613,-185.14415829733667,74.21994626165782,100.72161950911847,-90.34531259665826,1.0
3762,-15.839942830630518,27.072050861394846,-57.74254129752715,86.00018809527243,-187.30038666153462,51.958074906260514,101.3665995234099,-79.94480890985383,1.0
3763,33.695096691913875,10.621754813883582,-8.485260950890828,24.457931818050728,-188.94070144269762,57.283835616494855,100.69345289685246,-81.66753522211197,1.0
3764,-49.34816949457163,-10.21613298051452,-82.36234084621717,103.50031383862826,-187.9151283128871,61.76583164516753,100.25654670993018,-83.61314604418965,1.0
3765,32.390630642674225,-64.04281284409072,-16.245475643548712,-9.318900733214996,-183.89521411412787,65.49004416457343,101.5596106286588,-88.05135823969319,1.0
3766,-43.85325548706331,-139.39212299900015,73.33844382160007,81.1083557416397,-190.56114306958168,50.837506788783614,107.21783994731953,-80.01966034991364,1.0
3767,-29.105151420947262,22.16319132532917,3.6864825050744066,-2.0640845801551677,-189.58853021337396,60.822594504135694,110.00126432377134,-86.12506207992223,1.0
3768,-10.253658790308373,-24.506852192094357,38.35088805831375,18.964313838600656,-178.4974586607291,71.79150212166431,99.84056438233142,-90.50099470917255,1.0
3769,-62.38664510208135,-49.982328483907324,-22.87107750525524,34.20177485408052,-182.67221929547713,67.7206815526915,102.67178871390834,-91.41204528647994,1.0
3770,-63.342529015518025,-20.57077675007243,-42.36947771920909,80.1674755121563,-183.73141488673653,60.09888656374205,101.8658381712306,-84.31200239203118,1.0
3771,7.5598950381526695,-35.61549814625553,19.00365892298106,-33.5438791254163,-185.38221023921813,50.540982182300844,105.53784246116126,-78.67748550505294,1.0
3772,-36.96414263508027,-86.25670431169536,-43.083571029606574,34.225381828001865,-195.87918114879494,42.28502388468039,103.84330764533657,-71.38090491518835,1.0
3773,-68.40073905393216,-45.38506686083459,40.83142525595068,50.42892804208048,-186.15211687489395,57.04871345417159,104.64750511383869,-88.90616526392066,1.0
3774,-1.7967401970774899,-59.68270910729929,-98.03870383994189,100.5660043641932,-184.46629669802226,53.829313604889265,101.5829933360008,-84.17043499213513,1.0
3775,-116.36661875007874,-142.54777984643658,136.85926364042547,21.62773504921132,-181.0326938740168,74.99523673876124,98.94587567634456,-90.01767917642199,1.0
3776,-2.3030414384084876,0.23021809166928198,5.554305811860772,-12.951555372390445,-189.37989693526956,42.16006743276145,104.94555490482958,-77.6344548362705,1.0
3777,-93.34705889948334,-142.8348850593249,-22.42697854841166,2.202873751490536,-188.30987297874273,64.3419026109375,99.3990493225736,-75.3865096111199,1.0
3778,-39.57285589100316,-47.10499758084615,-23.18196668682912,-11.707155241740491,-186.03197786929383,60.255170234898834,104.25256984186132,-84.27336145736255,1.0
3779,28.6671826479451,10.606093772760882,-22.986378601680947,54.86329023097688,-186.2560389063073,64.79156643013788,97.06750814729378,-83.562425684181,1.0
3780,-59.528786555621195,-64.23436612298057,-62.67495416008215,64.55678323341422,-187.16995385382208,64.11375838318912,103.4445263169021,-89.61872454833056,1.0
3781,50.05058782544547,-166.6794628501791,-12.769494422780813,61.17074413351037,-180.5003133156225,73.33554478523381,102.53914180626836,-92.60276534540273,1.0
3782,-46.46809627427134,-100.78462464705942,-1.911837007969014,-6.3625372029676,-190.67478088097926,61.94540185024434,102.29303194938211,-80.6387786873938,1.0
3783,-44.90099395307144,-68.97385364703557,88.02134691923327,27.036909602405977,-177.98140469963207,86.84556232055756,97.95024320995407,-100.53849355916485,1.0
3784,10.402279444381508,49.674518802753425,-14.720848464079916,-62.810261249501394,-182.325366895049,70.15626980202333,98.9866183110601,-88.61964625432216,1.0
3785,-25.728188502074435,-87.20211702301243,-77.40666498260993,90.31899858154885,-195.04444319360817,27.06404049034498,108.01027924590107,-67.8724401893754,1.0
3786,-63.156487010378434,75.5645472875288,0.8326697625445245,47.625647792603196,-194.6854190547484,26.225970094225275,105.95751535827416,-68.21036254007458,1.0
3787,-84.89463269560838,35.94511394426424,70.530952515992,-2.695243852569351,-188.97783046675048,40.05059036738168,102.73414186890578,-77.93280871220082,1.0
3788,-52.51447305855888,-60.52012745757855,-42.23714226235194,34.19521155900448,-182.82443122107122,79.26930630713916,100.74736481346693,-93.78159160690655,1.0
3789,-67.91878378643723,33.398464535602436,-4.385062849928295,56.57401159229226,-187.24083345816413,61.16794714153066,104.20664657767735,-88.71592597210339,1.0
3790,6.527548034965935,97.50872672046191,43.0492601704203,-23.377484456007423,-182.24351970540158,75.63467328649965,100.59302331212386,-95.36038551623636,1.0
3791,-33.06214124355038,-97.27776344151937,9.768996374657856,120.41661552118322,-192.81245371083313,44.333918305913,102.29174211831895,-76.04811467268918,1.0
3792,-4.400826075095537,-91.54440224306258,-3.665394904716901,-31.65907729656694,-192.91749563626897,46.26113534255664,107.12663612862038,-81.90792912164586,1.0
3793,25.711354919433617,-32.07047159088424,20.81202452125599,-31.30430917960918,-181.21758070035008,75.48453739438973,100.98580502333033,-93.90687413904965,1.0
3794,28.97702889795848,-8.225373246011408,-75.42685497279957,20.47538790341811,-190.20048227060926,54.584226693171914,105.94422488423275,-81.9614208839878,1.0
3795,-21.81278664126918,-40.25746484803119,-67.47354549012066,71.26804528492941,-185.89859795448686,54.731730307090544,98.71361784365648,-79.23105737710603,1.0
3796,-29.002519587221236,-12.555743862189944,27.6216062474441,-30.88375899221193,-180.82001844424275,63.16666671471309,101.86059481843455,-89.37822347530958,1.0
3797,49.57531425861459,-160.99862562189224,-61.93470670786827,69.65894340209509,-185.3496084997529,58.2077846509944,101.40076737754295,-80.41556475498624,1.0
3798,-77.64758099609195,-80.75125042465278,-48.50350637334774,33.108583369970226,-180.5193320378858,68.58900962013145,102.21538494481335,-88.46592234576792,1.0
3799,-114.97351908210601,-7.2557864017126885,128.2796673036438,94.95626678968517,-184.974171167067,57.73463583678184,101.90681880461341,-82.85767409537321,1.0
3800,-95.19068112502966,-32.50974197744367,94.53359131012968,92.5791960351592,-185.73165950088062,64.03003389230489,98.07363215070252,-85.8012086979064,1.0
3801,52.937123820465374,-47.23993254276555,-23.3233444479789,49.8509145769523,-191.79394274198594,51.29391347587444,102.53362192230391,-75.07733663719628,1.0
3802,-32.19265758848173,38.62123622616808,-41.08449028055923,73.04107768247484,-183.81297979865622,62.51963089699427,99.65712204721541,-81.09473701427824,1.0
3803,19.891823169993007,44.05801849937503,-116.11626209190251,73.66050143199675,-181.95984564410824,73.08019135040479,96.39325647441713,-87.80444322807992,1.0
3804,-56.91339623936527,-51.011152746104734,-120.87960775742448,155.77203323176383,-182.09416221123033,60.63113575588002,101.66025180833599,-87.69814600123728,1.0
3805,98.12128936403978,-102.24064950353618,-100.90321843860126,-16.441182682619228,-193.921670098595,45.15914491004103,108.38207969238226,-79.2745897867573,1.0
3806,17.474680153120314,-49.7513058927486,-57.61155208843394,60.558408502501706,-183.31744937810228,57.64197259406332,103.53026641909722,-84.62878961405451,1.0
3807,-21.790457485166044,-36.38594139746783,-17.694281203420676,23.699888436551277,-186.54774654157555,52.51804267423251,105.42818494278342,-84.90508341161873,1.0
3808,1.3666935846037453,20.881848421268558,-23.973331970270053,9.209793382746817,-191.1401446480409,58.10732497322226,104.08565790899046,-85.73174186505496,1.0
3809,-31.283202094651617,52.67084372282389,19.312664209992548,-25.73283047052175,-187.40844303053925,53.450728412987296,103.73528725222148,-81.10522892125705,1.0
3810,-33.19251167313806,-43.821800557578314,-12.480526371583656,-7.734640762831779,-183.29253731636408,75.00357341668628,97.4132907915713,-94.90737611099786,1.0
3811,97.53864900627896,-71.18765616362492,-103.66336883218332,99.321130771625,-188.2927548367071,60.792406475563446,101.50511980227748,-80.44583258833097,1.0
3812,9.156806930871936,-74.36842463261952,-32.586582062521266,66.87225272288906,-187.28236403393834,52.535464022420655,99.18330723431966,-75.7311139103715,1.0
3813,-12.68509625868578,-38.81453044707429,-77.69345238104444,73.18542198273315,-188.6216037982592,58.77472604005441,101.14009884740571,-80.3931285243119,1.0
3814,-7.227930441533808,-95.96801191389726,20.090475020869338,54.63807294006067,-188.17844610367342,39.56941388031937,105.73825346199848,-75.28166324746655,1.0
3815,-37.83317677331138,57.76577939086414,32.28486567873582,-33.67925970307811,-186.07045496552252,50.430231276917915,102.84067660277834,-78.01992045360936,1.0
3816,48.254187099620324,84.64268254861706,35.76855610407909,-71.1171938362116,-195.81070496443226,36.99448200033757,107.20658049281516,-75.31478470420755,1.0
3817,-10.203602334751727,-28.151260580754006,9.795126212148597,-28.632084926836043,-187.68576579816988,48.46442227528183,104.88168371197084,-83.59776397579316,1.0
3818,-14.442861814853403,66.75649726385926,-0.6580610690913091,58.073602257972055,-186.84944947043397,52.01100814671787,105.61927115407104,-82.76009585119405,1.0
3819,-126.23152649825384,-155.69179208825977,-83.77267189450805,96.26964388389703,-185.9227807554806,49.247203298878155,103.39397227063981,-78.02191242264159,1.0
3820,8.467613166593079,-85.33627571239899,-80.84563065735443,60.19979727775072,-185.04711334016787,63.01729452576184,103.75353972632738,-81.72383821856764,1.0
3821,-68.25943637484484,-84.07451177083732,-62.35521082206912,69.84085229964813,-191.14867084652218,55.07765452586297,105.25727513745883,-77.88875024187425,1.0
3822,-72.34346511898721,27.570130843328155,73.07855633213805,-59.442803003626835,-185.6867277311612,72.27346770689262,99.93073719584062,-89.31884416514366,1.0
3823,-111.9502884572602,-26.166048696579168,-99.91486903683744,136.90408622679797,-183.50493142743966,80.81905616949717,98.03474439269702,-95.58427900582404,1.0
3824,-3.7230206501721206,66.3169735268842,-47.861182044629494,36.5242587965112,-183.37113855274444,74.12585545842327,103.14082705580078,-95.76505014646493,1.0
3825,-12.238294883253914,-61.93480824035963,31.760604672909686,-73.96040344352153,-190.66975266061402,48.68865207423551,98.88011163897303,-72.86880735509226,1.0
3826,5.551372818188849,-21.57924053063544,-79.14939329349775,45.35196801206129,-188.6215458856325,44.257118843045944,103.70175524146192,-76.61040970896943,1.0
3827,-75.86297996048864,-172.99673430703362,174.83620719234221,-2.6375496779514784,-183.7044865002028,73.82462662760031,99.7106751320409,-85.89324476576564,1.0
3828,64.9026322468191,62.61503374249542,76.20137423160797,-87.22600985175066,-184.6032162425456,56.138230020489274,104.71033472647242,-86.0361798708495,1.0
3829,11.176482192348153,18.537952017911575,-10.956074033827395,-3.223413489449911,-180.5222113651875,73.20996100155577,92.84593446896208,-81.27185109777338,1.0
3830,70.36565849743698,-124.14788897126682,-71.48109529257664,5.805895396163768,-184.6080962008114,67.71389744136383,101.0805736006617,-88.36150755694365,1.0
3831,-49.05043429386058,-54.75077491285034,34.162531595947264,-87.96591413559926,-183.77536846869322,43.62245976215782,105.28411583193558,-74.45722451173405,1.0
3832,-29.79599904759042,-5.7039871695694355,-96.56190003706212,113.32736205380725,-187.17391795712317,63.58293026918214,101.75804492443204,-91.78060635868829,1.0
3833,-147.91799704636398,-25.997774319741936,113.46712539831223,5.805928441801644,-182.39772487320923,66.47388643701814,104.8467983526912,-88.33540488950524,1.0
3834,-39.393020498801626,12.433835500492075,-58.411144989930776,78.49638691416362,-189.2172347572389,54.928066122516576,104.62960847439003,-85.72520861239525,1.0
3835,-59.53813181101661,-51.64819496643186,-55.391685509814614,60.602175600396976,-178.4004441550221,75.4805556637277,97.09052735541493,-95.8324331102077,1.0
3836,-123.65888080466934,-80.85006497060012,114.62677780502801,5.362401959251595,-182.77995746990229,68.41073080704236,99.5994807712474,-90.90527229539163,1.0
3837,-38.562810645001925,-136.43072289559407,87.86796788503992,-9.936893776925743,-184.76116019739518,46.00563186974309,104.80151235766563,-77.13403166671458,1.0
3838,-64.54283274964072,-20.093300778361534,19.03254488419416,-36.899549486196406,-183.10117784641093,70.19957679949965,98.60596343149719,-86.39109958290426,1.0
3839,-75.8841244652073,18.269756576431494,-13.97545764316098,48.28720792472016,-195.3785265143136,40.97085488345682,100.28980552784479,-68.50346677967161,1.0
3840,-69.56468799532647,-37.60867664800718,62.383862257858965,22.234818397802893,-185.50199748220354,68.12146555110107,99.9494762480345,-87.60212946116724,1.0
3841,-160.47771147538,160.14919777256657,96.0900692722978,37.821213041487994,-184.95692016747378,58.87289998649542,101.2668117426365,-84.33365946986567,1.0
3842,-70.48491309883931,15.376702225496452,29.85294155179558,61.16066552377036,-182.8426571176436,64.96863500584747,101.72772151049949,-87.19955287186045,1.0
3843,-21.499968752313777,13.216597886326031,-95.6828421151904,107.67880229110563,-182.90665741698706,70.89620417459189,102.82682144078086,-87.99370489171493,1.0
3844,19.483064270231043,-189.22342534917325,15.498645882121812,4.19840314183339,-190.0549343971065,40.0368628976458,102.4560722108691,-77.77785125053366,1.0
3845,-55.372979978601876,-23.59833312281541,48.8553527240441,42.335958576627334,-191.04638399308732,52.951548876426216,106.14000013911696,-80.61424399978038,1.0
3846,29.775742146312602,18.75014500622816,-62.86083139886276,51.42957776758702,-181.93237410955948,70.22410143577689,97.93210830653217,-91.16138550086379,1.0
3847,-7.626780603166006,-33.34105708227215,-38.958350368387286,4.174424901271395,-189.99004691587396,61.148621906914244,101.50935729231367,-81.7031114602531,1.0
3848,-87.4025589098187,84.95980013414656,97.42698256785755,23.448025925796788,-189.53909435965275,54.66245737422544,103.66403036700808,-81.27949542295876,1.0
3849,37.46332947517648,-44.62790217212611,-16.024997311453294,101.05636368864151,-189.64884532975142,47.66657086245312,104.62654746667656,-79.66697098483614,1.0
3850,2.98665775126592,68.25205497265694,6.22006756584304,6.097194933093153,-191.41508100496947,54.783246892610315,104.09931076927869,-81.08004072417037,1.0
3851,35.71183747881298,73.25118361078806,-22.721480366370237,48.03267900055473,-184.2415072382426,71.23012480148427,98.07834224921419,-85.0439846497067,1.0
3852,40.98729702851342,-25.79078854755969,-14.092369775517163,2.1049398453396204,-188.06408661045717,55.1979501946195,102.10090927031085,-85.19915618144856,1.0
3853,-52.057347239043594,-43.925236983122204,45.433818629308355,46.2792988513621,-181.56501059965544,63.081266174141625,96.46933145568285,-90.11388138446846,1.0
3854,3.669485799331013,5.256745024775617,-20.668430172000697,85.09684227255507,-178.1490942206459,65.83752904847134,100.17758820564681,-87.61036539363303,1.0
3855,-41.13608195052801,-121.05216458186798,-75.29013330927201,36.55942552641675,-188.49143116030734,48.47895090198928,103.67369665948704,-80.22405158335262,1.0
3856,-33.222282358845824,-17.657503861230513,-13.929997186101897,11.354786009216127,-181.40408633612174,74.82305837815241,98.10102011778501,-88.73723763257094,1.0
3857,35.92834917554216,-86.09211159652158,-35.853785804074676,55.608192240437674,-183.26640755933064,69.80300861725334,100.12064971371446,-91.62436568817856,1.0
3858,-33.27645507438618,-33.08387323821576,-90.41645255335108,73.98672790797991,-180.99348756707147,70.64779325789554,98.12938042936246,-90.57873974687118,1.0
3859,-21.51972752888678,37.91595372722271,-42.08312361045108,54.76842838032714,-182.16818858410923,73.7153117701804,101.07945940213024,-91.73709868190592,1.0
3860,-48.304080569093905,-37.55558994251535,70.176695598397,44.966729831825226,-183.39410628854228,61.88771136828029,97.00240545165755,-85.46085172526028,1.0
3861,-42.39745527623061,43.977515326664914,43.10342783809521,-30.755912292786846,-188.97312574509044,48.97860022442147,103.83335779106278,-76.96731358329146,1.0
3862,3.5769667171313415,-18.409149308182375,19.934730984620874,3.8307616932805266,-184.43658972225916,67.7312465312376,104.48134302339251,-89.12580352877109,1.0
3863,33.89032495811214,8.591527099311486,-88.58828484003813,125.17712662138666,-182.8539648388824,64.06241022152344,96.73465688956495,-85.53768510032786,1.0
3864,-62.34522992248445,-46.501150040114595,93.92508413662719,44.50415507008281,-186.82954777316357,57.51268000122945,102.90184160980641,-83.65017407578134,1.0
3865,-75.87369239588259,42.894121547863996,56.923007853816834,70.09928982411024,-181.4104626528869,56.81949216308191,101.88910683867603,-87.07929293938393,1.0
3866,-60.377980936540546,-38.105493937952396,92.25315013486693,93.0464928037389,-182.5382963450562,58.52762541258067,99.95826798476399,-86.54046261998057,1.0
3867,-71.02926032739747,-38.352507827418854,-89.38589167667233,80.99519053993195,-191.76087174956626,40.79073164981047,104.45974443044481,-75.55036824881157,1.0
3868,-123.26964065935488,-65.64073329400439,152.06920846617223,-32.019996327405174,-187.94220981720127,53.630144253983126,106.46601806467466,-83.85991940180648,1.0
3869,-109.41365187745498,-13.102560746066052,-6.602610820449273,13.267893533533503,-189.82032605556665,35.27388352371673,102.66168049912702,-68.58500312746833,1.0
3870,-44.400359869966024,-24.73280629551343,-43.380416950495956,53.77958540360006,-186.07658322490508,59.21647708246314,101.22922208789983,-84.37564825451014,1.0
3871,-103.74211163165754,38.38234834951165,109.77758107801505,-24.725890276766183,-180.29651743827446,76.06903451657311,97.15086371758218,-86.74357504996625,1.0
3872,-0.8359316220466817,-15.003583044565868,39.15814819970361,-59.842587125044545,-191.50157262299228,30.850966551157896,105.68285614402488,-65.5528758010211,1.0
3873,25.23049060181892,89.01959510186106,-82.94102046871079,38.721892086585264,-184.462371597314,67.809767085332,100.24386653908448,-87.82870932578778,1.0
3874,0.43654832489777307,-95.75299458876329,-12.748027194829358,79.19520497402976,-185.97935328084407,55.13846448952869,103.96752064881757,-82.69293225978089,1.0
3875,-84.21261375633786,-8.72951435396146,75.41353826384251,23.84505663043742,-186.45479095444838,64.25108621587398,102.62568660806463,-89.00457567206313,1.0
3876,-90.82535434916255,-50.25797434253533,152.44956861273636,57.57751287788493,-186.8655481092134,54.01018240644781,105.73590672282799,-89.85402496621467,1.0
3877,-66.42438640212842,-18.287656152971188,-30.276886301678886,20.938397715180944,-174.32589848513757,96.80825092093582,96.85241123044308,-108.62846410096672,1.0
3878,-80.18739903424665,17.186108394092425,69.81443067237547,59.16683116018373,-181.75179056637816,81.9825273634432,102.2144425242777,-94.73989421798473,1.0
3879,-104.45126955672602,31.16098163410984,111.38482428551666,56.68999909631422,-182.7025464461615,63.11469989041643,102.39491271317763,-89.74375479882204,1.0
3880,-72.91235749034341,-43.98898991884561,-66.01563795699259,67.67520236830327,-182.6002935866962,64.6308756909199,101.15679829864011,-82.96361108486286,1.0
3881,-15.083757640888965,-11.8630636330604,22.687487705263987,-38.38263567998865,-175.72989308089552,95.32684973877062,98.45699800604875,-104.04261822047887,1.0
3882,-15.90178272537966,123.63717708535265,-57.69727047024078,72.09452272314265,-186.19822176148358,63.84041154687941,99.48204952548767,-89.31428115890697,1.0
3883,-86.04486635912033,-127.94808932776158,-107.74981013505882,106.10847346040518,-188.51934033606986,57.430235604084835,106.95244052315178,-84.48320776285699,1.0
3884,65.0781033765381,-75.38882766590554,-49.97175746988602,51.24238324352169,-185.54368869697464,65.86586195545334,99.57381279465368,-85.6624444953242,1.0
3885,-17.648273623435518,-188.49885195935158,1.772198926415619,68.34162660202254,-173.02782623704786,89.49316908816488,97.63838663811138,-98.27124922802285,1.0
3886,-30.080226707470214,-7.079259702003776,-9.743852801085001,7.888644504086151,-173.3812974804599,91.6192733432968,90.79009006672241,-101.28449033789963,1.0
3887,-26.896526762277528,-29.221205644744142,-87.02633241942438,52.22709828159224,-187.2241726826559,55.685023394686134,102.09754883842456,-84.14035743846647,1.0
3888,43.732351546061665,89.30172206887237,97.55932734673695,-108.37605288235008,-183.5831293899684,75.83846669291516,98.76364159713859,-90.07635981761649,1.0
3889,-2.5607950519064837,-111.93784601249077,38.4482289576432,21.65649030857782,-182.38303149490795,75.14486423247679,99.16991930333946,-91.41308684289187,1.0
3890,23.780182763506687,-16.362029886205775,-5.724330924112059,54.02613985228524,-179.4333383924945,68.08302410749381,100.49550661890018,-94.835154714424,1.0
3891,-139.2027045338995,103.85625871925556,83.0944858851686,82.5038829352031,-187.0550072812693,50.8668414336424,103.39433752098165,-79.05582093965714,1.0
3892,-17.10366316092202,26.384578842546603,21.11010816107211,39.3781857166351,-184.08590920352333,69.69639640118434,100.09413579795874,-91.23771019194452,1.0
3893,15.304150615748046,-169.2521220642109,24.51190075513202,1.0578374420405656,-185.82697440345194,66.00808629336255,103.67044237001903,-92.52327716659128,1.0
3894,-66.41586659617096,106.72128255684135,74.52283324123343,55.3786541299489,-194.33123213741428,51.629771527953515,107.8200133734485,-81.64269243843546,1.0
3895,-49.821076445850494,-74.65660087754587,-88.70225285691457,99.16633031420884,-184.6896611634276,68.38036535868544,99.98356279677945,-89.21332971288145,1.0
3896,-31.908626783394826,-18.20897978153309,30.106298843924943,18.372617656764596,-189.68112425722848,50.60915078361369,100.16079828143698,-76.22643919580635,1.0
3897,10.630623285596336,8.664960922177938,-14.404013233969678,-28.36666975201634,-195.36338849675153,37.67329572548772,105.2093588644337,-72.23245128328783,1.0
3898,1.06869486873869,13.156066789263088,42.72504374877195,-18.074163182473256,-183.32814172370618,79.6924615456158,100.99684514663001,-93.82543952770055,1.0
3899,-84.86962473259302,50.772999044447566,41.838258133681286,66.69160643592495,-188.04297148967092,68.86182381691884,99.36344085483648,-85.76146490563093,1.0
3900,-45.382515425453754,-65.37587769021573,-73.61601022064958,47.154765371639215,-184.73448503840405,56.12736206637192,98.38986764510962,-81.99469415204604,1.0
3901,-51.137475271528935,-105.33564711247591,42.974485556852024,45.963058425517964,-191.3247979671499,59.8961977131041,103.88941802751629,-84.51731371511677,1.0
3902,14.261420847925088,-138.69121106350389,47.39134270595252,33.435394156946586,-189.36388825712558,49.681242321740555,100.7179129823378,-77.41012029592846,1.0
3903,35.740624106822,44.026272770402464,-8.27710666975045,7.556090809737132,-190.35790197601432,49.519771865979585,105.50970969115862,-81.56285164076353,1.0
3904,31.133646854537346,7.19504279344636,-124.09216154034277,34.833016622730725,-174.91038865049484,83.15825054983318,97.47828315248053,-98.86096965521347,1.0
3905,53.42534692204682,-118.95706904418968,18.729092004375378,26.577681916298456,-183.07030262641504,62.06345845447342,97.63304144836026,-84.44895310904683,1.0
3906,-51.624741594890324,130.30235047905694,-11.175750896963244,15.620717477550839,-187.25544883648078,56.52571050314936,106.62133210637715,-83.04328269335433,1.0
3907,23.459289007861994,-61.44168595910469,0.3600455382588408,107.34605703858145,-180.32498093355863,71.60482806721977,102.48046010963918,-90.09464551875782,1.0
3908,-1.724200445307461,107.92306481810448,89.40349256262337,-73.64650911999,-189.41702353571026,70.14662677317982,102.67806951809911,-90.03306774502069,1.0
3909,-3.5173360540146303,-26.275022513238632,-14.875868481796328,10.19203877956641,-178.77433155096972,78.24407743747173,99.2653960899895,-95.45876765215777,1.0
3910,-54.70463431944932,-80.12669723464924,-57.28393130429382,61.19691181341129,-187.8239464985822,59.519066164764965,101.91163733155251,-89.00636129593076,1.0
3911,-81.3628009888093,-27.619324077034946,133.0047466668712,44.62850330140427,-183.81971388004214,51.24982118675548,102.0408087843388,-83.70644045565086,1.0
3912,52.8002259672806,-22.323994509818462,-73.33705958955876,0.6857036185642706,-182.6092185795889,67.12358170223902,99.86165726540818,-85.44652489235591,1.0
3913,-82.78952391828179,-20.9848839708698,-72.81968854742486,110.07668813366249,-180.16024974506075,74.24548917301202,98.22063990320419,-90.7726763380955,1.0
3914,-119.78208186032529,-40.98891712746703,101.67466580960584,-22.413529956007682,-182.85863363278276,71.5701927409953,100.94994362242441,-94.00604132733956,1.0
3915,-7.821067782869156,-31.3718294671668,-42.950823343462844,57.45559162704868,-180.2063038663588,71.45657162603099,101.59065667388546,-97.37556935150226,1.0
3916,-17.045180684062792,64.4877087763827,1.1266782624194671,-5.732818369649345,-185.91551980098868,43.57939961582647,103.50002232731103,-73.70649080144909,1.0
3917,-97.82687438999976,-1.7328018368736375,-55.76918659584285,109.77877048537054,-176.64296187492053,74.06874206879486,100.05137370043838,-96.97308995373712,1.0
3918,-143.55854389645216,-106.0401335178241,179.3390387781443,13.083121964527452,-188.38396785627666,50.009858145293606,104.79556852464889,-81.03488904146401,1.0
3919,28.26268897654376,48.03951510444529,-41.67643112037383,53.41319360909853,-180.38213126788804,74.92349260664461,100.92011096943823,-92.34808816501517,1.0
3920,-27.953880335248893,47.26451760541938,-25.197386241471477,66.46786764634373,-190.98038159019447,51.03617660450905,103.52384719777258,-78.97524162871159,1.0
3921,5.210639685676943,-64.74875421073136,23.74936368820715,-50.10228126828786,-191.82398400251967,54.387148708874605,107.10887339751874,-86.9141835071641,1.0
3922,-109.41893673198405,-118.51637676094502,-67.14249976312553,86.66415502769658,-182.8629455824325,69.76801105212141,100.98928351766945,-91.26325844227814,1.0
3923,-23.579126737628663,-5.358341764860469,37.382744603564,-44.62402186234712,-186.09215861888757,65.48162642076159,99.23326164726444,-85.78915906087256,1.0
3924,-74.90414511660968,-82.56037290379622,-42.92361906191292,19.292709107226074,-184.42545200384367,71.55674778742952,101.71155725943711,-91.53512779633242,1.0
3925,-38.99138554821053,21.801383637162797,-11.272997692628845,50.242356621076134,-189.50823477734036,59.06239809453754,102.1716010918889,-86.71288261824576,1.0
3926,-17.495946871997916,45.05557320274772,12.851958083028258,-43.315774080945104,-192.138250424933,37.69524353484691,106.5694004351895,-77.54618427617453,1.0
3927,-109.26019452608462,-86.18407978225116,144.08307506842144,33.169223082956655,-180.38099957821763,74.49706923636232,99.85414533789573,-96.78188217917342,1.0
3928,-104.56946303537595,-173.96827431278692,-147.50165017343755,142.27256628125178,-185.63994725157352,52.26237975828078,102.76589659644851,-82.39751692536798,1.0
3929,-15.823962010931956,-55.419576130167826,-38.18625582846244,63.194935473995685,-194.78581110760976,34.40869979252909,107.54022052034642,-67.87968025457525,1.0
3930,-12.347443091642257,-53.67723250955987,-58.38699414062688,56.47583222137029,-185.20851201506238,55.26113577436385,100.4595480143611,-81.70631125060552,1.0
3931,-112.35077116899997,-13.22775500054362,134.5286135591024,61.10997774289996,-183.03248024085076,46.05922699732339,102.12790831856042,-76.36386297806787,1.0
3932,-103.1848291618303,-36.249797222463116,134.26525612349684,63.844348526235386,-186.87499708936426,54.7614872065862,102.42909820117276,-86.02363688341595,1.0
3933,20.056967676736193,16.663414289698043,27.243986440765923,-27.594513813843168,-176.6172532218436,86.051756620806,99.07724584367887,-95.94360493875728,1.0
3934,23.60186902083892,2.3681801636385114,-37.82574511657505,59.251814982416164,-181.86549090727766,54.98561822676846,102.6464830575186,-81.4015442140418,1.0
3935,-103.07366711523478,-31.676337324056448,152.63236552374764,-17.979884931152213,-194.50029211464255,38.200807732302465,106.02518642837562,-73.24620126354387,1.0
3936,65.97667605739463,-34.38711020139014,-68.90549558915211,35.96348698651061,-187.01628431745783,48.845797151918504,107.18030751449741,-84.05120509838935,1.0
3937,-46.059923823932316,-47.56680652128345,-10.020836419998908,-0.44055053584320936,-191.3523260790097,47.250146631603755,105.88394103224486,-78.2729144467779,1.0
3938,-86.330424804645,-30.833770907756826,54.75680106464278,24.260325768727082,-190.20701568159086,34.24573896237784,106.48591184902622,-69.4185976813234,1.0
3939,-34.269013758721684,-14.361086601258128,8.261004015025158,-26.56226293658448,-201.33173280485448,24.134057803862078,109.5363392771034,-62.6275952260615,1.0
3940,-41.75631862159528,-25.25016225081456,48.425220779121105,-75.09470368052456,-185.40801649329205,60.35098034816478,102.35146396896846,-86.56512529677251,1.0
3941,44.901490629688226,-35.53359446944799,-52.05758967259616,74.74303924301181,-190.56661622989026,37.98812456704533,109.03400184373534,-75.88280546800954,1.0
3942,67.25234930591012,-10.773511138541098,21.828333199428805,-108.99173640604161,-178.5403052322784,81.5946961575991,98.43592121523874,-94.01593938042512,1.0
3943,-75.70556644275086,34.32211335406874,15.72336828138253,35.367894067917625,-183.50279663958224,67.04598329401068,100.90403679421756,-89.87462531718742,1.0
3944,-76.88479864683633,-0.3638822562450128,-78.16697742539361,86.1833739837309,-188.25146203215309,55.75731070126846,100.18551089265772,-79.04076133439148,1.0
3945,-22.034768687061497,117.89664464911922,44.698994261293976,-60.53704585913204,-179.51898387190468,69.81775416838718,100.33267904893525,-89.88817118133349,1.0
3946,-98.5141816298684,13.616881986376029,-64.44059543305252,66.13562474234426,-179.04876157600168,68.99893623895521,102.72312136603264,-89.41828142556389,1.0
3947,34.6081325863566,-7.194146459529454,-81.20011353166656,15.574724333862738,-183.26669420476756,69.6721729193036,102.14220854969088,-88.73303195688295,1.0
3948,-15.565610759278185,-20.873070066678917,-0.6323652673734137,15.7968334460942,-188.6176524733448,45.019585995884526,107.04735810592595,-76.38446304342092,1.0
3949,6.201712024205958,-202.61300730356803,-41.25700870639126,60.345332023578166,-181.72893399815823,68.17254148638627,98.66062868511435,-85.17978152240195,1.0
3950,-56.40435328525793,-20.569063229019633,-30.37457342153676,37.538089127550684,-193.0507586478717,40.846967635298725,107.85481461112018,-72.26938859309031,1.0
3951,-49.36764760948776,-99.82869260139083,-36.87586636586341,-5.702715764702459,-190.63418373136037,44.928069003081276,104.15961903264703,-79.0827798841633,1.0
3952,-15.113807527521809,35.17846069088619,-23.8142840644596,25.011869992901975,-193.44548202192877,48.26434720322626,103.96276648759985,-78.87281247934997,1.0
3953,-39.48864348569058,-64.28759765220747,-56.29308296998965,74.19305831374841,-177.89215261084894,66.34628336932572,101.87098421990393,-86.96464539492358,1.0
3954,-58.40729934407687,-98.88008622401942,71.47538033436206,-20.91799718565057,-189.59783515595612,51.94151819180166,104.25531735576294,-80.3438006993177,1.0
3955,-116.66905680704218,-67.50620097961928,97.29614696357149,-3.5850898600287726,-185.61884857871212,56.86781864256335,101.10621776887109,-87.41637476534697,1.0
3956,-52.92762480619664,26.64265588457474,-46.96335367338156,53.328237660941355,-181.41738630700982,62.336379739236264,98.44917079086952,-87.95820033578443,1.0
3957,-29.613558794986773,11.057291388170803,0.22412100786453615,24.866114713821585,-192.8958587392903,35.7477090934313,110.27338678881367,-74.76776882897862,1.0
3958,28.9401833178633,-88.53863750978861,134.37839581679202,3.7922617653968596,-175.47385796082145,94.03482852900946,98.69425709300573,-110.57843439290993,1.0
3959,-17.990721540419337,26.43088536829228,-8.882279870860238,19.913141484893977,-176.32967271899457,70.73134683938734,96.68817474910843,-90.33665871243302,1.0
3960,-90.5619816641464,38.35898232074925,-21.753777026003164,-147.67601436451966,-198.03211055090426,35.17441686937849,103.35068751680475,-70.57426403432916,1.0
3961,-9.542508914545717,5.2729108129166535,25.326886642299307,71.23172851412048,-178.6172737665009,69.25211043913829,97.32542289151526,-93.91240875777552,1.0
3962,-1.240142253863119,-20.2454436981915,-8.305083018481652,9.116987024570605,-190.01251902652706,69.70750645211061,100.53917766871358,-86.26108789780933,1.0
3963,-124.70963200113019,7.5311101513239995,102.04729885975334,35.386518437997914,-180.95618540388557,68.94117003325613,102.07387900094265,-92.70901625807652,1.0
3964,-122.41679735148614,-128.8289301730563,-78.8693404986848,106.01740398473667,-184.24873914237895,53.44394218220184,98.02607602874559,-79.43517999450562,1.0
3965,-55.034401035597156,-16.836090216518787,5.747410538056541,-36.019804282853286,-187.43573716806011,55.297628759202226,101.54922837596273,-83.57835093970242,1.0
3966,-56.8541539281545,-9.868992651210085,-74.87577009246395,114.57196827893452,-179.1470789055028,68.09042663462793,102.14026873977342,-92.94061220651865,1.0
3967,-68.98492148852262,-111.42183184440024,-72.98663512456153,63.55496347463989,-181.17452296064354,59.71700447194421,102.61709214251374,-89.91331346232744,1.0
3968,17.863230423704493,32.14309109272057,-207.85471962267889,-39.696494113160796,-192.9196471062809,48.976360034037256,103.78320169093703,-72.31581838704408,1.0
3969,-38.75839069956649,-43.6036750079129,-57.84187056296499,62.47795466705994,-191.14345598578913,47.37643691573026,103.71612812026335,-75.45595959751888,1.0
3970,-105.41395243511266,-121.45281495162266,-89.0812686334454,93.62894535088466,-191.69352894963436,58.31419761025315,105.98422912303741,-82.39174097692671,1.0
3971,14.037001708254115,-11.086201848911765,22.850497513160338,-29.212077442170393,-189.87269985149246,36.152956645522266,105.00572498311723,-73.35690628954423,1.0
3972,-153.83686513772608,-40.20045284836933,190.93865618096225,-34.91986937858894,-191.75363320854495,50.671001821604364,103.52124432833972,-74.38836740926416,1.0
3973,-60.29663291996832,-33.303395479531424,-50.49734382528215,64.8152876836709,-177.75482025331925,80.46808087301223,98.21827559016184,-97.70913347761805,1.0
3974,-39.092373997902534,-9.001230961614443,-5.717562968931583,9.97911159729042,-191.97116723997607,40.72696938405301,101.86500054432979,-72.86794766652636,1.0
3975,15.441457622972788,36.806305204608634,42.33649747378626,-39.52041017360044,-181.85752429737653,79.42422061997306,100.42118537763967,-93.72522730052815,1.0
3976,36.709409640844704,98.63715978257439,19.68482588423168,-19.593424611734513,-185.83037846223888,74.3891726646966,100.40698189314402,-88.1389796893385,1.0
3977,-55.11138870295633,-105.50378340414639,70.53020532840932,49.00649740496929,-192.46829721291294,50.374976471568274,103.80021242464254,-77.07179244913411,1.0
3978,-21.74980258852812,62.52602255368789,78.72431187567005,-50.24268324987139,-189.1377782975089,50.32080663330662,102.4360534286473,-82.91380789140727,1.0
3979,55.539566592624254,-141.40305025868793,-53.74213830112926,99.3408526508342,-183.13104857868294,76.27452706705742,98.87910942341352,-95.33634258607348,1.0
3980,-54.022829020526196,-64.90492332945902,-32.36402537362158,35.3125038143663,-190.3046205968878,64.26924484231992,98.93273405725566,-85.5280061821894,1.0
3981,33.25265551703711,10.655943395126666,-114.75376842147926,55.88945834067698,-179.70351356361078,81.18001798080762,101.89505416225708,-94.29216142951984,1.0
3982,-35.150673357274634,-19.198334728747948,8.095675101216527,33.58580632845554,-183.11587997747966,70.68139445710358,99.40266950452117,-90.0343409667847,1.0
3983,92.64758540383818,1.9373331146433803,-129.41574273170912,35.73040989870396,-189.38614239503198,49.502249849182725,105.27965484688758,-79.75077229498795,1.0
3984,10.7287039599765,67.90141349745656,46.17400001588751,-63.317265932307706,-179.26976276090033,79.45432329512207,101.48586241731084,-97.2456141804582,1.0
3985,-16.417109164286117,-92.76075143465553,-105.4782255916189,88.46240572317127,-186.12432768305234,59.98689941723082,101.05408724905236,-82.05291439419507,1.0
3986,-44.2578686452364,-117.79968583254181,76.31745997520282,16.515338916096468,-190.50441933638854,44.5485808359481,104.63677643891563,-78.07272499720108,1.0
3987,-77.67594194398266,-19.09767439667024,-56.85697730123632,95.20413252600764,-180.98037211125404,73.91310448893053,100.48601432572909,-95.5062883084874,1.0
3988,-15.219917804021343,-51.98910512908703,-18.130945561934816,11.09137084591198,-183.23353197370056,65.03278240921118,97.30201584234436,-81.49293304151686,1.0
3989,-52.7533332648648,-98.4324023593067,-79.77613994603692,63.12560492066379,-189.35638637098563,57.138387993134586,104.25580486975517,-86.4404112584668,1.0
3990,-82.82345920450524,-47.679667663612854,-72.29029404335454,62.61130926986848,-194.88534720911898,27.069020356340573,107.47530071640868,-69.29005268581928,1.0
3991,-33.65509547924758,105.54541501966541,63.21320261146681,14.677975272882879,-189.58710948828696,52.75619799546466,104.1101085955675,-80.24726919732592,1.0
3992,-44.2422580451146,-85.64972129286052,-70.76859753157036,8.050903696362694,-193.69126828253303,34.3081636923544,107.1086657881157,-72.28818201564951,1.0
3993,-50.930997234425426,-109.34906556993229,-61.281578754233614,52.5912873610072,-189.99667549717498,47.292461287745574,105.06916797406569,-81.62846287087244,1.0
3994,12.139339390111441,23.420777159883755,-21.054946940930243,12.102974818251798,-192.37142746244274,39.19985130802399,105.48099631909366,-69.54464380649112,1.0
3995,8.357121777677984,-106.57051606698609,-6.305997979073247,45.872435264596525,-184.84885521370438,74.4586956897387,99.5266031956809,-93.87927515299303,1.0
3996,-70.52065603240263,-74.74232089140689,71.72662681364399,-116.04429458963281,-182.40026925582245,51.48754473093262,103.50277033391727,-82.08814382408393,1.0
3997,58.61231126693474,-3.7749262680199793,-18.382877578327683,-128.4508891234918,-188.1079890420505,51.39011072452193,105.12698064622617,-77.67087092643536,1.0
3998,15.487798345989301,73.36697305740942,-88.31942419604168,102.97392547951291,-189.97553351753143,45.87006003627027,105.82328024490911,-73.77716057064556,1.0
3999,-26.20145615458322,24.100466756963822,-82.56706010640302,133.1165965054963,-178.57474520246964,86.67948405059923,99.69908910862132,-97.13411487443419,1.0
4000,-55.59224465754799,-135.62854939366937,-86.73530837045318,78.47284098891068,-182.04365783950712,88.82216666698973,96.98811848315259,-93.9703204873318,1.0
4001,-18.882411068894285,-110.49262799186472,-1.629232477870618,72.64784757372165,-175.2496145118926,89.13898036615625,100.2869687520964,-104.97202031191495,1.0
4002,40.32947391086637,-115.03668528980204,110.00078873544284,20.826288800130932,-188.90508576485357,70.72440362103139,104.09142151781104,-87.45003912436331,1.0
4003,-138.2077188636011,117.83004774179355,70.206982889195,-15.087413445398667,-183.86815796100174,60.82673110894044,100.59142789556036,-86.95712764304463,1.0
4004,65.41875193729172,90.7778020220436,-117.39381647970322,39.61998332748186,-189.227510089027,61.3534793646482,101.70891296968604,-80.62615687054202,1.0
4005,-33.85979725749003,10.66075983961573,4.990873312013133,-16.726526432778964,-188.26243062936217,55.71454483957796,102.49952618880087,-85.35788032050849,1.0
4006,-67.1477822438705,-77.77631452982075,-9.19108161025819,-20.96592720704176,-185.53668405174025,58.84267842682886,100.70268759162761,-83.38383262136512,1.0
4007,-17.616544291035655,122.19582089975975,-23.9410240426695,20.01263408778722,-177.2135698633013,76.06024926773259,98.3627868399335,-98.0396589291523,1.0
4008,16.885574233871626,-35.80473696221716,-52.98093801556253,24.175634747209095,-184.58543302728842,61.16067695914431,100.41790686181723,-83.72287401391397,1.0
4009,33.227455377984406,-17.117897429138832,-10.987794192549478,83.67327932097504,-181.52631451588184,76.12399228342255,100.42034590099672,-89.61920040168441,1.0
4010,-44.254526042207296,-184.6289708188061,185.85230524488338,-22.49024275059669,-190.66256888859724,59.85129963653112,104.59365406638963,-84.34096173363055,1.0
4011,42.94835735378116,-10.497064372637704,128.19721977149118,-119.42608190573,-179.05170010601165,85.57114923004505,103.49802550455924,-95.10664046833328,1.0
4012,-101.26680617307935,-21.87060583867214,128.83981962948087,19.552356564469,-179.44557078675092,85.06244678043927,99.97694056995346,-98.1937947153629,1.0
4013,-45.57409366939008,27.955630914176233,-74.18524199378528,100.70206506409124,-200.5664972055325,22.719803540231297,108.0822462867324,-62.1988213115945,1.0
4014,-6.186731029068887,115.42414974391515,-12.128201286643026,8.332136371749327,-195.50701855133377,56.73597702413596,101.38251731116588,-80.42505577011745,1.0
4015,-88.31905456308866,-20.58231689050141,-68.5332779555055,97.42708407347017,-185.32033817998237,61.673600498023795,100.79308164739291,-84.64257765231713,1.0
4016,22.52881656707317,135.95409029556419,-101.39408416755845,72.09299214097676,-177.40082652879656,79.88293436188167,98.1312046156213,-95.27139130760459,1.0
4017,-29.14694966352013,-104.46251844880562,56.20696740432693,-4.430941097552266,-177.65341639142173,74.12644382559371,100.25700067578971,-93.42901244401048,1.0
4018,5.223238634152821,40.37414132760963,-27.932997543656203,29.11618935789777,-189.1877787797985,54.702003583432884,104.45948301256965,-83.95990132037836,1.0
4019,-85.72071391431243,-13.123465102065756,-24.46367362872107,63.24587230180008,-193.91627913457083,48.11104579678423,108.76546363349779,-83.6705634037867,1.0
4020,30.74930489432375,-53.82062871937537,-10.26292379064192,27.76545861380425,-185.94875603908918,51.04640136127015,101.8970742478023,-81.39120542497136,1.0
4021,-45.31684081339069,-59.04436453513414,7.474288949302515,10.573650382840016,-185.170555807555,57.463009006216794,103.48285260559365,-84.57287637669752,1.0
4022,-98.57128744687009,18.52965849118786,9.396275828685779,9.504878686468926,-198.41011907659953,33.99194236182228,108.12723040112847,-69.24546072882576,1.0
4023,-71.83322281248084,-79.49479500561732,90.06226802829079,12.029152003015186,-192.36375660167957,52.939106706327955,104.78201070370847,-76.38987588483356,1.0
4024,-59.897957478198464,-105.86102098431196,-112.8142377776984,114.44810601093347,-187.2748159101259,63.968981469374185,102.53119039845657,-84.12239495530469,1.0
4025,-36.45728188951855,-12.64152565396009,2.9857695611905655,-10.723582942899796,-187.2851829089164,52.12818447685612,102.76816545230147,-80.00248626139012,1.0
4026,-55.450152622230156,127.85777475277531,-24.680159019321458,35.83319617139255,-187.43687341254682,40.21927151571779,105.54711220268169,-78.50512753412907,1.0
4027,-50.18022551581477,-41.012756692388606,-13.186853619209279,-5.835713151449612,-191.6049901655163,52.20926540827177,107.22934772421358,-77.38979511077035,1.0
4028,17.768097709566057,4.184515916838433,23.455800080677825,-7.68449711638553,-183.97214456494297,67.68371624484375,100.50473672995854,-92.06286855041752,1.0
4029,8.12823374638888,70.08522856537579,23.450180374579777,3.5689918445092896,-192.56549278865907,47.42436303904811,106.36615201430223,-84.15987527859545,1.0
4030,-43.874688526767095,-76.88185114659942,-48.28354513507887,43.97969650849009,-188.01047261447997,63.52813078054111,103.84387625357807,-83.60028476060951,1.0
4031,-39.78484072748898,-56.02713772796455,81.19259913135512,38.906462692575246,-192.96099000378905,43.26625692701654,107.09812124056127,-76.59325899045398,1.0
4032,-21.10609383973968,-65.56757881529015,8.41849469990067,-64.16088175456629,-189.14028149844873,59.35878898544535,99.6593167896184,-84.52179519404562,1.0
4033,-60.615910634904004,-114.26696906649745,121.68434646881288,37.46495433203491,-186.98240825727058,52.29930598737337,103.30810660590294,-78.58146782212512,1.0
4034,-82.75163517422072,-157.55674780341417,-125.43717587569014,118.30417078928205,-197.77393654631777,38.53844506613436,110.71795765005254,-76.92230107890997,1.0
4035,-101.62030331123258,-39.96081576548699,144.05337374979877,22.005942553062738,-190.12705018069502,50.78444553976879,102.46685640802556,-74.50802543390422,1.0
4036,-48.86166913714853,-66.13061702237508,-39.433653348186496,37.491851686572076,-186.0147698599694,62.94706345872247,101.08179451658178,-88.52648263669542,1.0
4037,-37.31510322682936,-252.64083716808656,104.18817759743288,33.88969561631113,-195.28251932013762,32.78451320641997,105.67424359300996,-65.28805686942857,1.0
4038,146.21841850162397,-68.8210039260616,-153.65590474024265,0.9714508960047552,-175.90907179438742,92.74885919847551,97.3419694598153,-100.51837961989446,1.0
4039,-110.8563483986392,27.8406569180759,-28.13757335380207,63.187772493536585,-180.0607230498453,69.09615059266646,99.09265586448181,-93.03156328862214,1.0
4040,-29.163698265167998,41.4137521436061,-37.52953534768665,40.71288361850004,-190.02452135116698,40.30349778238403,106.42492387398778,-74.88114086793524,1.0
4041,-118.90944870487643,-25.87329150750665,117.70880367274121,13.354203430775854,-192.64826982525187,47.757380988456546,104.49291765281455,-74.75981738178712,1.0
4042,20.230177340745183,35.12280267047579,-20.38907416061726,36.69515917511386,-182.93673114851646,69.90315787003009,102.19808337664823,-88.60760264932736,1.0
4043,38.78387470270582,-86.43840675979231,-29.91275060444548,92.64777620690771,-185.57911150571988,59.182762490661624,101.19837193585637,-82.00139358852545,1.0
4044,12.977364411731962,54.085937635210826,-46.45315616485954,37.35683880218862,-179.91035189201833,77.15663584218034,93.3133857099225,-88.64179315342666,1.0
4045,-15.014370321382492,-146.28077223092268,95.27087858098339,49.201589437035445,-185.70417360449318,71.98315362482707,97.61056973582066,-90.79303436141058,1.0
4046,21.912239188841877,-74.13645301594028,-58.08272296340139,66.49171777636593,-188.6492832619332,45.18727586141769,104.40117343413692,-77.96497200088534,1.0
4047,-9.040692618704105,-56.61678828372584,12.96323953449614,-13.17658875940756,-185.42038568429285,72.52442297383493,98.73276378461865,-84.04795105020496,1.0
4048,-32.36062251942457,-4.342145893515098,63.09718586082146,74.41971424373912,-181.38581669653522,60.34702529438488,100.43174546749361,-85.44590421602416,1.0
4049,14.04053911867692,-31.015413197753777,38.58345083277113,-34.93372716991877,-180.8834577229078,88.37954310631747,99.44912230421458,-101.06380992357128,1.0
4050,3.376991032158788,9.12784959529036,-49.157586308641875,85.54048486838427,-183.50878872154044,59.312153580430184,103.13955785119389,-86.90981141239982,1.0
4051,-55.78090481180692,-107.16979282583338,-106.91834606057628,99.5025740709365,-190.06649719593324,55.46492263425818,104.87516046102914,-83.83734340933655,1.0
4052,-45.85391215706684,70.6735924308868,18.801706029221187,40.965402256213665,-184.20479409184279,56.677249895671004,103.7025052469999,-83.52474436083222,1.0
4053,-55.83788331263916,-1.5962468551655729,-32.41027540326899,41.37364712317878,-190.63274239597098,45.61533420732733,104.15238344328068,-74.77161173557238,1.0
4054,-38.83386508594423,-33.894736205494425,22.860348833556696,25.621031230829495,-187.33548478546223,53.154889890599684,106.69796412552562,-84.17449306096348,1.0
4055,-186.95654920239724,46.258078439931,190.05390144922188,8.191499230503425,-187.08967246447804,68.45791820083709,99.25225487325517,-84.41449034833462,1.0
4056,-25.535985754633927,-10.982038281330786,-46.13471491668414,15.245065267564733,-191.75837904005405,51.472522500692435,98.51249299258019,-71.46824280961674,1.0
4057,11.451498168169765,18.99227593004385,105.95986533820367,15.685120939846053,-186.22733239911577,50.51803507620358,101.28024619469485,-83.03240994462845,1.0
4058,-93.32212426483161,-38.83967970251997,-42.30242081963211,75.29708084519851,-199.1178150801674,25.5829292817483,107.12028739878619,-67.37029677384905,1.0
4059,-108.18121616368455,-12.688944303854354,-80.26010282344988,107.04972282264183,-192.4074091158081,37.75390595965766,106.1585317112246,-66.23920353475086,1.0
4060,21.355035001044207,43.6199949173372,-39.286185355657295,15.4520380286044,-185.88907064754878,66.60003055016499,97.52626285957254,-87.35587613759056,1.0
4061,-114.72580444019285,-124.95145960191094,26.407550546399357,-192.60196431371702,-198.22285741866833,38.9081660780317,105.07704784339793,-72.79059982273931,1.0
4062,-48.070377231581176,-1.714925671495332,6.850337403305878,37.23279234423814,-189.7481426915755,47.063098695766456,104.16449414345628,-75.00131168464655,1.0
4063,2.1608951642231258,-50.32415482982222,-56.12046662141796,61.39192442753504,-188.67603060195302,49.233008543747715,102.20190134512424,-84.45938005027736,1.0
4064,-8.936363076161346,-26.554168551522896,-30.908128360293475,2.422645327722328,-185.68636381181668,61.86407077965649,103.25247218014889,-85.89738542838063,1.0
4065,-64.97651924098446,-109.21592005361305,85.5040211989897,-4.5694527240888405,-184.94289490219325,57.939977023860735,105.05093767025069,-87.2102725081879,1.0
4066,-74.74989628311867,-125.48264356340748,-84.37236131675712,89.43816349034019,-181.39898515608434,80.81289684389368,99.56453601171951,-99.4621298113096,1.0
4067,-16.871397171019417,-49.46991290443514,-38.98047517912862,32.96139913961084,-182.44335303681586,67.83081387283192,103.40324756361495,-85.8401169860447,1.0
4068,-48.13088677527737,-46.467200055692004,81.26667692398186,-8.215243705208742,-191.56978288076095,42.0160743108878,106.68154016251492,-74.46787035170554,1.0
4069,-60.00998060499838,111.46367623106738,43.794121878547024,56.10237104654134,-190.38522476018773,56.86864453770105,103.6778228528471,-83.48832441805145,1.0
4070,-83.54447754312189,52.575495044937426,26.598800926287268,28.55587447100918,-181.2857605983343,71.80361557257051,102.62894567887471,-95.35352704346634,1.0
4071,77.4689999914875,-94.07432581830108,-80.84973647304786,57.754590654051476,-182.2829225476487,65.72325564800539,101.4075371887811,-92.02011155441129,1.0
4072,16.031757563164184,-90.69612334906309,15.433678065134087,27.98208870248797,-184.48969771769592,69.420274979699,100.12700006020533,-83.47040074353399,1.0
4073,-101.29629279738683,-2.1263674748964343,131.00075022241802,5.444219087816443,-185.5883600249986,62.508145358421615,100.9250545831117,-88.39678259847146,1.0
4074,2.4939290712430227,-125.40618305259832,69.1503099114699,55.26692391351038,-190.66541037567833,50.30559920289481,105.81244995725497,-76.152584005246,1.0
4075,-101.26849653135127,-9.667163340267527,69.98722484525457,47.835612622131265,-186.63552992636392,61.58042961291746,97.7619843611496,-80.0613277575252,1.0
4076,-82.12578254790046,-98.5656801659227,87.75301334516935,47.91100611261404,-182.2793563532209,63.99325804330028,105.63519692099354,-89.27544640006154,1.0
4077,-32.649411552496694,33.41071726107641,-0.5585605800941917,90.50547717858264,-189.78208743732986,47.558980827399665,104.00142754751126,-78.38691846488128,1.0
4078,-116.13773620795999,-156.33946658981534,-39.57956751314855,9.387975788626001,-188.72226597177152,56.79870373995675,102.39824904449245,-82.92978287051083,1.0
4079,-48.73798818158971,-149.10564660845876,118.18482262376908,-4.794567078546608,-189.18548915294656,53.810201539143385,99.44982715196757,-80.03852485953836,1.0
4080,114.61621107051872,-138.3046162774834,-57.19080370549634,30.03312150785751,-191.40297284512937,46.48653986194342,107.8591825031591,-77.5856291154078,1.0
4081,-136.94663926285278,-6.434548146646285,196.34450434496517,39.04279809841331,-188.58223568955827,49.12966675094365,102.9496790400046,-76.06710680910071,1.0
4082,10.887229673995707,36.52528767215588,27.055011856235854,-25.894845268543897,-182.16674907652398,56.78314115983441,104.76305564053446,-88.2395693313289,1.0
4083,-0.0316161703607154,-37.492288372987716,-25.335286410621176,31.668144050609587,-184.69358099799425,59.232126632767745,102.4368380117234,-84.87699515937292,1.0
4084,-71.4163626012603,-64.43458369429776,-78.99934904281321,64.52485194892512,-190.88801855717387,39.196675993034916,101.70557098885621,-73.9071136549149,1.0
4085,-129.67852542565387,-20.04487102804957,116.39709975393897,58.41236720702304,-194.39614745818423,35.8518175350015,108.76995173665925,-74.46274898956199,1.0
4086,-94.10603760672454,-128.81641920811296,-76.79161494049993,84.44948740849918,-196.36712987846718,48.01091696921722,105.53676322005617,-75.86189935833875,1.0
4087,16.98092098375913,-7.5304466679121385,-35.33287074434075,57.413451486215465,-187.71846389810995,58.181832398178386,102.6865298627279,-81.63484654381307,1.0
4088,-90.63403775578256,-101.50531491602814,-49.210044535179,60.580352518890535,-187.52601260076386,40.51009849290845,104.61905662082472,-79.73431079329266,1.0
4089,-34.4240235102105,-51.01054873263436,17.034727030986048,50.633784770536415,-190.88916802644675,48.31460965974582,100.3950900323051,-73.59971008491375,1.0
4090,-31.143121727944727,-72.64176502397261,24.33398648265831,59.040800153313576,-176.05402075975246,91.46902191924141,97.0706701263699,-98.19975925370912,1.0
4091,-15.369442494438642,-32.91005927667931,-40.57233984313005,12.319634258624967,-190.27995323321608,48.13244759327652,105.26906573032299,-78.13473278825906,1.0
4092,-97.41274243150913,-63.580229743967365,-92.61130571372343,79.40523663090778,-183.71708506247842,74.24564642279091,97.67790330299378,-90.16919868696473,1.0
4093,6.1545706581424495,2.036474721208509,-83.34045531056373,116.3914249188753,-186.05744894835433,62.0363551247695,105.29781466125608,-81.92484498934009,1.0
4094,-74.25331405768769,-10.436163599395831,63.060557279405394,28.01140355881493,-191.95084990607342,33.083870930220726,105.25190321831776,-75.33455158749231,1.0
4095,-80.97383040385763,13.046043476708391,118.68563620339927,51.762015739730536,-179.44406012030788,86.6529925257763,96.01972586421697,-93.21809027730669,1.0
4096,-26.87468687406901,20.362034522297723,-5.901610515933559,86.67068336409466,-190.4541902775706,49.92535688899255,101.06836805498311,-79.14469637925905,1.0
4097,22.939008274678223,-100.93524115859628,90.2067154602368,83.57029767349403,-191.4675364719987,45.115293490997885,109.80225473546368,-77.22346645077116,1.0
4098,-58.963798233092724,-44.707029951306254,50.37775296679361,-31.014848715973354,-182.90785975223125,78.1354142052337,101.05108973802048,-93.7856133877005,1.0
4099,-36.61319967189229,-135.18494931261495,41.64101498750515,62.77891464284665,-186.41690195755223,68.45617202851591,102.09882994265115,-90.568774143443,1.0
4100,-72.7400243592885,-152.80012779249464,-165.36877620477847,206.73924148374206,-190.28459567631728,45.32936731174052,106.38435380782336,-76.8097990826475,1.0
4101,-8.282488086038132,27.755083509623844,-0.16234329413824522,14.26720964737751,-177.54525353023197,77.57176784159336,96.53157358598868,-94.20037381295651,1.0
4102,-33.33729446673125,-6.899002235926255,-30.349010123103476,34.46261105371659,-189.80886170358653,40.482233599598445,104.13889745645758,-75.91483991770644,1.0
4103,-30.999389349532187,-77.20224181425257,-30.794018350727757,35.14463211420289,-196.01428424365483,34.32008252662381,107.7041926341938,-69.1545456838581,1.0
4104,-108.69588604600241,-180.18034214817033,-97.60468156748317,93.86140092056893,-185.7533578680074,59.677893122636256,104.51094603125756,-86.8768583293817,1.0
4105,-35.457827035628874,-43.41472356726306,66.38879948395386,73.83407616609794,-182.73097283460348,64.21762886826012,98.19391000725476,-85.51915724219633,1.0
4106,-19.40260697998981,-84.77124875942629,-12.338416009160452,78.4556669688584,-192.7022865013382,43.059001843428874,99.93540759730203,-68.90754654440592,1.0
4107,-3.64989481789833,-34.993799311459654,10.1351366472424,-36.78994002685174,-194.93624861441037,47.67353057391065,104.10301873311296,-76.41014209792591,1.0
4108,-24.8077277220036,-73.56870533848495,28.819345070826262,67.67615365453636,-189.09159868302604,51.579814066248325,103.90601995420428,-78.71502439464447,1.0
4109,-32.98867119291029,-60.79644648508855,-48.70587504991444,19.16005157322341,-187.86824045292823,49.44808450334887,99.97625404673454,-74.09834178422624,1.0
4110,4.110033243627919,-20.897200800497536,-20.94958163273891,5.39244853575378,-187.13030796840323,51.79506172151585,104.81845109193733,-80.46728028022882,1.0
4111,-143.72393303874327,-11.30680179802675,135.25949467759523,-18.320975140272544,-187.89182802498382,62.62236416112285,100.55132483094573,-84.6180802404869,1.0
4112,-21.09996165330105,29.418075583836334,1.2905618301992883,-0.30574565923376373,-183.1335481723204,58.05067990668941,103.93829950556533,-86.58912595568049,1.0
4113,-160.54548369374706,147.31182771070314,50.626791519010325,-35.423632494969745,-180.35760330278876,72.41365621082645,100.89031159477656,-93.56262519137647,1.0
4114,-49.66529102153601,-17.83942991304919,-79.5281490650032,96.55365947947189,-182.1508977182371,65.93072743788362,98.7549870476806,-90.09862458995968,1.0
4115,-41.445402823078815,-33.82658362255315,-10.85068641742491,31.46345488870989,-183.32877089142548,71.28360353669802,100.04148837728452,-87.06300851352027,1.0
4116,-51.35370116453834,-68.58421905981638,-20.941956705616047,-32.79923058908061,-187.89947501761813,60.485747207412125,106.1699037893265,-83.87947766610849,1.0
4117,-18.537837049418265,45.98061711216128,90.72451685520623,31.15300173320486,-183.71419693206713,68.40346641791457,96.0008908292023,-87.44258032823477,1.0
4118,-30.434408743502818,-137.08167874273482,94.33707065587777,-7.975166340279705,-183.55860601763158,61.782538855834105,101.36008275203635,-82.00296492089213,1.0
4119,-65.26968219013543,-24.71740176374334,-58.4397491374752,88.22270682677836,-186.84227307701835,46.24153610602278,102.30685352466172,-76.90013480296092,1.0
4120,2.0993297632792896,28.856028532054022,-5.25082505176207,60.89512139598246,-190.53454278702674,52.78144648868799,101.00736947357365,-78.95932765303182,1.0
4121,-56.680610657989696,-126.20453143643728,-21.02485461487198,-20.87676972715842,-188.18921569526404,60.385554711265605,106.38052551089908,-81.6710697767379,1.0
4122,-51.13642050145424,-209.62270049239856,128.09639807353003,57.52800749899403,-182.90700268273935,76.11665941734198,103.3316507075964,-90.90960199722268,1.0
4123,-47.61434767225576,-81.54926505500025,25.22051698618802,98.34649595867594,-187.44432610643318,60.72662064226905,99.24187967246613,-78.31356629526772,1.0
4124,-106.99894707954614,-95.8322516508558,154.8350811487075,3.018728466777615,-182.14870969334154,58.92328375193716,100.68440086434464,-86.45754806472554,1.0
4125,-64.39618354122258,9.522319629273623,81.90771147674751,64.0939047621253,-186.19545288788734,47.225846046992814,102.53624520038328,-81.47812286155259,1.0
4126,-84.19270508442732,-42.91140072324865,62.982442766102054,-31.094645163929023,-187.23017405428547,71.39919663856608,102.3820883687051,-88.19742630335143,1.0
4127,-90.4927935049195,36.01463636844742,-48.95440197334284,69.34007136488046,-189.51297709586373,51.13464300268542,102.65819742787684,-77.21313636396339,1.0
4128,-53.947349637209875,-72.121361716335,-42.40201995269523,13.13834631275889,-184.3360154209556,77.57341436540925,100.83232913547502,-91.73773485781075,1.0
4129,-1.842473564736108,81.39513270176263,23.71298533134849,7.398176097833686,-190.7118668040728,52.8093072394656,105.2073667504643,-75.81959445587131,1.0
4130,-83.15452381910832,-96.77252783440531,-35.49604165691459,14.148812207556915,-186.1836572103323,50.22563187819571,104.26516109625487,-82.00654117202944,1.0
4131,-58.45580077072419,-50.61986724570653,-29.76826411362712,13.899635950574465,-183.71779780469666,64.97080478118413,100.83198524359791,-88.40644734295435,1.0
4132,-40.85544393489063,76.95774529715744,-61.20808182008748,6.420185064055883,-184.83063113512944,62.23828656240909,101.6874209393688,-86.86002653185236,1.0
4133,42.33231651650748,-54.24226955188311,74.31771699963609,-4.94838335450391,-185.9364531695053,64.36121671608367,100.5377062240357,-85.55153025852428,1.0
4134,-22.157814237496698,14.111478530535415,-16.66436589138438,48.01441538547197,-182.71474391258533,71.53224609684526,100.93358289659447,-88.78396128511625,1.0
4135,3.2064550746851994,-48.97153071943324,-0.3017377464113957,6.414755625275137,-181.72640693775242,82.67786624023671,102.41278757652775,-93.99265719767011,1.0
4136,71.23844368979108,27.273727709885577,-52.59087147567835,75.68205415844665,-184.87645304779815,58.83330444379659,101.88452484700936,-83.98972807669938,1.0
4137,-59.92952717669978,-62.202874023948596,-145.0683847037842,143.9342177676031,-186.8645736732468,61.223852343533565,103.43813722808501,-84.56902581698853,1.0
4138,-68.8008370588896,-110.8578319732116,-105.95104877227695,76.38852336818982,-183.9467399825316,73.9535720580304,102.77330827247762,-95.57950009593326,1.0
4139,-16.739795470671112,141.33474782130827,-35.98916297533796,81.88983685617333,-182.861751728732,64.93164444028805,100.49171762302196,-89.44568204326444,1.0
4140,-79.8840111264689,-77.0880712096449,116.70540196937642,-20.126367413582756,-186.64334981453766,65.28947372156071,100.13989835097324,-86.42504010323981,1.0
4141,-86.43669799181394,-78.14494038403043,-124.76982053879814,149.20571685527148,-190.08570856702704,58.191824038358256,103.81995350963489,-78.57994125577417,1.0
4142,-42.71188463923177,-151.4748399996862,-28.32856403986058,-45.282920666267,-180.58082000421703,87.81047564773581,98.76885657502889,-93.37225759431313,1.0
4143,-231.57002476305985,16.025058598037056,196.59553525900336,-8.88236887299787,-199.54563696169507,17.905672224697312,107.89692615363674,-59.94026361100352,1.0
4144,-42.189867867277016,-80.0655591795358,57.91244068996642,53.243952443330535,-180.97083978991927,73.44102432216722,99.18902026214032,-89.6350494867848,1.0
4145,21.850558590757384,-91.3357765723378,42.89994796645492,78.50414660497604,-178.73220942154714,86.28238320702316,95.90000600630692,-95.98089183507827,1.0
4146,-53.33114477407756,13.538252372856817,19.616909922978216,83.68843397236886,-181.14992485776625,63.69572248114548,102.27422778999633,-90.8909506197413,1.0
4147,-50.209819094145494,-32.61324045304039,11.768016933111547,55.97602802840681,-196.01376758578027,30.036198492521816,107.83969585931065,-67.04827908885036,1.0
4148,-115.29653252431049,-50.98407775912953,-69.4278749819308,39.5019662806055,-184.19393586132668,63.46241522185404,100.77168081131828,-87.89143945514259,1.0
4149,4.361398931946775,-86.58333306342504,7.620387955613089,75.30195906034378,-185.30477962434085,49.02527979560101,107.62657578148887,-82.67036210387667,1.0
4150,-52.32433549143127,-75.30146556634139,135.95043436685162,49.268881155069074,-184.91894594392787,59.62515075284243,103.88340464301291,-88.85270159045868,1.0
4151,-42.15783462833993,13.581125612491673,20.71678454912854,-27.282307361186795,-185.4173989746635,63.8893530062987,100.41299642655896,-84.97142981487899,1.0
4152,-58.90543355337247,8.041616065882007,33.39254320059212,72.28708124025593,-183.3482776412068,69.10300177603996,101.07496584153208,-89.42778180568189,1.0
4153,-29.53021244342013,-173.00856079663558,-117.24192038985393,99.59857275254559,-181.16729260482,71.6297182294136,97.61622932545444,-94.20287645371465,1.0
4154,-25.966526841244608,-33.969130059242694,-93.30699082280455,130.02220921510838,-177.17828689788118,85.23165294615033,98.84618601117984,-99.49402353093652,1.0
4155,-81.77548439017829,52.39704136867888,55.04817795866319,53.08204221422146,-180.6182510708265,56.385390711800916,102.85644706620363,-81.11159162319855,1.0
4156,-36.5965564775289,102.68640658472145,-3.069208081627922,61.095229820658034,-184.88616018739762,69.26332118615966,98.54413078249485,-85.11161195187482,1.0
4157,-65.01695819572137,-83.01705820622965,-94.9475371822732,104.55698719634566,-176.5653780737656,71.5170929959598,97.91311211579622,-92.12587172659629,1.0
4158,6.1009810100593755,27.29847212434847,58.19519592191244,-101.48917001781645,-188.35675388177813,58.733858705033896,102.6621264350673,-82.49335617596503,1.0
4159,-132.1641508473244,57.36032093698593,118.68308800082778,50.36072192935216,-179.11446707967153,80.03509462200745,94.71772798923627,-92.97345666037492,1.0
4160,-1.192555823902064,-8.73262069605602,-83.31256754162786,93.28729324697524,-186.05573186359345,73.3635990758221,102.38659772423074,-94.21668313610368,1.0
4161,-13.460231771477456,51.074172605840594,-57.14795525754215,20.297788450113313,-184.1176767785802,58.61280087383324,101.15191353896623,-81.7790380593192,1.0
4162,-46.756088291116775,-12.787360113537272,11.611550530471149,-12.500051406602065,-186.7318946626945,61.26948069791985,100.49656878743036,-83.24592364396315,1.0
4163,-61.10289434407142,-98.79222401602709,-100.65556398254122,98.55019582478947,-188.78562791976267,53.753253570652085,100.17947912262619,-82.40863975440227,1.0
4164,42.756920490079345,22.671141611156663,13.035670930754739,-17.28097128261268,-188.7976177946945,59.45141161739095,102.00717080842885,-83.56321286036656,1.0
4165,-49.05310532720347,51.92041099346787,15.855296408790979,63.56622532156704,-190.53034955251334,36.52853941186176,102.70491917484756,-72.68451541487822,1.0
4166,-42.980543169518405,117.1151270087325,36.4134074926936,50.49822237589861,-179.22183678843658,61.408661354064584,101.41721025755564,-88.04984329154422,1.0
4167,34.253382505497385,-112.19586106412405,15.39650468552794,53.515051157165935,-192.1552320413966,63.80098961499084,102.17101847822855,-82.39459856698859,1.0
4168,-52.37706809685327,-103.64830779116434,94.15997387238986,64.33193408386218,-185.42525624040775,70.6533975173609,102.02977596031117,-87.7090960315067,1.0
4169,19.93726959125962,-109.9753708420337,-68.74688893080292,28.707465542194,-184.53137846648946,55.352449352051515,103.13282854850783,-84.58112811916713,1.0
4170,-35.00176484335415,18.42907980123909,62.56930131742131,36.414772600799985,-188.2307309098277,66.32658251598758,99.71656977389804,-86.547012534814,1.0
4171,-88.5782207426619,-88.71929288247551,-56.70541496928669,16.859733768776515,-191.83615402842793,34.19904709336485,109.63512193615871,-74.1445743454447,1.0
4172,-10.127085421425658,-48.201853888135766,-21.62145252066975,17.584861939630432,-189.172590012814,54.57429637432868,101.69023984103708,-79.25957466690863,1.0
4173,-33.45540639234655,-93.70562783169078,-52.88369276266902,40.66405117605005,-190.27271482431382,42.315561485714994,106.94472848369522,-73.62508900496627,1.0
4174,19.97023699862267,-105.2328303911533,23.27839197553874,75.59109615169466,-181.11317078439114,67.01792011788271,96.29415742329932,-90.30528808770657,1.0
4175,-72.68504287913426,-22.026576387296306,57.769705453756195,53.9551358186152,-182.99756695061566,59.40223975961006,100.38774751793149,-82.81946616416928,1.0
4176,-27.416662445908706,-133.2674711724065,76.2018596699866,14.385147962314365,-179.4061586064008,77.3249220441668,99.97717996106853,-98.9572366963189,1.0
4177,-1.465446312094898,-213.7199689865276,127.96333711450556,24.753078181947753,-194.86057107240072,37.89088191816836,104.51084565912358,-68.50267148096748,1.0
4178,-14.130994740936917,-69.26215717573407,-0.1572864423729059,-22.81373394352051,-176.97632859442203,75.66135496998825,96.56751539918054,-95.04085038180575,1.0
4179,-56.626763388492094,184.70752339572294,35.25926888856047,-61.210760780660344,-190.82852548117506,51.909591179052654,101.53999734247155,-82.50566777418328,1.0
4180,-39.2626153215406,-74.09618881085281,68.88315042356031,115.98864629409901,-183.7265907842407,59.042271924921266,105.6215050562046,-87.24903271677763,1.0
4181,28.171789768874845,20.57630948535536,-107.5551774241911,115.30461040137139,-185.24378896472393,74.30699870689978,100.19441130841685,-89.60369484066244,1.0
4182,-56.99514118967164,-146.31516345022396,-151.57551325155217,121.02595012134883,-189.71329948752557,48.712026711387296,104.17477031471458,-76.96174097514388,1.0
4183,-78.85044669622442,-111.46848039341405,-53.39511840034164,21.636404460328716,-183.81997234584523,54.175343354234336,103.2540556285546,-85.24935326693115,1.0
4184,-98.61775840129837,-89.46766301203898,-33.79898725335545,23.756910220349432,-183.7997801193966,68.1625028562937,101.10050367820216,-85.10760076285162,1.0
4185,-21.190506564622982,-18.86602288813482,-61.752460828250186,56.43718092033323,-183.32083042472087,66.60143071680484,104.34564104956809,-90.99150888677804,1.0
4186,48.213357759196604,-91.34109614268978,-42.91143497708625,74.29503036131729,-192.45555346772863,58.852138184039156,106.78993531508584,-79.57402971779031,1.0
4187,-0.16161318384885215,-114.58011581044309,-128.87036579039636,112.43284062208465,-185.35906105736348,56.71464776489432,101.53218115467311,-82.20912895342877,1.0
4188,10.166883793193815,-46.7090334535989,-12.143596536869344,-38.72353533132614,-198.03271143349727,33.508489448505685,105.5158949508243,-68.5917082080128,1.0
4189,-9.498423864602767,-12.585820817255641,-60.1182830931562,68.5409928293869,-180.78631943514253,70.83727941905241,98.43786250760618,-91.77490336233922,1.0
4190,-64.85620054351813,-94.219100856467,-52.69662774131957,39.59049296582515,-183.03893289330512,69.3830155135393,100.88585947845353,-92.08771052649327,1.0
4191,8.536198164410724,-37.93989072794088,-24.92844763194043,22.91780151538771,-193.19441353478234,47.58923025431633,107.03930629796022,-77.65729699898887,1.0
4192,-44.0447693744276,-61.558132329158376,60.93543080445887,1.8173976903716915,-179.16753821694294,78.13850973786971,101.75297303162515,-98.4069835682294,1.0
4193,-47.85151247057202,-78.06016030563059,-53.99848744119473,50.93229146566475,-182.9398245890441,76.4246439289397,101.61825409659237,-89.76459003631182,1.0
4194,-35.80855630377723,-4.694841560086766,-39.65299566792832,51.60290688929072,-188.64398397360785,59.91275820607033,103.59965139739698,-85.12506111848627,1.0
4195,-67.51058688673983,-60.59955531367165,77.64917440712713,20.4030387788329,-183.5778621895654,57.25678677932875,103.3768655163439,-89.82941910788189,1.0
4196,-41.78312363403883,-9.873973174353962,41.64127389012642,-20.603419956502755,-176.7021292797326,72.02021627409276,98.26245566017842,-98.68850610795572,1.0
4197,-42.965246815674554,-77.77301214177908,-68.5009148958668,62.224092315823896,-183.2016640914358,83.30018563952223,97.35594880455058,-98.15522715702372,1.0
4198,-91.20223475330441,-31.795721512138503,-2.556233193982782,2.5390403607110255,-190.10908223686147,56.9183492631801,101.07103036300617,-81.54486182897828,1.0
4199,-52.923764868308766,-84.29314242822642,-90.34382178113763,86.0072135590117,-189.46299687882737,40.24491400527562,106.19598820643688,-69.44388241808619,1.0
4200,-24.402070171902192,-35.00391278496189,9.1488084076097,34.23114836843029,-183.77794616900695,69.6001356509245,96.75543137835491,-91.39686971966162,1.0
4201,-59.469652576120794,-96.54907747234424,-91.03646310217555,88.27755786035138,-186.6125218956892,64.3545819339142,101.59071054356583,-91.18979826055354,1.0
4202,-122.70322993429194,-5.320065120746776,137.3257778304315,-8.095388885383937,-185.95185855715593,64.01194101217521,98.27457178015173,-84.5517769141133,1.0
4203,-40.60461974727686,-115.49481328077378,-48.13655248024259,37.07766633942523,-195.34570127367857,35.248225905423325,107.54504359241037,-72.5749982658565,1.0
4204,52.6881351649402,-46.48389822500349,78.62013036353545,-70.41625827838409,-185.65748874781545,59.724671156950144,103.11709787918171,-85.20335839743974,1.0
4205,-30.886341372440146,18.716892427840914,15.829111625911466,76.23093791214916,-176.98176080194222,83.0768824608454,96.48741534292455,-96.5413410736197,1.0
4206,17.70506498210871,-40.740511484976,-49.007957072425455,33.848646733514684,-182.27666013339268,59.34854605723033,102.03936538855798,-85.72410331777665,1.0
4207,58.06519900341205,-168.63468386500637,68.45789614022353,48.085715856195044,-184.49006842928267,73.99357947893748,100.57120929336463,-90.07875704555592,1.0
4208,-44.064299059362114,-8.904257781131031,-68.43260136126761,80.29288207871373,-187.16340391733667,52.18215079501729,104.04567526712307,-83.09077161156905,1.0
4209,-71.89758349406179,-202.97599259729532,-98.30242131526468,81.11234617354225,-182.98422375217658,53.85877672221307,104.48270146151474,-88.11600863677597,1.0
4210,-28.704138700548587,-79.11859955592062,29.526262320723074,60.450460994921166,-181.64092538817314,70.13520642124566,96.23531992239667,-90.1993805348941,1.0
4211,-68.99027503649198,36.74874000322165,59.47971423127145,7.6077223479862734,-184.01797661656386,60.83809232023238,101.3459537492665,-83.7814326876374,1.0
4212,-22.74838239035649,-124.82357811783069,-110.85013189318076,74.18663412001435,-178.9071261653439,77.66956555474577,98.47464821504029,-90.7513009826952,1.0
4213,-63.62689243379109,69.91315914482483,-3.327392692454123,32.56516178967534,-189.7570811998278,63.51716473482263,101.97341073633686,-81.46552958962639,1.0
4214,-5.21197022191423,-62.415816348581274,-8.983957070964872,32.49463233459365,-188.09073666771243,58.30134714857182,97.88240198093195,-76.2498948648952,1.0
4215,-15.004872125791499,78.4060771062848,-8.118830286393269,41.8739296873216,-186.0430619122034,65.29550369493136,101.3771352480879,-89.5702940204087,1.0
4216,6.242045966465759,28.701722872156253,30.26752824666472,-18.456100681903553,-192.0496546921239,43.55110670006008,107.5219277146975,-72.13400719274091,1.0
4217,-24.780912538782765,10.766559824106526,35.22437094805924,-15.55609257366598,-190.28135405769865,50.18581283405625,103.1051758933029,-82.07856626688388,1.0
4218,-14.763940338039868,8.395949222918764,-29.568779420573577,18.4853221845839,-186.25833509125812,74.99516340575194,99.79229963227377,-88.79115571015107,1.0
4219,22.578744810774943,-43.055292509534326,-42.7569281611072,45.97195782866081,-185.03522231185008,71.03178997617958,98.93569293830865,-84.93656756714077,1.0
4220,-62.66226052326991,33.88201896833194,39.69617083323313,31.38816629872222,-196.25630883973173,20.782806652276662,111.16526183485102,-61.90594068246823,1.0
4221,5.887164279970608,-183.01462004985095,-26.477549568490122,55.679751785730566,-187.04924106942443,54.64846432228793,99.83818588922205,-82.37628007575326,1.0
4222,-99.67682863456068,2.2095306153975924,60.49966266814359,139.940275961122,-180.57512930514656,73.61301420777974,100.7092458096594,-91.63293489228292,1.0
4223,-148.2735703435673,-149.2392027158404,171.39357519544365,22.190593036439196,-184.9689325989947,61.083108532509016,105.20981650699359,-90.08937091238,1.0
4224,-43.43064861311265,-52.15071548037653,-1.694328190968153,10.737199132686715,-180.9566818432629,69.60352744103604,99.59142314202506,-92.79268592878297,1.0
4225,89.34372431291875,-96.13103981424295,-47.61475889669398,10.624625157622985,-188.58511638797373,52.423814670582786,102.32051856388487,-84.93164535207299,1.0
4226,-82.77777120126655,-121.20342301970233,-67.13536910466438,26.316046619925775,-184.68012334518133,63.31387837827738,99.28870514186362,-88.04309293876729,1.0
4227,-47.31972517555974,26.728849056039373,-23.224817603424235,14.344646833602367,-187.897995337902,59.62644074050224,103.38450379787847,-83.82101567073806,1.0
4228,-107.75077100072359,-156.13871986993587,163.89368873244067,-8.965278172447032,-189.7535261077633,52.00002471443651,102.9527468185308,-77.11023807936506,1.0
4229,-60.73390728376731,-104.33318162975579,-107.3180768656695,84.80592350825175,-184.50900751341922,62.52350064962004,100.03977934613552,-87.17149993497476,1.0
4230,-50.12127721289736,45.21172581614709,-39.49943964090073,70.33111896650153,-186.22568953940456,47.91979116758741,103.14663199529821,-78.66341181281037,1.0
4231,-112.96717237792757,33.552837369697954,60.906527439783616,76.23927650928475,-182.98540765041548,60.05888491521345,103.14385804888224,-92.14279500389824,1.0
4232,67.32677979516346,-39.55733996587211,-156.61112526557704,65.25716449654347,-188.5586778040324,38.47525901929673,106.45259408703558,-72.4834623194878,1.0
4233,-29.321818642558895,-19.522675535929864,-24.236232315462615,37.45379449461512,-186.30695180616578,57.46945091155879,103.37377893403142,-82.54487931127925,1.0
4234,-24.805653354590184,-45.687423030279604,-78.67942747236705,98.86668055610224,-191.51323022366014,43.407566090509974,107.14359124979799,-78.1517545413625,1.0
4235,-27.11881902973923,-0.006232045307758005,74.48680802820662,26.77630980340523,-180.90135464076602,79.27341339353882,95.57757252699963,-94.44510466484817,1.0
4236,-61.46985468112116,-48.324098529238555,28.114628405496344,19.907202502979494,-179.74456508981172,82.32716957982072,97.15525054192797,-96.8735036901134,1.0
4237,-90.52839756875677,-42.50259204849955,63.413145621240254,16.269550965055505,-189.80962465650853,49.418454085685056,110.2576215904445,-78.7099137550776,1.0
4238,-28.650068248240977,5.136694740356806,4.980608404541275,31.79530058831821,-186.25586092206774,56.00324035829397,98.80062507194344,-76.82336478551285,1.0
4239,-79.57221850284442,11.107198957098607,-116.05791316352293,133.8310351601179,-182.09651917895772,54.22338471261173,99.36962271217233,-80.34348633690337,1.0
4240,5.718540070869232,-141.23693612298013,34.77317867143711,71.67111665193025,-185.20380801344453,55.627267988737316,102.00640469748438,-81.01315371452144,1.0
4241,-6.768312001464194,-68.69753925323371,-54.3472472044214,13.919525315248457,-177.22777331043034,81.21349386253196,101.34767696476746,-100.08046607617659,1.0
4242,17.7434567275061,73.40713834836836,95.80324261643285,-86.31129317563068,-183.0081201288151,68.6590755892462,100.05327240853346,-91.40126883649208,1.0
4243,-166.4521745309716,17.448709356905567,102.54157076703333,48.450539776730125,-185.84858542300577,61.08000693373895,102.96612767689821,-83.44334574733396,1.0
4244,-46.502023380931504,-41.38634845765062,-58.92209236517281,69.42452383162674,-180.78529291269712,67.88467244190824,96.95494383491963,-90.82984906881167,1.0
4245,-105.62411741371531,-24.88618899408101,54.693347232146806,89.78210955384368,-190.98167932722524,45.95880088517865,105.41859574095301,-78.0908697087374,1.0
4246,30.6711916686899,-144.98886564928875,-13.991009316554603,35.049765644584014,-186.77175796823997,60.75005723303997,99.7478073444985,-83.73033250454165,1.0
4247,-64.59643431108262,86.25608157811672,56.0811052030713,77.4339802022023,-181.13972615143217,79.30634535910863,99.52777107058296,-97.12661605049342,1.0
4248,40.60999018024981,15.342634648910437,12.984509755732798,-42.415164678447994,-182.73372926332138,65.40566346828832,100.70866385949628,-87.5112110802203,1.0
4249,-29.863991319620787,-96.12798550524784,99.41468676351252,-11.792133745633787,-186.0216914166019,50.63920791105723,100.28728396309432,-82.73928907769474,1.0
4250,105.88884822884886,-150.07890497175055,-79.74325148136873,109.61002942621276,-190.79352487915892,40.891592161961526,105.80968548814006,-70.86831463863261,1.0
4251,114.23305586007173,-76.44831417677631,-165.9853380248234,55.21972185975115,-183.2680087996351,65.61450691774576,100.85578083343702,-87.65440882990453,1.0
4252,-8.79617257309127,47.945767978874834,-0.2002685250546421,43.39410138467743,-193.08386063792256,40.14687325515506,105.57163248892343,-75.67472947415062,1.0
4253,-9.82075679572193,61.353571510924546,-54.20283984059849,62.74738093863617,-184.09991972401096,74.48383623415003,99.98218406295032,-98.28739951961687,1.0
4254,-90.9625791230594,-154.00857368100594,73.24258010944648,113.01711070285498,-183.27987645238738,65.20422700078986,100.19700847125493,-89.19358917470157,1.0
4255,-13.021116370262718,-38.38842927269399,25.878544339605302,0.47926443035406496,-183.0947058651734,72.63866282507229,97.89929317545906,-91.48223812240482,1.0
4256,-113.77029390285358,-12.012618914231426,106.83395239904097,11.018311751735455,-187.0408852554756,52.92367109766585,104.45406855573981,-80.9095574542005,1.0
4257,-32.772484541002896,17.58036593220681,81.17049676308845,-62.28759801385898,-187.38941426138192,56.601285615901844,102.02328330794931,-83.51796278460095,1.0
4258,-24.297426788119633,45.57864350857213,-46.451093099753884,90.96562652691448,-186.56488797784195,67.73138586838904,101.94276247894673,-89.72313026118655,1.0
4259,-37.36311299388556,-7.828104277560005,53.45272196438248,97.55457105504816,-183.2828371001145,61.18466623816227,102.19620438206336,-87.55555511532037,1.0
4260,-79.67920078844465,-93.67034061641256,131.91750515016776,7.050282213104497,-184.68945888229467,59.21779123788892,108.30394762618224,-89.05659087989977,1.0
4261,-90.33761154605244,-75.3594620093861,-43.646184246284584,54.643254022639745,-188.70859922801526,56.41224508960356,103.59976459264993,-83.56173054887925,1.0
4262,-89.98836664356958,-7.458881981903054,8.54490938190819,31.07549826361079,-188.82727318172593,42.48182645908945,107.8930616626911,-79.5116198972454,1.0
4263,6.069406353079238,-41.56003333135594,23.31442946773579,79.93293225782745,-189.0816423768172,54.52471361568864,104.12310381624478,-83.13626284265297,1.0
4264,-175.82891521522336,-22.255431036945208,176.30306092960762,48.25581156359633,-190.76260966158358,37.082104557240754,106.23214992166022,-70.52629622575286,1.0
4265,-21.139511098639545,-80.21092988617116,11.765655476715454,-56.838976829154696,-183.24911032265976,65.92632525866537,101.28036789654931,-92.71541449149913,1.0
4266,-100.18404284372815,-85.11899518680335,-90.73791298205019,123.34209475584981,-193.37738912598695,45.53039116893184,108.1525944848814,-79.11317494169367,1.0
4267,-13.331332040664753,-13.866145738496988,-25.057609974112104,10.789073365480334,-188.73379053884668,63.042659538609804,103.8697462823702,-83.57018376378603,1.0
4268,-100.60276517098576,-18.951781219877788,68.60988298314467,-7.240694757707478,-190.91533211058038,44.356322320492,105.16028596937453,-74.22539055781672,1.0
4269,22.146317851758322,12.761914408210483,-27.379925052555016,18.165704336219193,-186.84993831854672,58.698078006455084,99.40675749706813,-86.38184651687762,1.0
4270,-88.04727207665309,53.3508158235218,16.7311993305387,28.461332594113582,-186.68979624252012,58.22704799285036,104.29635821256146,-84.06655780827195,1.0
4271,-15.770538643982393,29.903897552742553,4.227883884894135,15.295902210391473,-189.29830807930531,62.753280774767894,102.23411227801775,-79.58338610940746,1.0
4272,-60.28345337092655,-108.39123482775244,-58.07160591803101,61.360935983373466,-184.1541150053355,72.03171528791441,99.29149166406017,-86.46841181440709,1.0
4273,1.7762904398367585,-7.873540002232515,-56.444364110430975,48.37661687203545,-184.20493835710235,63.07311980872225,104.80094217463065,-84.08501159124502,1.0
4274,-38.266715523964166,-31.612481664387666,-20.17566399554643,21.884732601237847,-183.75460932379852,67.0519482651074,98.6157777329813,-82.5956121490966,1.0
4275,15.298256437219315,-52.29053565626833,12.688536228801125,-98.14715755364126,-187.9184061291883,46.31648849863139,105.72853544060973,-80.53941581022214,1.0
4276,-45.25615477637033,-131.97577428499133,-58.922299838367366,16.33848919529077,-190.219610364887,34.8814447228619,105.26694591375659,-70.44372497506798,1.0
4277,-23.354250001292368,-62.172365937728614,17.26092888324573,-9.04974473680588,-175.064306475541,80.32453560288735,95.20673082388717,-99.93210609142747,1.0
4278,47.55633037950777,-58.45821969822141,-33.53035667389819,58.77704625759053,-192.0987930652207,34.94516940836483,102.94843749039683,-68.99834282674223,1.0
4279,-56.42705576775098,-39.603460202395276,-153.40789366133436,149.7953765565881,-183.49189990844786,71.92684694612059,100.73841542554091,-92.49457915266697,1.0
4280,85.69146217951695,-111.15314383911085,-96.86303486340692,52.89647891183367,-182.51140264204764,64.13289836342877,102.17080441600594,-85.56911178398921,1.0
4281,21.068633329129838,-16.185099877968927,0.7798863925252697,49.485164279802596,-179.0822144904006,79.29141180852389,92.17711586009649,-89.00395355933897,1.0
4282,17.710395750700414,71.32470229663713,-50.116813800816104,85.16685652200209,-176.91075177620513,84.41351968812042,97.45207533442179,-98.29843977630796,1.0
4283,-64.92023431522642,-74.89244892594846,-86.1239994423418,106.96706729192425,-182.1523437018122,72.52834980016702,102.4315776599609,-92.06682085832004,1.0
4284,-15.690038886640965,66.3808269780647,-73.00656184777631,110.93447284645835,-184.56303400584997,57.67733093955916,107.57984217431883,-84.98329521315353,1.0
4285,16.431998671440475,-28.289347508782463,83.06976883737123,-20.858543008727963,-194.68066854414303,37.87493802896525,107.02729662283028,-76.38653833991908,1.0
4286,-1.8172940942214,-131.63906950104604,91.5663704731063,51.83930831620616,-194.19404133836946,41.39377641254099,105.96845439531648,-72.48481844733772,1.0
4287,-50.46843671451799,41.4168684023474,1.5219791393899063,9.058763448413288,-184.86965657633465,54.66101492878869,101.37138343306964,-81.07320098012943,1.0
4288,-89.72795518271141,-0.9610504847991697,109.02219953040515,20.078727191573908,-190.1368610370662,36.11595783544175,106.54951108779579,-76.82286115273166,1.0
4289,73.14832480665761,-112.9037939875173,-10.151914560854141,13.831803058456217,-185.48238786974386,58.69129350194935,100.2277014781821,-79.80499493022853,1.0
4290,-80.66526996808044,116.74194277406006,61.83005347247996,69.18622074007274,-181.18210425672322,70.4732167577206,100.70702463365073,-92.18145471844541,1.0
4291,-24.231755198250326,61.505376091807406,30.368154086342603,21.57290037904401,-188.45575507668008,42.21656729047389,103.17605007192427,-73.04443977143863,1.0
4292,-73.89178805031271,-140.57577875618884,-43.68679876253787,24.9288310215423,-194.61001424274895,39.557008165459536,104.97725851428109,-69.88457510938063,1.0
4293,-28.647221924835662,-112.47311277933909,70.8422445986902,-28.81660213180506,-188.58023255828675,61.54119257885975,100.58132409046318,-82.68799121839618,1.0
4294,-189.8246712010382,-98.09017914758635,308.9381420997634,-36.56452477202142,-183.82280725494502,61.87120630962171,100.35967589217995,-85.53214576297393,1.0
4295,-62.96086797818994,-123.84750751110674,4.980546771818773,-25.458339062431357,-180.96853013272445,71.60518639107792,99.54622157099854,-90.44160374701437,1.0
4296,91.04408965690736,-113.93823411715502,-87.19778275720051,62.41145819902448,-187.62755416516066,51.47158902963867,103.05891272361198,-82.77204360110034,1.0
4297,-82.01752031198066,119.46653759616093,29.454849584921433,45.08601829411456,-181.5359300897361,74.87569970454975,100.90506633672601,-87.89378311604078,1.0
4298,-5.434370272774903,-81.49465366006422,-31.373598436698448,-21.56247080096526,-185.72418675694243,63.54357868419338,98.22248368305875,-82.82755018650656,1.0
4299,-32.604961978561164,180.38928914144964,-63.05282084095873,-39.83983043606101,-196.61373651937126,30.573278293834154,105.62014873475536,-69.1716946278047,1.0
4300,-6.908669037201537,-27.528574479838408,29.67196011442207,-31.390621674584594,-182.79180153230922,70.10588571993611,98.45451783160182,-85.35785394536167,1.0
4301,-25.169431117581908,-80.10325079457867,74.14824183492368,38.117604084310535,-179.23837069295192,83.88676821391084,94.37273294301562,-92.14984530792799,1.0
4302,-30.96230169310069,-113.20322269168179,-120.24337448108078,137.95727881325556,-189.8768561238233,41.12332094969279,103.4330177690577,-70.72630099836252,1.0
4303,-68.76300792968631,-61.077004776417944,91.86212392269037,101.53265530545835,-184.79461865326746,64.70973230353813,101.60548379491763,-83.39416713437657,1.0
4304,-50.51585336848204,31.373987508832148,-30.56646272978104,91.35095141058899,-181.40024612455093,68.26177410888226,101.09890388422221,-86.28574308964882,1.0
4305,-12.141661251228141,79.24859684765593,43.59877797861101,-38.797162784175896,-188.16783270562874,55.97541775283159,103.91453899592534,-85.40338043320304,1.0
4306,-101.5904844404441,-148.1420185988091,-158.30839435616198,161.7961887853093,-178.80569137053254,76.13875714813577,96.11432416306471,-94.1442906012597,1.0
4307,-96.09877668249722,32.49427443237113,45.07040631104171,71.99451629762983,-184.19214991705738,63.585061908096776,100.02255811082792,-91.07682591443785,1.0
4308,-133.0676007659244,-39.09370378272213,193.1239741507077,16.371421418033798,-190.72399066174685,47.9823569557563,102.54064103007768,-74.67384982332808,1.0
4309,7.750547162722188,57.75018109919938,23.468036812392988,-39.25439860472726,-191.9043954903419,49.431103956988565,107.60463327643394,-78.16533724008465,1.0
4310,-11.414720327309402,-51.008125606029566,10.912699231950846,11.739299814823777,-184.01084325998355,71.11948252203794,100.23333023193936,-89.89645971048978,1.0
4311,-20.843170792164038,-2.711647888306473,-67.10633020786875,86.03399506519185,-180.4664481830319,74.50738564336879,100.2111116993529,-94.19492334005446,1.0
4312,-60.265290754711046,-29.299133368513065,-35.80051615401632,57.482892271242335,-173.31887455045307,88.74705362397083,100.075694758877,-102.9447830320631,1.0
4313,22.149808359744505,-45.53303187873696,-29.993368691408996,51.72330035341288,-188.25380186927234,68.87741018961938,101.89321600328938,-86.02486302393966,1.0
4314,-44.53845344439248,-38.68572015691976,-57.87060916906084,66.11367417377699,-185.26957877799316,49.97536591167648,100.14408943383127,-77.53517453802151,1.0
4315,66.8988343546337,-117.26574919601775,-49.28677433537387,27.70780607809793,-179.37256173371654,67.89990019252257,96.33299334909852,-84.11827821511969,1.0
4316,-3.654357559225657,-6.887960166075214,4.740069733916047,-2.9646027210945283,-189.768465105347,50.26688197016101,101.58925792995464,-80.75123692246899,1.0
4317,-43.95197134555561,22.473641345455043,10.160943711679721,-13.718749703006615,-187.37947533503944,49.83631715239322,107.06283885007996,-78.50086725177549,1.0
4318,-26.188043392912707,-45.51605660665251,-172.13164423293932,191.84238781422783,-185.36902828785202,58.474159768574985,107.05050212012733,-89.37541573353755,1.0
4319,-70.80717988435612,-64.32595290904356,-12.998414156365762,22.284732820556766,-180.62497646182277,65.59923333310377,98.67288456893671,-90.69647026468009,1.0
4320,-98.32303313567039,102.82200570920625,105.97806801741937,20.041336652492948,-190.63605158100734,60.818686790537484,102.41556696739357,-84.14966265939552,1.0
4321,-82.17820852553872,67.41219547319206,71.80501148119296,65.13981966801808,-187.407917301776,59.47566330923862,104.05360151768538,-89.1781663926023,1.0
4322,-83.28210292066971,-148.958476468037,-87.05755284474373,94.77869002733884,-178.89825805917383,85.12625831141457,96.37238432320439,-97.53913072723324,1.0
4323,-15.817820366102477,-132.7698787061228,-88.88137034820444,79.77108917234823,-191.01189442722202,36.34624148040067,108.41718787904128,-75.11156132452028,1.0
4324,-1.4291400242977814,-58.091239415855476,16.486046422573583,60.06408888191337,-189.90251613998723,61.60139433054597,101.32088839447805,-84.67846059320877,1.0
4325,-18.057704825150882,-39.38637818337566,-54.99593501602299,52.87397801161744,-184.27071174432336,55.772884310459524,101.95170027295177,-84.39301904350549,1.0
4326,-132.1617295212341,114.35612994130169,46.02314261532835,25.096211265017764,-183.7520783594241,62.736697583378536,102.3247827430623,-83.83436791872148,1.0
4327,-76.95141555506422,-130.20694427623565,135.63177302906692,65.03557363802541,-188.29248837798522,41.924723168066386,102.78769185929501,-73.86005457725895,1.0
4328,-109.19421573576172,48.28737650156838,118.20728900797941,78.34976880261821,-186.6397577029746,58.83236252632659,105.73161659899024,-87.78290841499648,1.0
4329,-71.98586129359738,55.74245271170788,5.773533044631391,-8.15095279767034,-189.32707707590612,59.79557789974107,103.06358431049561,-80.88479409693554,1.0
4330,21.513279862880896,-103.51506675998819,-43.91229752217679,92.90556930118808,-180.57470107397404,71.27709188541424,99.64514585121653,-89.02309190655703,1.0
4331,-27.455693207288554,-74.67251702838631,8.059198731343182,-36.63685006251879,-176.9394625294558,87.16680081852121,96.81497999912068,-99.91396073370339,1.0
4332,-119.42224129380654,14.704762897685143,135.5151459098414,0.2546890888797726,-185.83256223283,73.68478087753027,104.13657115689244,-94.9856435669884,1.0
4333,-59.82266997824698,8.909859995996777,-10.366715394692767,-13.908176475342637,-187.6863124231597,59.62650070794451,106.86991793254114,-85.39564327657378,1.0
4334,-60.17426184237738,-100.69830835869413,-63.296259888731434,64.01418033288545,-184.97362057906696,67.21936176703755,102.80184264953152,-91.31116130590195,1.0
4335,-99.01373822195202,-141.1947193395977,-137.88852586500494,118.38253025958305,-195.8032295773589,29.042579741033567,107.06196420290813,-64.51283730798633,1.0
4336,-41.124730054866085,-8.46979449644143,-34.50184281067595,97.03086614763407,-193.17178696668103,32.86108456008323,104.32578639853755,-64.41319994320635,1.0
4337,-44.70875271800019,39.09436724897708,-13.74144178428226,63.44937426407802,-183.91696617275215,55.06775381337247,100.56229827927073,-82.07540173101317,1.0
4338,-71.54512878012982,-50.142563669147265,-111.85942953077569,147.0978348252744,-177.66793099851927,74.31332944261396,98.06967984506215,-92.10184576875426,1.0
4339,-103.76310655426171,-53.942349588863216,-78.81551931495453,58.121012610224064,-190.76800083532095,48.561004817534666,104.99878593552317,-77.4337834715524,1.0
4340,-23.55097178655774,-64.18129998760394,78.9258610554435,66.09489085896064,-192.02897763598486,40.24441587843528,102.5652628082932,-73.69543065363553,1.0
4341,-95.48530248820761,6.482452276243644,104.42399876602096,50.55532463508299,-188.97958904252516,60.23589636669808,101.66342700023799,-84.16758282092917,1.0
4342,-97.29640567331343,-109.94651203543341,-65.81908495551238,30.28730026761052,-180.06815934851207,65.68963153005342,99.00742019760496,-87.80694397947639,1.0
4343,20.163212843351673,-31.256634326166722,64.3000847853225,32.562314773391506,-181.0411277396735,78.30823830208334,93.94431570982441,-93.6657023274014,1.0
4344,15.56085270577723,-17.73248323629946,18.359465738688886,2.7303017775928637,-179.5943401545769,84.60113407404837,97.60066804883456,-103.57289974071038,1.0
4345,-57.45768218844424,-9.862577851462001,54.37469627100254,62.63258147715587,-184.7176015365867,55.39236912408936,104.39515230839663,-79.34916375940618,1.0
4346,-63.68251024181377,-101.11649694332665,135.92100625633913,31.703698907567958,-196.1479076438526,41.7126252581556,108.47288616940482,-72.68839269553857,1.0
4347,-157.84978828193007,103.87422360868841,130.1097838948068,-0.9702816812937665,-176.76400999398814,91.65398700049306,97.977464497934,-102.78808846768123,1.0
4348,66.7690677898126,18.11188822180695,-72.53244959218281,35.5331153467173,-188.8148434676086,54.702572420059646,105.66131415056367,-84.7501722881586,1.0
4349,-36.639311361765955,-94.42971881372713,-83.23605964119778,98.1931538997467,-181.0429339942289,64.03765116395762,95.96273537792088,-86.25403598145503,1.0
4350,-31.395888806698423,-119.89214277213651,-54.36242049841427,90.67467079180217,-186.34424336410723,61.56941986425512,99.52832462313187,-87.3767506084972,1.0
4351,-80.18094240130775,-25.71062765143767,-49.8931390929139,46.513650519389806,-183.89231986040605,59.30811277318035,95.21051092843433,-82.74714711420063,1.0
4352,-49.462837896287176,2.0838396485805544,19.391182340422578,36.12702754395352,-192.71981987650366,36.85721681564752,102.87882822961272,-72.07109637797471,1.0
4353,-90.87914375667893,-10.963989926312756,101.70354744362562,30.169731929905762,-187.5651425297124,60.84447052278865,105.32759684388489,-92.57894081491644,1.0
4354,-167.53033782790388,30.0674647873006,147.19603499839266,80.78847865078357,-192.6551375615826,46.41419143919556,104.00635632304989,-75.63837738208385,1.0
4355,-111.17403516714543,-62.082188917821114,178.3571247162385,-0.814392127318514,-188.09334817082495,55.1248879895266,103.68155054152038,-84.31741906074453,1.0
4356,-105.35544203561959,-133.82712200936822,-142.51280067129738,157.61844138053155,-195.78700036091698,41.08782867921621,102.49421937159605,-75.68598398589195,1.0
4357,-46.979718573401826,-29.35238714601992,12.289520850403967,-36.35870752800432,-184.64841992195338,59.78222460715413,103.33048668605669,-82.48273498100657,1.0
4358,-43.77543856915174,-87.78702691664671,64.06254497950827,43.70247744941413,-186.69248753263844,63.28894499029495,99.56171997839063,-84.3841864152393,1.0
4359,-15.09140938841621,-48.09349953063097,-5.378127419839757,-4.277330591614836,-191.92060224844388,50.89263149077439,109.06558016184059,-76.99015104912918,1.0
4360,1.5447153122414403,-145.55365862491234,40.63579761262793,17.735522870567927,-188.4960930059771,39.876287733410166,99.2857256515039,-72.78891701996712,1.0
4361,-32.418073721574395,-1.973140974168841,-57.368721990092716,43.00922585498552,-189.76895145086405,51.74195869595652,105.41994514626258,-75.16773617842222,1.0
4362,-1.7789598440385634,-170.237834901566,20.837325036494857,43.25188228876544,-183.79858287084127,74.41571634383938,97.30582921789212,-93.8595783138793,1.0
4363,-12.817790172157173,-11.737106600469449,-24.74296568447099,38.32292575773826,-181.290875218868,80.15326818835089,99.25687703162967,-99.06763662825162,1.0
4364,-52.633377193622856,-61.25672257458903,25.726551657188946,-51.68179921103445,-188.23302003764385,63.824329308066744,101.0529542215851,-85.5054106907753,1.0
4365,-58.62773064396182,-157.77784613376835,-87.62307583592805,116.78325124188417,-186.15595383809816,54.516285871076896,100.39787212560415,-83.32182920817021,1.0
4366,-38.67034915528539,0.10739230187404858,11.501935714663547,19.897299541809492,-181.5214457223198,73.08159550820483,101.02249940913485,-95.51316188203688,1.0
4367,-39.925641425027095,11.678240976154813,-8.090632706099582,20.147394770018952,-184.6354373308765,58.9727585990856,107.57656733999393,-87.02867267206722,1.0
4368,-66.725267994281,15.495825043172996,-6.237158865563636,9.583361082500469,-189.23285490056057,52.71019004341805,103.48018617593078,-82.14360040142533,1.0
4369,-29.16506299889049,-79.79187946203726,-68.23521981310006,68.2540833719913,-180.02980806933775,70.66430968471943,96.62440483041541,-88.31693692962041,1.0
4370,-145.30163005286184,29.0409191712272,147.16539867040464,-6.059332523496774,-174.96411597742238,94.16689096013545,96.69121484729706,-103.77504612021107,1.0
4371,-15.64547231540753,-186.34360621600203,10.318299780208696,88.78070496562181,-179.19013538869652,86.28290197013874,98.3252763862858,-99.81314742861892,1.0
4372,-126.1807632874785,113.2077500461532,85.66242582748393,42.10735623331046,-182.79779545974495,70.66251701068026,97.08737894675653,-88.40549171700737,1.0
4373,-127.1587477994243,-31.63034027431597,141.40579652333054,7.736569523025705,-187.4798972159596,59.63048482895851,102.05839198948408,-86.64230703205541,1.0
4374,118.29152842872799,-81.62643597010535,-144.01892780336834,92.85541539675138,-188.51266538004018,52.3347265154678,101.41385586230209,-80.69232655217685,1.0
4375,-14.519855729090459,-0.029702582477381112,-2.7614744259380597,78.71576183803657,-186.35477776563218,74.2807618292479,102.01396279036194,-87.28179828908009,1.0
4376,-29.58253605857164,-27.663486303010338,-75.83789696519399,73.71524028354118,-188.32368682589748,64.15586297574285,99.45470162249512,-81.66734742091676,1.0
4377,-66.27310159386187,-35.64420199704293,88.00391471355233,56.704792964128714,-183.87059786781708,69.22060039876166,102.23878092025795,-91.64631305710645,1.0
4378,46.75358050119064,-71.84605846612118,-84.53674724789919,35.22010160035442,-190.309334574509,52.30494777162774,104.74284167066028,-84.26633547583111,1.0
4379,21.314755851230228,4.764094247918171,8.681780390226956,-34.66224353868872,-178.55679802316206,72.34164570205762,96.60193388999119,-91.15709649507063,1.0
4380,-62.09619635829166,-120.4773678808271,-94.73302985021346,42.14851326682459,-187.30197455737616,50.34100898393084,106.08930910463279,-87.53807138202477,1.0
4381,-6.766897316925624,-1.7474751111363762,-49.96608626542376,66.41501998075684,-195.4223066744175,43.39933433837464,108.17923289800756,-77.09499032970342,1.0
4382,-25.55824202000364,-81.47353549781971,-84.28271189516099,76.207588885304,-191.29275942843998,50.20714735987104,99.71809617820286,-76.93365260504156,1.0
4383,-117.6817176522427,67.17228123665011,63.86835082340239,49.7722011710853,-183.08260864492377,51.73035202907873,105.01385314535989,-82.40666332934224,1.0
4384,-48.04735738681837,29.823073380670138,-29.351873596088474,47.56569215742934,-183.38852366726084,65.68131132893926,100.50377532331032,-87.80263871243085,1.0
4385,-4.3790219961392545,-178.10738421303952,74.33618246198641,0.15349504046469065,-193.56356547014718,49.76075337237687,100.79729945461905,-72.48004403896653,1.0
4386,-99.10826910794161,0.5371596448128402,73.91889466045969,41.19132661817089,-184.78625957517386,73.3313178498251,100.29049981217018,-92.52080026450135,1.0
4387,-32.5089632644507,38.913863234582756,-13.349675734095069,29.681699852435035,-182.4193212368901,76.99368803377774,105.2738204314145,-92.27973058460351,1.0
4388,-131.56879521888243,-155.9426228703542,-119.19173732464077,138.1509827540781,-195.60299460140618,32.705589103300746,108.38289630673188,-75.23202295618644,1.0
4389,-2.5687543030737503,-13.272075637003248,7.039715557069826,-0.7500222835004233,-176.51873879009435,84.6059974952968,99.24071389171067,-101.17567102157207,1.0
4390,1.0632181611909375,86.44310553598469,21.71034928409118,-7.130082575956543,-179.23221704764737,68.35491601842004,99.08792080430798,-88.34144793233267,1.0
4391,-22.770559816921573,19.672183292835875,-0.34364956003942737,9.507368551635725,-186.199178230726,53.48246139274665,104.9793744665681,-86.43656380035398,1.0
4392,35.74266808638784,-214.16598528153625,26.376605341555624,77.19698033497886,-181.20823646428133,74.86867207551525,97.94842773629445,-87.17282071151678,1.0
4393,44.0203685225589,-61.99337822556635,-55.39105168795471,31.013663493197996,-185.99921602401338,71.45419064801914,101.03931229598987,-88.19259932516722,1.0
4394,-20.284748886282745,-170.79821858414027,37.43357726866029,97.89993713177707,-184.34675092090382,57.561020699135305,99.93370337949335,-81.87886285195306,1.0
4395,-64.60175093384333,33.113374463472645,-1.8676743956439812,101.83022983781159,-186.08162163267426,54.681540253820565,96.42693756014798,-79.62676110167814,1.0
4396,0.1573609736470749,21.440992805309733,14.293102926161405,-30.005160961695744,-177.65144758518852,83.22508777099208,101.18248092891781,-99.66507916894072,1.0
4397,-42.9214393013695,-35.11094528717591,-15.650764960135449,16.243099313311124,-188.76020726397974,57.8453631915551,100.54984411894714,-79.21896825664254,1.0
4398,-62.53108314718572,-91.13519793498735,7.797412030123701,49.51952288336134,-181.3537522687099,74.80446878027595,99.41404717152307,-91.56578069137983,1.0
4399,-59.20263674927887,-31.287097484329767,41.9207346479245,-89.50678865369535,-186.6640314133553,59.03427198358496,104.48769150457382,-82.12089703092879,1.0
4400,-45.29467053877182,10.736919840486264,67.9838405959969,41.115015830669336,-186.5200152906811,69.01450498187413,99.31245861903123,-91.1299809852853,1.0
4401,-55.05630484074862,-19.843748021316415,61.91261740256415,87.81204092806925,-183.81714385144346,69.54641746761146,99.08058373677103,-86.43333649332277,1.0
4402,2.9105849560523698,-76.1178244443055,43.06070189952798,36.02006449457232,-187.2807930274561,53.404940425224794,104.61966763352476,-81.07643622084721,1.0
4403,7.726497794554177,-19.25011424551786,-22.121360984007424,2.81655257011853,-183.08674929815618,72.55318054135977,98.43772731200204,-88.8092019966264,1.0
4404,-20.194999326692724,-3.1622448797543834,6.588579302661684,18.85533250089275,-184.6192273283147,55.65619735523701,101.96117156255917,-81.93857772888452,1.0
4405,-63.92710848828082,-59.349397679427085,93.78650785213564,-10.92942573485794,-187.04558406148263,64.34535655195178,102.092085342305,-90.24204321113429,1.0
4406,-88.04377647216748,-45.35451029028646,-30.527401521363874,32.696683594869405,-183.4694746727961,78.2146018030183,99.57502273604742,-91.2696028535172,1.0
4407,-54.84647264786927,-116.3469282971541,77.22229608520388,83.82241074861989,-182.9171817863326,58.98686535466959,100.48463164257343,-84.9443222820274,1.0
4408,-76.95087329462207,-118.24951966155805,95.69069499675365,15.853086840049702,-186.18189548594356,44.00627514587518,101.16323068661684,-78.13536332927302,1.0
4409,2.608178969776531,-0.4011130097744342,-68.44024040575346,93.47864996282196,-183.77374554424125,67.46052767296545,100.45540937973739,-85.4184785159316,1.0
4410,2.1160703935767797,67.22263475450316,14.95675073975794,9.481166933960372,-187.43856527409054,69.6709134533468,101.78021482874205,-89.69223341503313,1.0
4411,-115.62889847902005,-3.577038329327636,86.99793817043873,-4.450042731945819,-184.76650070984033,79.0922903959524,99.8251443004644,-93.12777205467201,1.0
4412,-32.64901410349657,-24.050585996034446,-95.49186292105726,130.99019775540071,-187.58974642826442,60.779564420555324,99.78669056410796,-84.64541202809716,1.0
4413,-55.875911560677416,35.23948282902343,51.49820119885078,7.434421859575208,-186.01816325713193,54.84786280014294,101.92232452168372,-78.56468910238546,1.0
4414,-80.74861836499302,-57.63822873512746,115.17405825639746,73.3396334988139,-184.02254646387541,56.30857114765936,101.72473391034818,-86.4380526841627,1.0
4415,-42.00622509028802,-16.160552331124595,18.132802521888333,-14.949068438213885,-185.24419198912292,61.18119308943733,99.49229110267822,-85.19090999198767,1.0
4416,-10.922725026757718,-159.77994158372329,90.30263132410738,23.338248592485638,-181.14583362639573,84.73123042135431,101.25111915517259,-97.56185753356087,1.0
4417,63.7575575721812,-0.20052232558552263,-60.59802408516105,42.20155334820525,-191.68027548168544,45.32554610809002,104.27811330963964,-83.03711135064756,1.0
4418,-67.1556939105411,-137.3865474636311,-98.3026498884315,100.87437736744631,-185.80050775593412,73.50642713900956,101.95450113050602,-87.58165277436716,1.0
4419,-78.39190637388336,-20.13956950912059,101.69239950742165,12.055325844892135,-182.1750287860365,60.10085319132062,99.75429010364265,-80.72723412506923,1.0
4420,-161.21659628175988,92.16448781008259,219.4539850819086,71.22750523887585,-187.65334777011552,69.43963831218011,103.58633375622163,-89.3238769405523,1.0
4421,-68.18364505196776,-48.79460614079994,-17.883691750452076,25.076806634502802,-188.78285812150204,41.57828911204502,104.834794436011,-73.82302572036598,1.0
4422,-34.632003850806285,12.193331050847512,60.777996980655715,-53.537223880832265,-183.4959858761283,64.91826023311968,97.84569723358254,-84.90096276874856,1.0
4423,-112.14118795570238,42.9852195726677,152.80865104110998,4.192339034015335,-194.62165001701717,49.616515660377125,104.40161367267223,-80.43080532220674,1.0
4424,-29.00039931018121,-16.333662363747987,-2.4112636746590974,-21.521624828792397,-191.84305753111627,58.45048381488061,105.04893614592898,-82.66075018279732,1.0
4425,-4.613236428302408,-17.61996400513336,-34.58200037454358,37.03010897477519,-179.62112321339563,79.02395574980156,98.88698311341209,-95.49362292084648,1.0
4426,43.15136097092033,-46.468810104061895,115.27430010925484,-97.44851468171109,-178.18155299457226,66.25410326162809,102.73469415863995,-91.04703135224509,1.0
4427,-94.29412054901213,-32.791048414513746,195.54970943504836,0.21093663232251703,-182.43620596253203,59.624782832761035,100.7283605873683,-85.1642465128258,1.0
4428,15.307974345348418,-41.43121445934753,-73.86298930014222,75.99422005680469,-182.50464975479383,64.31290567481773,102.83586845336022,-88.34211702968236,1.0
4429,22.02356857023694,-65.3790828901317,12.856831157763676,92.26396888698804,-188.21120954632735,50.10687165614262,103.10674014225363,-76.18371361878046,1.0
4430,-22.40578764757453,-52.77762933772225,-44.697574900703444,47.68219193967818,-182.92112205344563,67.73347690940469,104.79840345376633,-93.12102674473456,1.0
4431,-36.73449432188994,-103.51553114850253,-76.34101460799143,76.54592152586655,-183.90935130104108,54.21690142532616,102.22936419757416,-82.48946281570358,1.0
4432,35.49374846327874,-13.3058575079579,-11.877614141897268,7.882365844234284,-188.3641592491246,56.39699255564295,105.20765101427237,-80.82818316809865,1.0
4433,1.2337268254441258,52.06886794387648,-0.14191654368858608,15.096112653400098,-185.448241729971,89.45266310802893,98.11118073756326,-97.02706271871472,1.0
4434,-22.89257698482454,9.66951402975022,19.84036086024904,-25.865925234105546,-191.56287889987047,42.371776252589,102.34773253983732,-74.96174035253269,1.0
4435,-179.4044657615465,-24.075981269122952,182.06692638672132,-2.2612112402682962,-189.06530580691455,46.1722019064221,106.02889969166655,-76.76076840048935,1.0
4436,-107.3700633440676,-13.63287621715006,87.05990240641655,51.151646358743896,-190.64705102748042,50.72911211176592,99.84271092948006,-72.30861318104164,1.0
4437,-110.07357382477569,73.36125395556572,55.180161482680745,64.21959753248849,-189.52583770423118,60.39415953993817,104.01705358889292,-81.91832126716308,1.0
4438,-19.764017651900954,-57.703554650887924,-20.80595666545202,-1.3518229241892998,-171.2007978324257,93.28314806713766,93.35080865171325,-107.10502291900664,1.0
4439,20.54737984680567,-83.7141820062385,-79.74717614512758,31.817040717876143,-180.2182987661921,70.92938554997149,102.63126034851513,-93.61627148858385,1.0
4440,-97.10737308767166,-33.35385734411383,96.6672712354606,31.521314820314352,-187.89332546752144,48.96902907478509,106.71035984516635,-78.78519338686465,1.0
4441,-53.24771749281321,-80.43503495425351,-106.22738322253409,127.64812110928068,-182.57854133342505,60.06102370165493,98.99091553696199,-86.69528988931388,1.0
4442,-60.996412947399136,-44.14465738826075,99.06155935704817,-19.743089180174444,-187.41863174160082,57.9690582417933,103.45206635081972,-83.7753411096228,1.0
4443,23.68659394724606,-6.740679220965667,-14.989653343372943,29.895636268796377,-182.5554547838342,61.903167601125645,103.97256343971223,-88.21050355623827,1.0
4444,-9.426407340984422,5.0014512554680035,66.14224568763561,-87.35272349446237,-180.811062583439,65.53385732059459,98.52815459691172,-86.65772327311025,1.0
4445,6.15999614519962,-177.73993899431292,58.22432779317451,15.215029652186699,-179.36834687597334,78.19946093086989,96.39241875271848,-93.88878230199508,1.0
4446,40.54779439792344,-33.5723729279969,-52.22922706291826,-9.260469385119563,-188.06947753938437,55.24123748849311,104.38055176320577,-79.67222316677716,1.0
4447,-75.04762114421659,92.64628213493805,49.27654285223603,16.504831389908166,-179.00000539913074,64.04725146756286,102.65536162100223,-91.95232479009306,1.0
4448,26.045978174787553,50.55237861085069,-33.63894466262538,50.094710792587136,-188.9249687969821,57.347786490426984,99.11034448852376,-81.52334640506227,1.0
4449,-73.52160178676131,-71.03836412536076,-61.04383849218025,59.361990062055995,-192.54378281483105,53.26242550954069,96.06827969031346,-71.97460503560758,1.0
4450,-62.26451328805612,-15.259555124793787,-33.59249665780818,56.46813728675353,-191.5388525164622,55.88857639990396,108.1995879337331,-80.51887413704445,1.0
4451,-15.341081311552438,17.883974767485867,-2.743839586883945,18.033760875160663,-184.7649826924089,46.31669228091255,101.21984853240477,-81.01937402969104,1.0
4452,-52.914637811328156,-212.296780844498,84.23015242908065,39.627777462487465,-183.73347373013652,75.43350039558233,101.73330768773599,-92.64915672232887,1.0
4453,-4.156400650094183,-106.14070950923362,-78.17447044739365,84.98196667616563,-183.79630923191104,65.78204787992385,96.84998910317381,-86.57902994081577,1.0
4454,-133.50625110769428,12.454239406430412,124.483375197187,44.26084371362815,-191.61886188746504,37.24788209389043,110.53998580104584,-75.9590775305188,1.0
4455,-3.437630070340231,-84.28499338700578,-6.787068581827738,-56.127169138765744,-187.14883466613549,58.561870697870596,104.93274409480013,-83.67385816853464,1.0
4456,-38.727087509463345,-55.436928402014296,-30.446126229845593,25.343774579086297,-191.17498510138643,47.42770626574547,101.14440921532814,-76.32467853680595,1.0
4457,-2.6301224799333944,36.32749283343142,-18.153071105281793,34.45317274365663,-190.12203476179292,49.90065215402619,99.82012254396166,-76.68263402238452,1.0
4458,-60.50217057816808,85.11756518438382,25.389794480210277,73.37666503188338,-184.55376303380237,60.725803086284415,102.46951427832379,-87.15331175374783,1.0
4459,-31.605097272315767,135.83430479366217,39.98727305517921,56.01799657259219,-179.3336518148233,68.51359442251487,96.85767007824968,-91.09149848996464,1.0
4460,4.813445315676379,202.25718748353393,-67.49599128755548,-40.746050922954716,-189.13951529024888,52.602991377266676,102.49368066308962,-79.20022788864152,1.0
4461,-126.52074491635874,-10.975012815582991,85.44194389551856,-111.4537391747876,-185.6357556561525,64.5938703993412,102.21675107726303,-91.33259073349099,1.0
4462,22.63089340476797,-11.57692643465138,50.64956892844452,-69.6993820152029,-186.21922323289104,56.73116334560706,99.06097439886094,-84.95941070684415,1.0
4463,-8.453006474726504,67.76231132868458,-44.30412219590202,59.357146805941404,-179.0708186065426,70.65906673998677,97.8803771714783,-94.41504413080784,1.0
4464,-32.34727016887712,-78.61957073463176,84.74695148071316,73.18498146491952,-185.27527393366884,71.14880151341987,101.99349122125395,-89.13988116168582,1.0
4465,-69.98694868597724,-50.30138836473084,58.65084306969328,-15.755823057197471,-186.66421003503993,73.49465948667248,100.89878958714843,-88.71909910113322,1.0
4466,-53.43401194964744,42.59793530677467,64.55064720985092,25.423544822460087,-186.15536411005448,36.62851429135286,104.4822182499397,-76.49690138578943,1.0
4467,-130.94093429361592,3.0004043393415003,149.0217548869199,57.49690654121997,-180.00619669041177,77.5978169934523,100.6296687718975,-97.55451743989653,1.0
4468,-57.22923838995504,-33.809149207100845,-64.63221135627401,69.25349457505574,-192.03676072013695,44.653920344788546,102.51812006948104,-72.62937475900759,1.0
4469,-137.0148675637137,50.08426157824507,123.55997604976503,8.127071610889324,-193.34634398218586,44.04529548295338,105.96252617735736,-77.74728201610016,1.0
4470,62.075546951189494,-158.13838156675848,-49.07085652856078,56.736454331028476,-190.04526397761313,51.50558466233704,102.36004258159379,-80.30506566760894,1.0
4471,-98.23532978691524,-26.912606843765456,4.210548793348079,3.112689856164091,-191.26237361714084,63.961270321113275,102.67549619964825,-84.3734243622254,1.0
4472,82.79999545286316,-195.6501205489808,-21.33057013260323,33.57070077219598,-184.11573966610314,64.05423145991881,101.71919245311724,-86.47425867609108,1.0
4473,-6.760900463637504,64.32497693754642,-78.83205227309824,-11.5137197931019,-188.95480898289864,46.00761635271688,100.5010692196003,-74.80835751080927,1.0
4474,-37.31966511754294,-12.464636239418692,-90.10340445755475,124.40796740905004,-191.81423456358158,55.625797414556914,107.41112341439873,-81.95417720828144,1.0
4475,-9.290572458756147,-6.2410091045951575,31.738434042441057,-49.249806929577154,-185.7427891401332,58.08601580364379,102.78390355989626,-81.3691663107579,1.0
4476,-60.00504108647241,-19.544444426190797,75.73913093576921,54.60226015421835,-181.81744691373038,74.4724910446278,99.93150026739241,-96.11837001735867,1.0
4477,-60.02051050363531,30.731248092221886,66.51811819743698,89.25920607069648,-178.9545739947483,69.2478464432582,101.36488369384185,-90.30408130007298,1.0
4478,-101.4194285099015,-23.355700727228086,118.22240427153199,18.043017086243406,-189.17525584788817,52.427637835169776,104.00537982357906,-78.5017732480834,1.0
4479,29.924571491116136,-30.56419296203338,-41.45099930438677,23.88140003869269,-186.84725580664713,49.84671090892395,102.72784077910953,-81.70216417623544,1.0
4480,-54.41871997802801,-54.4798920800585,-21.436375681553553,36.982115471994,-182.5556221583559,79.64367787364361,96.65407388390926,-87.88859339040553,1.0
4481,-53.958445883293926,44.22928652162226,38.509724149036515,63.41808835316542,-194.10630512216116,45.07836442531373,104.52330561076339,-73.77850889429111,1.0
4482,-124.51971991716005,14.06573264636004,98.61119651763826,17.402766525634668,-183.87160329693464,63.64284699721669,103.82815296618145,-88.13509224062892,1.0
4483,-2.091020427077522,-35.39864751672748,-25.462645144869583,33.28562283400341,-187.13868924185124,62.43706590022994,100.38058944034384,-81.61177339897434,1.0
4484,-12.393259919091298,17.74577041236872,7.607891579519244,-13.769954693946463,-179.38877892345516,73.81214408306846,101.49807550509962,-99.95690343487391,1.0
4485,-64.23943100963167,-88.7458798379785,-28.36783054682423,5.868054164757686,-173.72147475189496,98.48478080424613,94.27789699677022,-106.50170530249008,1.0
4486,46.17397693976806,8.018363245983217,23.671012498281087,-32.27647927252805,-191.4785629873668,38.00932375241557,104.99598908629032,-75.87477178735274,1.0
4487,-111.18263725712114,-4.857886580334164,103.70309327737198,70.09469774169986,-183.1804252969601,68.36901198166001,94.68672152995501,-87.36268624870692,1.0
4488,-84.92909799473031,-29.20794806510823,90.0931295085176,23.247962202062872,-181.13147207775773,64.45767417400225,103.52181348966818,-90.72536891965333,1.0
4489,-13.182600971433963,-136.53638337383293,35.32286678355302,39.056381812435845,-187.4136522338237,62.79758305065335,105.60648028709146,-87.16165044884885,1.0
4490,-21.357143776424575,-128.85189275269747,68.70322288686758,19.77702072662454,-182.3638635856687,62.80563056592963,100.42692168905475,-81.57075578396555,1.0
4491,15.837857484745832,-61.86991541719963,-24.33780374913483,-8.168907324430197,-182.35510316392467,49.39126874083448,103.5473224659392,-83.94669008538449,1.0
4492,-5.976717258685666,-42.835531524410065,-16.568762697317663,80.91315794496977,-191.01417306817828,37.54905282865799,108.37038203867596,-76.13557313690838,1.0
4493,-106.22798555160205,63.25080278036885,78.80379804177797,-11.070838148472518,-182.24697748538551,74.13051962739766,99.30085618039247,-94.98888669582577,1.0
4494,87.56113556883187,-23.66690788696828,115.58585066716218,-196.9309686035412,-192.3105294334172,48.19739534110559,105.61360527675627,-71.35492164883492,1.0
4495,-39.34736699340024,27.637243976844562,-46.535399781905916,62.81015703096744,-182.54375850833327,73.89463515898247,102.25480763891201,-90.45181368730064,1.0
4496,-61.10074344335974,-29.251908902931973,-65.90705680420845,89.5209421128234,-198.6071131407506,32.94661294617498,106.37966713506313,-63.37361055747496,1.0
4497,-16.22300935479513,-86.13427363576368,-27.49608731955911,11.130391667634838,-184.79511578635447,73.17989550928941,100.23720307017933,-87.66773876921914,1.0
4498,-14.234416023190139,-2.0043760551467282,29.90306410154012,-47.17173877853259,-183.0883135871775,53.839958701901814,102.57807547649043,-82.11431300135156,1.0
4499,-102.67669478998597,-59.32792544088026,-80.98607349419737,105.2327011572419,-185.17041509225413,59.55180515313777,104.80494712063559,-86.4498731592691,1.0
4500,-10.0970896813319,-145.0904166220614,44.32715843978497,8.138720259021987,-181.6291583379372,78.61720246991115,100.61849870421,-93.58024380064876,1.0
4501,173.56978384109541,-94.89906869523747,-139.92224087958996,72.39686233222406,-189.16252317801676,52.86723113974663,105.13949039639031,-81.82969291858691,1.0
4502,-57.999308451249746,-136.39475480354372,-96.24608133687154,105.00537193421336,-178.46628028701426,86.91884087282128,93.37358298383074,-97.44118133087723,1.0
4503,-157.97888095471822,-35.48354926689875,177.76209605226902,-24.465876999512204,-176.0536391650959,77.30039272319503,103.67275165295807,-97.514896468151,1.0
4504,-25.004204148815703,-55.55769189416456,4.6077526717272335,-3.9789744610006226,-180.422211055492,66.8099441208702,101.65620733382937,-91.44239925718277,1.0
4505,-14.67942411830038,4.286355408837217,-39.35438887880074,3.4060932136235067,-182.94710578584562,64.90619788101691,101.78866747424891,-91.85555962495621,1.0
4506,-121.64863144935497,-86.73699269900987,-51.842514045356246,53.280663526101435,-190.73486107605922,48.905561148257675,101.89819971975737,-75.59723573391248,1.0
4507,-179.74826380781354,12.347464100103512,177.49477780003338,1.1968823427635555,-177.12841665101914,70.44270882421753,100.32954975968532,-92.86432035367574,1.0
4508,-16.02252390051688,116.33745822351511,63.88050679585437,-67.89298832697348,-191.3404114548092,51.788416669586695,106.66403320381188,-80.05869077583917,1.0
4509,-42.55900511802841,-22.677078581086914,-92.45988025310855,72.20484664068552,-190.43809994645136,44.11582352344061,101.23335396404508,-75.00255353043441,1.0
4510,-20.826521980521473,-43.2114458922363,22.820084033767873,48.457695737006425,-188.6904884888935,50.13269749092703,101.84969574901126,-74.72602950116712,1.0
4511,-5.438373682016101,106.2735707718482,-42.543760812382715,18.391148755129947,-184.63898179465974,59.57818805371434,104.62247083181198,-83.97845850811103,1.0
4512,-50.533149028181555,47.27589887293836,74.43150879032375,46.6928361183478,-184.5752777813525,65.32640241791856,101.98837082426982,-86.5427964529589,1.0
4513,33.067267263644574,-134.86176563218336,-54.46856061129709,58.706272820953146,-182.31023150426898,69.6234219479899,99.46978119829109,-90.56871932926332,1.0
4514,-106.70701310281312,31.771307857207475,91.4106750886911,-5.2347738501661745,-188.72275406124223,51.32918209603302,105.25820769991024,-80.44946038309477,1.0
4515,32.17287390030557,33.73179406083816,20.344164561388066,-35.8707868527818,-188.9038126989338,53.47705762663553,101.31201822844422,-81.8627679010039,1.0
4516,-17.9040776917351,53.26414652359487,-54.504729780146334,87.07842895505618,-184.49747052852467,62.95721069332562,105.10812198571254,-90.12905990298837,1.0
4517,-41.69816406765827,-8.941031338029243,-26.964844149662216,57.31842478190777,-185.29423137828877,54.39374243088013,101.13382759984673,-85.96691265851197,1.0
4518,-66.64101220958018,19.720142026965558,26.45365323905083,5.978104843757276,-185.246048437284,73.05280133856621,98.93212352654687,-90.58610420773715,1.0
4519,-7.844872452614382,-57.921229602968374,23.92284381035035,-20.52569990676605,-184.99241636169572,58.550591189115934,102.07382246922212,-79.41099066451412,1.0
4520,-7.9488641463697824,21.584208433677432,-21.844549005125632,29.496527683744393,-185.52572427824032,70.63046208069133,102.10281920893674,-94.30730274638546,1.0
4521,-18.508409177080175,-12.687150534355046,-27.77022700729229,24.656697973929457,-183.74974925856316,62.106360332201945,102.00913941770169,-84.07989733959106,1.0
4522,-6.616797996525453,82.47129303332663,63.51305761228867,3.4265346719258183,-189.1578238711729,48.3548362613118,101.02174297083093,-80.41727881559301,1.0
4523,23.780698087770148,-16.96359446683435,-44.44128793590211,50.97486863527772,-189.96872199965424,45.290596071194216,105.28152541534504,-75.67748978330181,1.0
4524,125.49657744457807,48.649949198990036,-210.90360186895109,78.6502212474498,-189.8327333575118,48.38096075653367,103.61412140602414,-73.24301889678662,1.0
4525,21.106269041715986,-17.246466094837107,-13.183805867319599,5.819319723412708,-182.9866128196422,69.78627996608195,100.00089802698282,-86.82023793302511,1.0
4526,-71.97361969252759,-131.90693250970122,21.62732697846711,-48.94851940397488,-192.84654931162734,28.0796131657635,107.43654379790581,-65.36794603597502,1.0
4527,-82.1030696160939,48.96742084434581,14.407663166215826,48.87328112618917,-182.1288871467718,65.15885420052203,101.06771158649367,-88.33342253828442,1.0
4528,4.536245276240525,-126.7358887151496,141.30129658319385,24.835865710733206,-183.69388716788364,54.26911963825984,102.5144687031702,-82.10324339604942,1.0
4529,-52.81138497456808,-90.96695063671766,-164.33050832147524,170.1323348151979,-189.3073975944729,56.373899264755714,104.89875822981142,-79.9309647875868,1.0
4530,-24.33663784063456,-53.36985550672671,17.3696423303289,77.24422223272947,-186.17265932702597,56.84929551468239,102.08770570752233,-80.50391529741577,1.0
4531,-28.16033797343156,9.122449268800715,16.4291967191892,24.89324977542075,-190.39050791832676,56.93277064943644,103.79778857212547,-78.56383443819823,1.0
4532,-50.694996035685456,-148.18435947173649,89.51354527487834,71.3367174236087,-204.17422227759488,13.629310015800677,108.05438934789909,-59.03026029136768,1.0
4533,21.11414733488237,-56.95345060634496,119.63408945036096,37.46609430214715,-183.0088353274178,55.16278261376149,97.66961254427275,-77.71297877081389,1.0
4534,-41.793733109486595,-76.2171715561711,95.21267257655326,96.68930493798499,-193.8602445658044,41.48631197606582,108.07101970776603,-79.25336587245879,1.0
4535,-74.99871576558552,-31.59537579864566,-97.22854216997447,95.02878544802468,-195.3087174825882,44.22140765947702,106.85812258506877,-74.50757197196319,1.0
4536,-6.876329144940218,-69.0947035910207,26.119066998133118,32.093789672656364,-192.89195209467596,49.300096068905965,107.79214010256173,-77.92127243834317,1.0
4537,-258.8168187247501,-60.53929370795464,295.58447781258064,20.426602102334527,-187.71707781248875,58.37393230571991,104.80777961418256,-81.25002659339458,1.0
4538,-25.933840496084215,7.287144205168161,-29.104484942676983,49.36374754569571,-193.93474500381953,31.76727228570488,105.77163382401721,-66.27652663481055,1.0
4539,21.886742570433814,-14.429738228568931,-5.449230060703625,12.047008449943203,-186.35603794501444,71.15297003615336,98.86863544437878,-86.98256704275455,1.0
4540,-21.492505995895243,-17.444706870517482,-29.054512843321252,19.600603430807606,-178.9213048754516,70.5390224957468,99.92085937350977,-93.11626434477563,1.0
4541,-17.53148915250706,-69.49106187677218,-101.29795145191385,101.59557691469425,-192.54754525371686,35.2425431725744,104.19171586308717,-76.310866630252,1.0
4542,-171.02618736927127,-21.436240831028584,108.51403244130202,-164.63172900253755,-184.25273860759904,63.68934195529039,97.27230438241516,-84.45305731823412,1.0
4543,-67.04137998811903,-82.12627542176983,-115.2230763519337,127.57830935217692,-181.49606235704044,63.37758268302377,103.15494462601097,-83.79575476277076,1.0
4544,-73.42838889193084,-17.627981976341115,63.048839733798765,39.92430566075749,-175.1411595584984,82.04386456533442,95.57917515505964,-101.34829283366783,1.0
4545,-78.36905631616543,-31.018246506764296,95.67453025953499,44.81389328576717,-180.6841796332102,66.13950694684168,100.27536699979537,-89.79566798928072,1.0
4546,40.435244700309504,-59.34191282767871,-82.74109641265512,29.094999547757723,-190.75576651926346,65.07292660899657,104.82468009196752,-87.27776846645315,1.0
4547,-96.94924395222353,-25.355450815766062,72.55518777770757,12.333071577397558,-200.0754168087488,29.01327885420849,109.96244120081845,-69.80077030330891,1.0
4548,40.36619730683153,-60.678418193475345,-111.257051366499,36.963116655408676,-191.74101277235744,43.32501559857842,105.51497921459388,-76.6871105512959,1.0
4549,-24.341929689060642,-19.3111738811217,13.028834195738966,80.70868851663413,-185.44150174207456,62.31900999468093,100.41837882479787,-78.91837764569672,1.0
4550,10.352119085739126,22.783362389662408,13.18318550979316,-27.746010384282616,-185.48155269213666,58.46648696520855,100.6224623910974,-82.89177452338373,1.0
4551,-69.11039311177176,-58.4166405614555,-51.72592191040617,86.06169213272558,-181.5189470410235,73.38383187600094,100.76277275654785,-91.96859851345968,1.0
4552,104.5136720501453,-142.24809508851106,-71.85077767282348,9.932239109775947,-180.24991026106662,61.53849224707771,99.13700249325188,-89.76996614595673,1.0
4553,56.800693281537306,-15.902790014931481,-56.86850433517628,33.59905214919215,-193.8511896255222,40.13705002010269,101.33746913894224,-74.08469861730437,1.0
4554,-74.53011689491271,20.404024673798304,19.25200142843215,95.31159450450755,-193.00248431122614,29.842323431035467,106.69015210532842,-66.6932314694736,1.0
4555,-79.18115884602877,-125.42663570046545,-36.506566923016095,13.88423898998159,-194.15652545513436,37.49152380491324,104.73225220746687,-69.75545440665745,1.0
4556,-35.535688886655855,-49.29260456962715,-53.12167266180834,67.67750434326565,-190.39670242613747,45.54299109685093,101.37684920969362,-76.7196128685177,1.0
4557,5.0759379683429255,-195.16059605058075,60.297951846578435,4.008661292385845,-181.90596192752312,68.58912487032184,98.51045424238218,-88.01399328201705,1.0
4558,-75.37069607623901,5.101681924440121,-49.208786944762615,44.23727288392876,-178.967149399047,83.48418326099109,99.56031876047857,-96.38064230557531,1.0
4559,-83.69270017675545,-7.215187624082564,129.12831168790257,2.871135025228094,-193.52874542993732,45.085428372455205,107.05035057475429,-79.96064230594914,1.0
4560,-44.699432046125224,-7.810726159968079,83.61177045118933,33.181563416736736,-190.3589868691429,60.25776249892928,103.46382619517769,-85.36641915979337,1.0
4561,-47.554654247425226,1.6680905265880508,-15.68001238654396,31.952805943729118,-186.85425253171633,58.76105293234129,101.44082739680086,-82.46617024026996,1.0
4562,-16.091489579462127,-91.32754913076873,-76.36116065947067,53.448215197533266,-193.36332416694665,30.767795642114304,105.84641449392726,-72.84288667299306,1.0
4563,42.07699530593761,-111.57818527820056,133.88703091878452,59.43706627526164,-181.3210089504149,66.7659692629751,102.09045686223094,-88.82274045180905,1.0
4564,-165.55603256531523,56.48382677044924,161.147674401141,-36.01684929473786,-193.69234596517597,50.32056563456415,100.47456458436314,-76.90600182211641,1.0
4565,-9.118381231651767,-171.2216955961447,-8.161505562087784,16.054335834345952,-189.8164107305072,54.45579280509562,106.15163354879051,-82.91915954798843,1.0
4566,-91.43979263509878,-103.1771512062369,-65.68026944120753,39.279049564308714,-177.09960602497304,70.63943021354277,99.80282135646586,-88.26434528564778,1.0
4567,44.71419831850538,31.25771053016412,11.065555023143675,1.4890881139117296,-180.21660754598025,59.6075607444041,102.5927062708237,-92.53126701365939,1.0
4568,71.84556177812802,48.09353648766916,5.325735847639029,-45.52051595684723,-180.79867021727458,65.7591781650793,102.22798285439863,-93.71168453212213,1.0
4569,-96.15676113095417,-26.316108937210135,-176.75464525247577,219.9252342903206,-184.62746142772914,64.27466683425071,101.5807339102418,-84.9878416315159,1.0
4570,-72.57048623821771,-59.22434714764419,-40.39120248610864,51.74235201294613,-194.8614293614681,40.839114501806705,100.42803780760268,-70.61721845910897,1.0
4571,-39.526486073496415,92.07966809794954,-4.967191079350947,40.98978696464637,-182.81012291324092,76.84359075955221,98.89113079224693,-92.72957948314148,1.0
4572,-76.10957026375358,-88.16683455134844,-32.392479157143,26.976987503521432,-184.2757757778548,61.73993584195277,102.27493651326783,-88.41268828140703,1.0
4573,-46.17063300974632,-32.500403245563916,47.35897698956184,57.624131429050394,-188.12906043656068,56.96352459457088,102.18911845290437,-81.55988577034235,1.0
4574,-141.18374614397595,-73.62631244304151,156.1401657591132,0.016609630628672267,-190.22266100926433,48.994037372193944,105.0993181296435,-77.26755329179696,1.0
4575,-16.92703338883033,4.645638382553708,12.921221072380673,-65.1137735523292,-189.52448137979164,47.171478885323324,106.60575613329517,-80.26613771582578,1.0
4576,44.609703840619495,-129.3567395405375,-35.08545612387701,23.85338899684209,-181.5038610129767,76.38982455263945,99.03704427889124,-92.88325286069903,1.0
4577,-43.59083822309687,12.721489411643772,-21.033609385757522,55.746871985709944,-184.19048837250367,47.19602268686646,103.72608856158007,-82.03323635353976,1.0
4578,-21.74252896928898,-105.90780310891286,-84.16528822342451,74.07102170795422,-179.17146063551854,70.18867081478997,102.78350735776334,-90.99713530231352,1.0
4579,-33.570512743583805,-28.024736903302376,29.1809556410345,-65.42742301584397,-179.93757438557722,77.79846834194205,101.73066485811947,-92.89140438097668,1.0
4580,118.88425103609225,-209.2921824568049,-99.22208053551245,64.61418598807447,-180.46609488846374,65.57981022663975,101.59148450246532,-86.53878246399294,1.0
4581,-57.59231479554976,-82.66541905849259,-38.370283168538,50.55245280047737,-189.36639983111849,45.82575346953775,101.41405654262459,-68.11885052564254,1.0
4582,7.178304073238534,64.05485269457616,-62.03851453909449,78.27347138094277,-189.77662885957972,55.24855929777794,101.09851278679926,-78.2012088910124,1.0
4583,-47.04184199718346,-93.62062574240147,-47.395421490930936,50.52844949967734,-198.32542571206042,36.03004817415173,104.86964323094503,-65.53718415930012,1.0
4584,-105.89420884802144,-92.16478291312353,109.41916953113959,74.8975654952513,-189.04012418726742,53.926873843662015,103.95839193482753,-80.50310343054045,1.0
4585,-67.74508211033556,-193.83125864760402,148.07117484431708,8.983667417062302,-188.3322587916624,46.98212796653272,102.88883548487219,-76.42840315132759,1.0
4586,-50.37519645336028,-53.23713814710298,-46.95234506861981,83.37114468881114,-190.33840926580606,56.88815959215129,97.74805268306889,-80.46581211995705,1.0
4587,13.317051961405312,-198.6259686869181,116.5153870124489,-8.998643691821723,-191.48378302941606,52.26393925880206,99.53164489174686,-77.57954604036507,1.0
4588,-58.85215562773003,-41.84515574924126,92.65791837973667,-32.60982116429677,-189.85179739623564,51.12023115075339,100.99536604316523,-84.31140896332342,1.0
4589,-137.73761427102215,18.545186149381422,105.38772468879789,37.313182347287224,-189.6924221993057,70.84799229595929,105.80923495562732,-89.39613650441677,1.0
4590,-63.77381673228003,-58.68076205389288,-34.4579944189765,63.291084475755575,-185.35155883058292,62.38616300060889,99.37991787075657,-82.5178790968613,1.0
4591,-12.897211927021978,-8.728290014794094,-10.4289774784262,30.9524373668846,-180.35834625315857,71.97227488087327,102.30726697145644,-91.49161279007492,1.0
4592,-87.78717263697166,-108.63206825192822,130.13079132386324,7.325609356991119,-187.08441905909422,63.11341524869081,103.42610528449441,-87.75046139422696,1.0
4593,-153.43192881860125,-113.17891953861496,244.24158946305323,9.614394534736231,-181.62960014355448,72.03136233203469,97.82578818042069,-88.11083942679588,1.0
4594,-44.487224274954606,3.4223137127919356,50.731682032605484,-52.682730463195306,-192.34302568963759,54.30957417687842,105.5091161244971,-78.2747078406068,1.0
4595,-123.73812668654172,-18.176531176555155,164.57052727494144,60.42325401601148,-181.1464835925426,65.95940952859412,94.85542702302759,-88.19546224045152,1.0
4596,0.6801206264169413,-13.738257166399551,-82.56090877015664,85.43185720177509,-190.7998371362123,38.93524731062694,107.31807398867025,-74.23796912749015,1.0
4597,48.325099428510995,-57.44662488834666,-30.160105885338982,19.813882229263537,-188.12509164922315,69.19351763525393,100.36320035037771,-83.56340245559166,1.0
4598,-11.20733792051951,-206.63348034437718,127.78836356800531,48.334673725796094,-189.34449627429768,61.02472552935723,100.11945817173483,-84.22159219715239,1.0
4599,-18.126374437425135,-69.92025719817059,-68.32970112564476,96.44714198032797,-186.72646773580556,48.055469696005396,106.49857982889378,-79.53932336071338,1.0
4600,-73.41161959268544,-149.7547152972171,123.00945012908562,2.5036078214711766,-186.75814885371534,54.19668916892341,101.76871535309034,-80.19400987523437,1.0
4601,-94.36444390843897,-124.33500631047588,123.67989070020546,72.2545828397217,-192.54121183990014,35.46969795732991,108.95469193757161,-75.13403447120977,1.0
4602,-69.64944029798781,77.47594314142678,11.035062595965051,-3.285598621698549,-183.14893195695157,74.1361809841084,103.65095873674645,-95.03486814241707,1.0
4603,-36.203519779737874,11.031115515369505,6.3855527047982585,5.509767273158589,-190.8442089219147,46.04699096003138,100.70172439508872,-76.36618107533728,1.0
4604,34.81395076467314,30.10570404626619,-23.933567294809478,31.53970458064658,-192.25154118766474,43.40325499308601,100.7113128122497,-69.89761904525027,1.0
4605,74.07515593463954,-76.06646336541132,-85.80308038732424,76.38792346847755,-179.3497515141401,79.0582721202801,102.80009172316939,-104.95789568004409,1.0
4606,-43.27544883498514,21.983678330873335,-60.099640238082095,38.708712099633075,-177.80733888975584,82.98556124684202,97.68261610260693,-97.83138673191716,1.0
4607,-81.64536296161606,0.5772672976878168,-78.26124340382815,100.66306889280803,-193.07211990061776,38.62321462350019,102.76284154311388,-71.55401987034746,1.0
4608,-48.31570587658184,-48.8926069589631,6.3942074742856185,-28.637198994793355,-183.77016151911323,71.74150206899404,97.7154077978059,-87.93640774773581,1.0
4609,-58.90233342834399,-41.71399011257152,71.53311798843664,78.61854764203957,-185.67408813791138,59.00822809333154,96.76088128906105,-78.72685948128951,1.0
4610,-84.34493173057938,-243.8476503560026,107.89223645814032,46.18453650700264,-178.11219621392095,83.07288048957102,99.98028002266146,-97.05112669427594,1.0
4611,53.65235606608518,-176.8466950281433,-22.81815473460156,21.78866988301514,-181.65099120036797,76.69586894839506,103.23455307565823,-95.03484280037806,1.0
4612,-46.01154115281464,-22.985108387255192,-73.74935192158006,37.10010691205322,-187.84473805478797,55.826647680501665,98.86534578925594,-78.46659721619652,1.0
4613,-36.58038309072113,-64.84844352248817,-14.148713412926957,-26.349413321053373,-179.32821412143696,74.22043114682164,98.78516847314545,-93.11093826762914,1.0
4614,-11.075417362569407,-1.7712756680109965,24.346887356017966,-40.633564917705854,-194.44834401663024,42.5689861615715,104.40766575987081,-68.91298243523057,1.0
4615,-8.52845765279816,27.59265523625195,27.135132546521334,16.089447784523003,-183.48205731559017,61.57392241897933,101.33064917271476,-92.20897548287148,1.0
4616,-81.01610259405696,98.19581345325719,27.54398083946069,45.97594113040528,-184.6734276288198,63.908247973793046,102.98774902110044,-91.11954346813206,1.0
4617,-55.845245991533076,-108.29901495956915,103.10734370267963,84.39040802502322,-185.23535317157862,52.497007486220674,104.22749947101887,-91.80615934725006,1.0
4618,-65.00434814927286,-55.86593428037101,79.47355396406451,67.44466589167476,-181.2369460981513,66.87835592691341,104.26895868391252,-94.96917363459109,1.0
4619,-29.46555618053558,-92.01449872224265,-22.989074990899024,19.924309302477834,-194.48776700001227,49.997824580979646,100.9316534196175,-74.65951944274826,1.0
4620,-30.467450522929724,6.982954148306286,-8.329854203152415,0.6523587606868331,-186.66461625857912,65.71600518295094,101.46073439565113,-88.02612610498599,1.0
4621,-76.69287449984684,-31.18876135252171,132.68742255766938,-1.9966977537435204,-185.08399113070618,44.82964260785329,104.24067610061532,-79.38654127172326,1.0
4622,32.540288414154794,41.00737490462766,-12.482386277013774,24.567698113805342,-195.89593521944437,36.818361043565375,107.3461543545494,-72.17818334396298,1.0
4623,-11.674486901644427,12.871835691420264,20.742952169663585,8.490473582710212,-183.41532549546483,60.980218728461836,104.26801912144002,-93.02407727092933,1.0
4624,-56.61543397063129,-14.603368387112125,100.23938436422632,20.144414518029315,-186.03475234584576,55.514527866895506,104.2314559932706,-85.09609756610988,1.0
4625,-89.76125850408205,-140.38590521097936,-30.895727654980952,-3.3766104230396055,-181.5817803443049,68.30823523243333,104.00655590775263,-91.80626645735943,1.0
4626,79.39870750374851,-249.48544733946045,-8.622605057166293,32.05864162126211,-188.6582144367438,63.0460963175638,101.36653149101609,-83.03478846290103,1.0
4627,24.808386216266587,-158.80910943149613,7.240638278304906,20.81719357590244,-190.2342021194426,54.976588569108785,102.96318205041908,-84.32180729229108,1.0
4628,-75.16759565127442,-58.69113867159439,-7.147583026653703,-4.352650348970011,-187.8504449546769,54.88286038964168,105.55832615029217,-88.6920850991818,1.0
4629,-57.32223130346764,-27.315316510331915,-52.88387832955045,73.55379095208276,-180.62289163259925,67.28812074485427,100.70199654411533,-90.86857799938261,1.0
4630,-176.91371711018553,-27.558152074839604,111.3095360275405,-72.82591696470007,-186.74372182986664,55.44297546590947,101.04502268109333,-78.16283900354631,1.0
4631,46.780865763884925,10.89245367230332,-53.690634954870376,55.31858818430777,-189.63353503516367,58.04752345076898,102.66377507978702,-83.36765153287408,1.0
4632,-12.911049934185048,-78.66384754306532,-57.653752182620465,3.465295622924802,-186.48335801874734,56.37530991189847,104.20097008924547,-81.40558102297284,1.0
4633,-70.72243830178974,-26.018419123301427,76.65174735156992,58.65721309045423,-191.66974848806615,55.064239516290364,104.10376835323581,-79.42175545931333,1.0
4634,-110.1410444921338,-137.13852569281656,-54.27985563047165,-2.7076781823071325,-202.6739975244016,23.074409078522862,112.00397214789524,-62.49298678865719,1.0
4635,64.18402992462609,-76.32599362545781,-42.065064954079375,67.99053445256907,-185.72153446683612,61.15130012520562,98.19146676772193,-82.75093039887,1.0
4636,-72.43889429153192,-15.009852852324318,23.85172297816732,-18.166850496271746,-187.01808179764993,67.21527912014865,100.6446806586017,-83.43209702214385,1.0
4637,53.54135926584277,-76.46667315897359,-41.1865364811614,22.57851001056059,-178.88207863948568,73.15148803392478,102.39895852975562,-90.4400685168012,1.0
4638,-64.65336510773795,-49.391696190108455,85.30312362380279,-41.69923311701099,-190.08487244716318,52.04484991093983,107.14920114707903,-83.0784443112672,1.0
4639,-108.77740858842668,165.63221028022724,63.177173811299525,55.020389505097846,-198.1541301490586,36.96118867003437,105.56417117276575,-66.70433288006946,1.0
4640,-14.539558555950457,4.3233878252086075,-4.099642889510818,7.663610008620076,-189.68260338632237,34.485484581989205,104.67745110578626,-67.72193933739025,1.0
4641,-56.06709231693446,103.14255729064874,-37.85341526645618,77.82778439650569,-191.9801168126842,49.35593611223094,100.36791035900292,-73.94450813933135,1.0
4642,-93.81687670615467,-34.01301244538468,37.62814009392257,-28.1812686694626,-184.72911422343287,63.24763435815602,101.84422808136087,-90.22232154451812,1.0
4643,-49.81336609627217,-116.73528279924854,-21.76226330658255,44.509045992249085,-178.43128717543695,85.53336369047312,100.54548940910033,-100.47629670926477,1.0
4644,-103.09696349209476,7.08409110042707,140.45568184087796,3.8534110612791936,-188.3505309691513,42.99268766257823,103.93084663439916,-72.8691796651154,1.0
4645,29.17866501540717,55.18731020683263,-72.26443182377547,108.81543665003682,-186.7107311561883,55.46356875998845,104.82026137549785,-79.09701643422335,1.0
4646,-80.02344080470851,-19.73013497510089,48.17879531362807,6.217909497164059,-181.71468365784827,72.85248992499896,102.07759862753255,-87.99836140732197,1.0
4647,46.89648625297753,18.55234552756172,-75.91851568952637,71.64551846212757,-190.27932670636645,53.91942647074888,102.8130064889707,-78.86481150302748,1.0
4648,-19.06037041141286,33.157733625532416,57.335649087233406,-73.85164910127247,-186.92996851331688,53.89019664278407,103.52919227655393,-87.66629692781082,1.0
4649,-87.70633521255003,-53.696308321877126,25.950784669843475,-22.92862233672941,-186.99980639069307,59.35751884996847,102.5157535319627,-85.93870449802817,1.0
4650,-5.074601418614499,41.55174075370015,-6.842339485124471,-0.912161182071558,-189.95603996944735,35.73401284275597,103.69718526462059,-68.7994918431795,1.0
4651,1.8490346606469754,-60.23875118861179,-11.070648886131584,42.15058469924091,-181.00661048170832,60.61938585679596,102.88411404101963,-86.46757711667402,1.0
4652,6.898001489283134,92.55206851981865,15.254970499780981,-47.384608612679216,-188.12851647220398,60.269089241858424,100.25129707509792,-85.34688515672526,1.0
4653,11.617577606248485,59.484574935721234,80.63580801211101,-99.19573617447168,-189.53263944236323,56.12446314656535,102.85126879516531,-81.20324465760613,1.0
4654,-46.44244457519037,-18.851252038972365,-42.1855206869015,43.079361042678826,-178.0216044066825,85.3940216802432,95.78148678883404,-95.20089902235226,1.0
4655,5.500244477533761,10.721082427731671,-36.254972608863945,30.270058521033427,-194.0530519697771,41.40796936261475,103.72948332164096,-71.26258327052263,1.0
4656,-64.58737349076684,24.887601107321156,50.68895862535141,88.15586143534053,-184.49259629678832,57.63897485493529,104.0932533703577,-83.96517367018664,1.0
4657,18.159513937383643,-44.940667496248345,-67.8724122393386,53.83717033070361,-179.94817540552944,66.2311323928388,96.62539117377295,-87.74269365500321,1.0
4658,-78.98010439615919,-56.178567900586685,-5.295892868266922,36.611982305287796,-179.27629565269453,72.43954360702288,100.54855006739209,-95.65889555884006,1.0
4659,-42.71929553504324,-42.65019031629984,29.048242288636615,10.66629660975692,-187.0927441127694,56.35204400426218,103.39037271538885,-79.26177953874817,1.0
4660,-24.015292141217603,-41.88896310125207,-51.04139083271375,39.632739281561214,-186.60928557583065,65.76436526056719,101.00935809833653,-89.16768846404742,1.0
4661,30.227879241333056,-73.70114535485799,-115.12115149922448,95.57037580827482,-184.57442821993348,58.59798972487512,102.58114163425573,-82.68925070984824,1.0
4662,-18.09942336873988,-52.04887818303252,48.54569479052267,-0.10230949307998283,-181.8878828897509,69.66301382335135,100.13128434703931,-90.12978973486297,1.0
4663,-41.41691477060381,-7.1000540889569255,32.17442787748775,5.382848549688079,-192.9733477230699,52.08097539360126,108.06010049548695,-84.71554795903839,1.0
4664,-25.704802978165226,8.7247414672465,-19.429274840723863,24.363212742848102,-183.38585679813139,74.3022915605286,101.9196272473418,-91.32007640063671,1.0
4665,-86.79358176992116,-207.2128631052028,140.57882529026355,16.86318863035884,-190.5122527319623,46.62928522094426,101.40474345850792,-77.0374167470225,1.0
4666,-19.6366872945199,-31.324775799993613,17.863459291920723,77.66117061464655,-184.88982810030876,55.26976097672838,104.13670577163079,-82.78050030392279,1.0
4667,-125.09357521194472,-94.67201334854566,133.21156699167625,31.434969688507625,-184.49559012869813,66.4258016317541,101.6447621867892,-88.47272978217977,1.0
4668,-27.62046978378656,-64.23683090732523,-8.043765872773767,67.00916158698558,-183.20602907437083,61.07966390983182,101.10418735274229,-86.08320525118053,1.0
4669,43.158476009828505,-167.31174148531983,-31.793069900816427,44.23088874060628,-177.95690307922996,87.45770382760162,97.22361333947903,-94.73616199359132,1.0
4670,-31.664255893916245,5.868383122725806,2.168351865618201,-25.42166740403574,-184.38046269320674,65.1945830909467,102.96443698124784,-91.33936185582333,1.0
4671,-81.86939901095478,-163.8602052121679,-204.46077885423756,238.67056074070027,-195.66478452412522,20.383496470103545,106.92834197088268,-62.526291712111686,1.0
4672,-4.042460784634333,64.87107303357465,-51.51780127996298,59.80398299399094,-186.04636690508678,48.985813195210795,103.39344903026215,-79.56646982399451,1.0
4673,-58.717171600415995,-43.38029624744896,-13.977285286603323,75.9852630321383,-188.87530855740266,51.2869158927449,103.78317797007945,-76.23487408663246,1.0
4674,-26.20462531246347,45.38753337375071,-11.294867089415739,30.518532443966777,-181.4772136215802,56.895975614832125,103.11884507038889,-84.11149644250077,1.0
4675,102.12775590799683,-105.30255048745812,88.71745756571575,-49.38366995459938,-174.77567199904084,81.28276566171027,95.58441329328551,-100.4299421732689,1.0
4676,-122.91476781446389,-43.97582012515039,192.84935592193028,-2.7915306082580083,-187.66870848776307,54.09928053806119,101.63073867731161,-85.12085014287065,1.0
4677,-6.852129586209954,-3.849302941408095,-33.52688110578772,100.29343267158262,-180.71486313112237,60.566813606327955,102.86596263772604,-84.723444370362,1.0
4678,-35.67641299544581,-47.380403415922046,-48.19042029348483,33.02384043029415,-186.7082584991668,56.70335080368077,100.23538069929414,-78.853550738569,1.0
4679,13.882532934531977,-77.87210165013624,54.63733416913106,28.42950218113563,-183.02810443117153,70.78106675272342,96.03894332825284,-87.06746967196105,1.0
4680,-26.04528672637379,-22.529506195768604,36.39069951903853,74.07004240494877,-188.41591945747362,67.17041879406997,99.86073674361533,-83.42180079598313,1.0
4681,-19.392538346347806,-61.65189725813175,-42.981111578147676,50.25229873415709,-182.1438350505257,73.9501644975162,99.26324124736588,-90.88881034285674,1.0
4682,-61.94318458397306,-7.347427084153574,22.998024783890656,22.636693416289265,-188.74895878424428,53.96039487267562,109.821653818262,-85.19942951871819,1.0
4683,-83.7937998421874,56.382112449792544,85.07022567114204,12.258457575571919,-192.6261803260273,32.20283843833987,106.37259484755964,-70.83687762148351,1.0
4684,22.75275899194673,-70.81017632084907,-28.360440149326273,57.92468315855683,-181.81173952985412,67.9920144048922,100.46945966486848,-86.46593001923586,1.0
4685,-19.845515337750776,-18.993280082514104,-42.01120261382995,27.53100575178754,-183.62881667859764,82.70511151805218,100.19589043131833,-96.34198429000728,1.0
4686,-74.48865756304872,7.549113007396207,26.267468996702615,93.64341503384672,-181.84128665612047,68.2893349231101,100.54604125357156,-89.31777849813824,1.0
4687,-75.57982776834335,-144.1348228034553,3.7112299969350726,-22.82908973739184,-199.47586478198872,26.439136475453154,108.51038501873501,-66.85605010986757,1.0
4688,-40.58872075403321,-40.876303481906,-100.94168709050831,113.39223201287203,-180.87741314185772,59.44674140991163,99.94592291757829,-90.057743212034,1.0
4689,-32.99012797175934,-83.46136158266611,-118.61870627843045,103.67914113441539,-185.68387368421222,57.189228958735754,100.55519831979463,-86.72932593006756,1.0
4690,-15.312508995425173,-14.581078470577896,-29.2778207929562,20.244640543021717,-178.6274039556914,73.78755853142177,97.31878382317062,-87.43389138002188,1.0
4691,-70.59983645073919,-118.44709803288183,-69.634494984614,78.5509843770448,-181.30113534935674,68.29828448407808,103.06515966915028,-90.27296186676902,1.0
4692,81.36513621752815,-55.410648336204424,-13.27021619736236,-80.56986629917722,-188.65266771715216,61.19621008734431,102.96244498356846,-84.02204778179926,1.0
4693,-44.99208892481241,-72.40587060358408,-147.52075078620297,116.20663588064195,-195.26799715592887,49.307497021062716,100.96188678931894,-78.37856621872027,1.0
4694,-44.66896117926177,-66.8595002370021,-0.5284916378428428,-40.66454237444792,-187.80278712083728,50.976915927081286,103.61015864489124,-83.475647859615,1.0
4695,-62.32536338786756,14.478808751273464,88.6119125742541,43.87718004317735,-186.94818298185433,56.73237038988191,99.8474041102153,-76.24245203926905,1.0
4696,-27.317807740322557,2.449638926038511,-47.355728277382404,66.64844292663294,-188.6775085221433,58.61959992913144,103.59001393403253,-82.09816825757186,1.0
4697,-32.28227392163215,-93.07085749589179,56.381068445568474,58.53948064621611,-182.47690276552675,54.44922384224,105.74621465909183,-84.79991491343357,1.0
4698,-30.103982954405417,-120.54686128404524,-123.11994084918405,129.83796397171085,-173.27176403818262,85.61281508159077,97.51544181442505,-102.674190515218,1.0
4699,-17.84780860875205,-178.32451192468696,51.69270521564192,29.44492383380448,-178.16708325622665,80.43843452808001,98.06103812010635,-95.04793513173219,1.0
4700,79.4859004196073,3.347405483997268,-76.8638202615604,16.557660691410394,-186.93671139426363,61.22959628612896,101.12099798279391,-84.89332719199436,1.0
4701,-131.98140359007294,51.759424297220136,109.33247258773406,-15.519519960560647,-183.36192775136053,63.48178876821745,99.27226472322198,-90.82709116163251,1.0
4702,24.54233837727502,-58.61925419845385,-20.010937535723862,61.751737746357705,-190.81852475021958,62.03094900685563,103.84298074788953,-78.80316266107681,1.0
4703,-9.594831029697326,-2.997653079056184,36.43007975413449,-58.93753181253708,-194.3330834442995,36.153887687432274,106.03357044051802,-72.01754454515574,1.0
4704,-20.45941990977218,31.977120164064353,-17.712695933297947,54.39601723512635,-191.61779933252674,37.16747717290369,104.39642928769088,-71.71759909415981,1.0
4705,25.823085900838848,-36.88121100381176,-46.09864049878607,71.70360266000829,-189.90566212570963,58.170372938698186,103.06081703564669,-77.77637093502011,1.0
4706,25.053958048678147,-103.61568319417111,-50.71644096669581,-6.136185299764424,-187.2278181773543,57.39776560589855,103.30342226971285,-86.26369451932283,1.0
4707,-22.69457350930644,-73.01858336334803,4.699038565517222,-8.936639146614517,-181.35016404927973,64.19735950977758,98.61414230538313,-92.13927336442586,1.0
4708,10.374735261632745,7.1568410146133745,-64.37559277090344,80.64401149881103,-190.42499522835513,44.57149862994946,105.09708045415648,-77.71276571959451,1.0
4709,15.369991694493123,-82.97168743174032,31.066524303321874,24.080631219982955,-195.5946577916362,42.45767447496914,108.70188326111793,-76.68196606253039,1.0
4710,53.51313193341869,-116.56669284836964,-103.35927127411458,140.7291675684786,-185.65675769724723,70.31890808622944,101.32611364495635,-88.8136605673522,1.0
4711,-52.478607975187195,-81.0275794990734,-85.26653913261998,77.2339976157247,-189.77348258522125,54.85794021491686,100.75511066512202,-77.64883880992898,1.0
4712,-48.44287545190762,-28.709934120995094,-70.52484682308014,92.65251405078033,-189.698300713609,48.16262863953189,102.01320744484873,-74.91440730877703,1.0
4713,14.939199441564256,3.559471819757815,-47.01578823743259,37.19413715068539,-191.182475331599,35.90490105810687,103.63214183305219,-76.63644026657954,1.0
4714,-74.98730054877178,50.7135880097646,-27.698520002693037,-113.94420386309672,-184.89628929430913,57.62312004527161,103.66558553113587,-82.47541194907085,1.0
4715,-34.00501490064275,-24.486541859735347,33.855593947453436,-74.54172007672997,-182.19475459867476,65.7008764539968,99.72282220963375,-88.37037847465834,1.0
4716,-115.32887884099883,-41.74394379495955,133.19610128175574,37.38667102499123,-192.40581871590408,49.01199546793326,105.34355503625933,-79.58615867746191,1.0
4717,-48.67975732604775,-54.57175535857919,94.46841977903728,18.18350135048793,-186.07926195675387,64.27519932996024,102.99702501622936,-82.0103038777506,1.0
4718,-82.25081939992545,50.23262154650521,94.43548174598594,12.019424607744522,-187.2593822808803,56.108833243416974,103.24169216489103,-82.37136541821194,1.0
4719,-7.440013016984098,-140.2409899324712,-21.37539258605724,-32.35359960289729,-185.34217238955557,58.49429591073181,102.37966126123018,-87.63854157417671,1.0
4720,38.3734330277954,-65.48457072074288,21.72848757288672,14.436306151282718,-181.61338508722346,83.62778124118218,95.19029868714038,-96.40870841848717,1.0
4721,-63.54551609117568,-99.87067191591927,-159.23000970814286,160.07392184179807,-196.38264762003678,21.394208930388437,104.4810617330004,-64.30748102113152,1.0
4722,-63.27996076896023,-16.28803923739906,102.77060341387516,7.069386021323037,-185.78049758573133,64.93309122235233,101.76131181716792,-84.26146074558461,1.0
4723,-70.39907124321252,-53.043264348417495,-29.264127317901522,13.076193909714407,-182.35819513275732,69.77941783140098,100.08893801020243,-88.72213512599117,1.0
4724,-63.55189414602969,-91.73264155062502,-73.57898297190467,67.63677918378565,-190.43286757591375,68.88320150149937,101.53828931013705,-88.80891025682406,1.0
4725,-23.00323653372007,34.65901005176967,0.2630612591916881,18.446688326196167,-189.65615200773925,57.152948804903495,103.99577385347229,-83.15186234341483,1.0
4726,-46.55981515846885,-75.6198767843171,-36.033645465554756,40.554003471798126,-189.4660784149386,55.216768998813386,104.13676029566126,-79.32715148061486,1.0
4727,-52.182039029493275,-55.226081337075186,12.196777339068282,-14.013763140165715,-177.84665593460596,80.15689490365901,96.07856225272793,-95.04379468721739,1.0
4728,71.04387163985355,93.38441494750651,-102.26238027618086,71.40784801453559,-192.93979683424826,52.68377655609819,100.63573761381501,-77.03285099713463,1.0
4729,-103.9804920390163,82.52849027744318,45.68083413131544,18.81140395966443,-187.25225276926398,58.74480972410921,103.02039104423605,-84.67652706649496,1.0
4730,76.29229653988804,-89.91608225772396,-61.822527068097344,42.34001145269317,-183.0516285629367,53.82229383351534,105.41602991263866,-81.99575928526704,1.0
4731,-11.654755885819256,-12.399693280824126,-104.1191205792789,167.51474235558837,-184.60746658686313,54.785851296157,104.98392023364035,-79.42514405956717,1.0
4732,0.6521488319698898,-75.4944512027194,-34.10828950626935,63.82095468399876,-190.5146121708239,60.78877771656346,102.08165084197832,-83.17095776907152,1.0
4733,-27.990289732519212,-46.16756431434391,-174.84123330904407,212.65361907571102,-180.97609951746614,63.51279323291212,96.57390726428488,-84.45989001904027,1.0
4734,58.27394842986394,-138.55569981818024,21.43328870775488,-17.051899799171146,-191.36157840382498,42.01363945219384,106.42236556175048,-78.89035575464926,1.0
4735,18.94718666986264,-21.56801214702362,2.517403308520161,59.90076600645465,-188.74830690998718,52.82786918095165,103.81880008351555,-78.07691732520911,1.0
4736,28.743566212838367,-2.920569167575604,42.93160056774822,-83.49683344218752,-185.17434508560544,56.86789440534796,101.26601218671459,-83.6251755810058,1.0
4737,0.34078928325750324,-75.32453947859904,6.967168248994532,65.68814508957564,-182.41399984473927,74.27189174066882,95.60926167483875,-93.05057184122086,1.0
4738,-108.15504183396733,-11.916280411241154,104.69826947242404,-6.537410382973352,-189.67370344001975,44.47976300647622,103.87749710240911,-75.97271341071945,1.0
4739,-2.696292734154598,17.850840610008024,54.556555620534766,-76.00312026216282,-182.88774651983306,60.96721525628381,100.9150120140933,-88.43837783138895,1.0
4740,-95.67629398410492,-31.828909772182882,-71.94045920823275,115.59586441636753,-184.10121382873464,71.81729155576807,100.781633560992,-89.58220813191235,1.0
4741,-52.617817689798684,-45.91607035260103,12.245834779235965,6.051011730962086,-194.15225103233442,34.51725007797655,102.38322626672186,-70.59370315381881,1.0
4742,-38.376995480587304,-96.88709341819968,-24.49549239357812,-14.329209409432497,-184.8633851721039,64.06014047803463,100.21587053527595,-86.8849753290857,1.0
4743,-84.46378618482184,-48.64473222507112,78.23774932882878,17.610265917049034,-192.49217464072274,59.2685890899313,103.04537468413774,-81.96121808863766,1.0
4744,-89.05978545099407,-52.37751796015196,101.07447776911967,31.15134435488511,-195.93689614611787,40.62574581752968,103.0070558495455,-67.08976463987264,1.0
4745,51.49860818110279,-23.130937158466427,-47.45154471735407,2.510869523797854,-176.77840995344664,87.3959754368236,93.89759821397965,-99.79019718863307,1.0
4746,-58.739764507755154,-56.471133687683285,-14.399209771703115,-8.948842689368464,-184.14601268464895,68.75643573181897,97.29477197794806,-87.00761385933501,1.0
4747,-86.05265630970136,-46.1850504588152,69.75417802495679,41.586989593145034,-188.46921978268622,57.83588528755838,99.96614254716388,-84.96689544161654,1.0
4748,-31.580531840766874,56.334380876591574,18.455063276988483,3.819072537707874,-184.31164603461826,75.66713351434542,98.04135071765963,-91.87853973745884,1.0
4749,-25.683495198269558,89.1687648844378,65.03041228127972,-11.356665324427324,-183.84580966979038,66.21502393074283,101.23152065607606,-85.85549104634956,1.0
4750,-8.39503667997591,-52.26959525950278,-44.66919875691452,24.779399071338368,-198.7210350040333,24.054371686929997,110.83190700041195,-65.56965448270863,1.0
4751,-88.77191046237184,-44.92244621653466,-80.62487235334154,113.0960275230583,-183.3376957113071,81.03906718896572,95.25501613675696,-92.76822353240567,1.0
4752,-166.9225693939231,137.6537629524109,51.47567531039008,1.898329060716425,-184.17111556187638,81.32327719146926,106.28027928214475,-95.41167898511092,1.0
4753,1.027818072521347,-75.80926770750038,3.658265518452736,-11.77057415528835,-178.76834074387045,70.73584107191634,96.83604285451001,-89.84462039563202,1.0
4754,-53.83800094784067,-31.886442803025673,-48.8152454519788,31.178242262498223,-182.66618422341426,70.77570369994754,103.380758850305,-94.68426225998644,1.0
4755,-143.72090758434,-156.81719853075447,168.14906569383703,-1.0315563925376525,-189.58271869788317,57.85497520498882,105.98605457564578,-83.75339949861561,1.0
4756,-57.49564551415342,-25.438539715144927,-12.976189316260287,3.147110930951813,-186.4088475358934,61.04205295981607,103.38745640677432,-84.5525680762355,1.0
4757,9.084045926862716,-22.720516415597253,-25.169641952093748,70.40759404349228,-177.74105376851242,74.69551401225888,100.16217741988395,-92.81994222064594,1.0
4758,39.219633237236906,-80.49863005999705,-41.58323797070692,88.76765869035988,-186.80038409090932,62.08470027828414,103.8738125994918,-86.78534876750523,1.0
4759,-15.902988500155836,35.93170497307605,-35.97705682402854,66.8481670571258,-187.5982806312722,58.08763721634096,99.32514716058407,-76.3886885546265,1.0
4760,-82.12070787705127,-7.2381326174941085,97.8167744399773,57.56071833281177,-191.40310060903963,39.93365632155607,104.17775727496183,-71.57121171733706,1.0
4761,3.8833967365636433,-86.33023037684144,18.239977266163322,80.0483733920175,-177.05652774717004,82.09525966273473,102.48114079083884,-101.35533626197952,1.0
4762,-112.67314643628454,-99.13132600446016,-89.18228895109046,110.89037303265006,-182.2856333000619,65.50435029418941,102.39561791839499,-91.66456947991342,1.0
4763,-52.06882019220429,-46.395297125640234,-5.435504727378859,16.92795614992735,-188.91359958437067,53.43544930904278,99.9417834711433,-80.56273864104105,1.0
4764,7.640706795361396,-93.4619854392464,11.236156998274272,45.836756613614234,-186.22898810845658,65.80543975423554,99.15537430251436,-82.46464001363546,1.0
4765,-4.006718776130508,19.053067695897173,-40.084086341311995,3.61391146097062,-185.2264143626316,63.28996489604377,99.31834426798902,-85.252496535505,1.0
4766,-47.20985025976878,-55.63745377036054,-68.01942163899083,40.37042864459976,-186.0844339284691,74.03088789066459,95.6895546817874,-83.783451571393,1.0
4767,-56.94291099384694,38.194207057637605,33.13607137918288,55.20171806294104,-189.75543040711295,47.59731826678463,103.37722035770037,-80.14503219555303,1.0
4768,-63.79562921287987,-66.87975994888228,-6.991701442036874,-14.4497381936173,-184.30199425288285,57.15223034056138,105.52234437081572,-86.97469200306698,1.0
4769,-41.84870976822397,11.069920407611711,-9.790310922720158,18.758666290010968,-182.62637514005857,80.68995407171353,96.15086052390633,-91.98170466047416,1.0
4770,-76.34182611288433,-48.9595453457356,-33.28938509555776,71.64966792334761,-201.54157515732064,26.031678606524657,109.61946563029687,-67.10437913186128,1.0
4771,-97.45286407915414,4.829094146313656,-85.46414213137888,132.7141474372817,-188.0311427497706,62.8321253731044,99.95317923936538,-83.50867768930665,1.0
4772,-26.832577423927262,-37.922847766371,-82.37608923415551,88.26255452086353,-185.48293084861066,69.13262048977914,99.65786820963882,-84.51764040097054,1.0
4773,46.695272639686195,-202.3236871358751,-20.90369683450357,32.25260136386692,-180.92049653794444,74.41068561132573,99.65309957842165,-92.72007350455782,1.0
4774,41.232062546346484,-29.810854314154113,-107.69578381143444,129.37610766340336,-185.03080484856775,80.215309519886,100.51881662098734,-91.34406943157731,1.0
4775,-22.639813010577864,30.086183347109994,-33.64336623767815,62.489085748359905,-192.6035398688895,51.09630943841123,105.92505626561422,-79.41302499906664,1.0
4776,-101.93591951341449,-48.80373131646996,77.41880008561434,30.395796974360458,-182.8987005537019,81.04413958009773,102.24751011878088,-91.99743793916164,1.0
4777,-4.00322340589499,-78.6249007598746,-17.29126741259116,45.03062400446365,-178.9137621182394,75.14916000391979,99.20537553566285,-92.09908310336948,1.0
4778,6.41504337120859,32.12255754398847,-76.16426729567732,114.97908288703218,-179.001402783808,74.77142474353275,102.38892392242198,-94.77906859579545,1.0
4779,-70.64096864180485,-59.53980998733993,-52.839437812384496,68.72560131781292,-184.91029083344893,62.183971985867935,102.22493809925648,-87.34774594689054,1.0
4780,-69.58394065167705,-67.54157837039507,-13.798709736247163,-24.055822834968833,-184.95289824282372,55.219293037770505,101.82359275156378,-84.22636401036743,1.0
4781,-45.01300234387684,-79.09631946708357,-48.97668827551538,42.21608494026362,-182.63980281855353,62.1450190056963,102.18322882439061,-87.44756498472704,1.0
4782,27.688591403392515,-16.292501718667822,-69.05372548461968,69.54251114780804,-187.1543624541552,49.442975188155955,106.45694888160541,-84.06951768153186,1.0
4783,-54.48848201369621,-174.0242467054476,-124.13378887912975,91.49728294759076,-184.31616340493653,59.38666547141193,100.62713293984325,-85.46926910986424,1.0
4784,25.349320136361897,-84.77721216878615,-57.80195838641493,91.57564819226984,-189.44876290499664,48.954479989614,106.88522670328078,-86.09276982404533,1.0
4785,36.662374338867274,-32.28587203640836,-110.82306163469642,110.49448850487545,-193.85216664402498,42.833753449326885,104.13611863559687,-69.62413638200296,1.0
4786,-87.83654508491442,-130.99763434538033,-93.05893871317991,89.44005235622406,-186.635733896734,54.94222036844641,103.49690787832415,-80.89110003963211,1.0
4787,-46.868034594532205,-48.946508176905795,-40.763430239055275,6.051950628440583,-184.59052433031735,63.606870500736946,102.05678016053443,-87.7123994452786,1.0
4788,-34.977216703267466,-156.45150713840502,33.97863279422501,32.87097109683285,-188.61620144182345,58.61716358435883,102.96465738519136,-83.42238714321725,1.0
4789,-15.641056047332139,-79.90693180169889,-37.30967567658903,31.147813349887354,-181.65839799514924,68.42666273235007,101.2081596074473,-91.37062385113664,1.0
4790,-76.21889748976054,-23.9963960557219,106.56897851028488,76.97897101437631,-188.9855814151777,51.967131144338666,99.73665684948935,-79.4999789147801,1.0
4791,-52.1932911689009,-91.29493073385173,-107.68897690673455,107.690424104613,-189.26850477833764,64.26959551940305,101.11021977153193,-84.06559076701718,1.0
4792,-30.90152474651488,-42.55624748123891,-51.74550856823152,73.54659406284624,-190.27320778395534,54.9407772557503,102.51759012223364,-81.82325803402965,1.0
4793,-71.00563267843339,4.832654218597254,7.310113621743564,59.92119156064033,-186.18854002123513,65.94467659801832,100.2587501667037,-84.17342640337137,1.0
4794,8.629242965503913,-135.96792968148236,30.703130081507197,42.44601994028061,-186.9685661833575,51.69366631385747,103.59414179050172,-80.25643056066357,1.0
4795,40.8112687432964,-167.37628061296647,27.92526272365509,43.17533762026223,-199.1831526941924,20.879925996782326,105.61990162901999,-64.97749762576514,1.0
4796,-60.855642894047165,-216.09115210225934,-150.08013656459832,90.34859208442636,-184.0177315644775,59.04165307235076,105.38004782247356,-84.2958414646608,1.0
4797,20.693760170306554,-349.4289504842177,32.57709740796644,23.614357902467454,-181.34857216616234,72.65023568677763,97.9226529817942,-97.02822486146378,1.0
4798,-47.2327144824185,-76.08100565388281,-20.45541707213075,37.2701276412652,-190.0238838268802,50.12795980320187,99.12737499459574,-77.77621688177851,1.0
4799,-79.69627550630028,-88.52709546329413,-108.80539581959896,92.18542823183382,-184.54633400230298,66.04396648219591,101.6695143342549,-87.47212498953554,1.0
4800,-59.676392419686366,-97.17379953880784,67.6734460563842,76.06772086682639,-182.5272808462586,60.3666236699853,104.04080905821648,-85.78193853647235,1.0
4801,-68.48755235963012,-2.9072710559821804,-48.710531676024246,69.07970919564347,-179.52437506315627,68.19807571259786,99.9066885498374,-91.64993990922493,1.0
4802,-41.378089409489476,-112.11544820060233,103.84336467695496,-27.732859493591675,-191.83596899818215,48.86731578223278,100.17309560651445,-76.88404571904485,1.0
4803,-54.587540460657834,-17.455125229397826,-16.492567814308508,23.960438654690243,-185.68548565558942,64.14075965344529,98.16069691564283,-85.89818311280942,1.0
4804,-105.43124701340874,9.138889498575754,-126.11776949219447,146.25313902807005,-187.6917205520035,62.49149141948747,99.54724977459315,-82.7537557045206,1.0
4805,-22.67494907208123,-37.763670266199384,19.879709659475452,-49.149129699513736,-194.84772745392064,30.71099770794389,110.21860139507845,-68.03708855746483,1.0
4806,-106.62388456052156,-48.24999812580378,112.90064059402619,21.123570103785614,-185.37070080249924,60.61542805207868,100.24111977284319,-84.54319127727204,1.0
4807,-43.84186948893469,-34.07800218154293,-105.59613025300753,100.68074347599767,-177.98601352248807,75.61833813895221,96.67921267431171,-95.76678491131489,1.0
4808,-14.886226910529249,-177.91764486113246,62.715741190136434,-52.10735917036023,-192.2595993957863,42.71110362370901,105.00458828196132,-70.71183958917786,1.0
4809,-41.598397558287076,-24.532786844509516,23.452319934281892,12.615032160718375,-182.16916095645317,62.392238781844405,98.11930927090661,-84.22687022466884,1.0
4810,9.116639732294296,78.7393899958104,-3.718524048273558,22.91205881551679,-182.62880933664994,65.57906536010964,104.31485757874141,-86.84743686804117,1.0
4811,-62.18824318523571,-71.5138374164824,-30.623437617130122,18.25458283095883,-190.30217242448498,48.39989670124664,103.13798858821892,-82.18014828252208,1.0
4812,-28.450308264156444,-83.46945047369458,-69.12821795146638,38.278844599361605,-177.32452540146238,74.56510686004447,99.28199927994989,-91.75099983871837,1.0
4813,-10.224379738468558,-4.69536795078721,-61.99745416587896,66.79597168018545,-183.6864010808093,61.48471543196265,94.09476863690288,-81.42390624850337,1.0
4814,16.440133933977798,16.443469415835587,-114.57351085682828,6.9577479622030864,-186.35702777500768,58.325846899766304,98.11582561518055,-82.01809123662534,1.0
4815,-60.7409891508197,-10.793547150638394,-3.4572803069775837,8.478301752634637,-194.00392725441264,47.50741912533908,103.76620595838308,-77.11748846417434,1.0
4816,-47.917053247630214,-34.12125571139215,-50.62849645010375,43.70504668387358,-184.10614031493287,55.09682908570192,104.41075090684825,-87.42684646619816,1.0
4817,-3.302610170974263,75.67824665303998,39.92816771086049,-48.08420756765034,-193.17421206221243,56.472046672081305,101.5186577400473,-81.21428384686125,1.0
4818,-30.556740694100142,75.46390479499149,26.731492158108317,-1.7490538318355286,-189.78936992968457,35.09395804145612,106.30094423954105,-78.267143721032,1.0
4819,-76.37297637869175,-113.08863335119818,-108.0581770687685,102.59591404679371,-178.70199750962655,74.41053204156108,98.56458126985922,-96.50523987698412,1.0
4820,-78.40767657731884,-44.27003310188069,-208.61879919705055,226.44060035551718,-186.13945593684585,59.86335199486669,100.4685076198924,-83.64910556485607,1.0
4821,-71.1587842308472,-98.06364385575439,-104.7390636367528,115.40110900444702,-186.05690793414792,69.39491308056091,98.47741148232326,-83.52959603769338,1.0
4822,3.4669524207241507,-129.75788710807015,-94.9462350731302,77.80312877259608,-182.3153098278678,71.19743926173587,101.0465037160552,-98.0135718622063,1.0
4823,-131.50383150496492,-13.972669768008043,173.04248952506566,5.240890733299247,-190.4823095464629,46.401149722147295,105.11138222893541,-79.76442125404832,1.0
4824,-90.5215356063475,-45.29192406898886,-30.590198691452496,-24.27262345960388,-177.7537911922575,82.0427905718993,98.47740286337388,-97.00212969615981,1.0
4825,-32.636157045752874,-19.385501073057025,-24.04576869303705,35.50448934760772,-186.28889022226832,58.20583123165242,104.64428407013028,-83.72428177375947,1.0
4826,-190.01006553837533,69.76974772065918,199.5881889849754,1.9354264675214228,-183.0898958008352,56.28103160286669,101.99211711010696,-85.79347924598902,1.0
4827,-40.004312719187524,-47.15962690568391,-11.884873591403005,22.22665338143494,-190.17381310826372,50.114202969080445,103.72405117169828,-77.97652919925153,1.0
4828,-85.48103513861172,-80.60657890517061,13.60898822234895,2.2316841965652423,-192.1864007140327,44.49974029461193,106.21942948203822,-70.8665664765141,1.0
4829,-68.22415385401042,-37.21426823945359,47.65064613838855,100.67654806120973,-183.88650562739423,71.61862481350425,105.04403875591278,-93.66736394400377,1.0
4830,-6.599259563655918,-0.37588277714377116,-41.970505874333966,36.64119178952295,-190.10113921941547,57.27712236561929,103.10837167324107,-81.85496705402873,1.0
4831,-13.151095587009229,36.12873170786875,-1.6592811311310962,20.207471712916494,-183.0237916311052,62.30926103823487,102.31217607845231,-86.98154086120846,1.0
4832,-23.958511088370315,-106.50774853594707,-94.0293690293692,80.24333276746668,-189.06400348669803,45.21711901320596,102.13336790599178,-77.89490520107624,1.0
4833,-18.67809475183933,-48.17601768192464,-20.391449862718478,39.15225808605099,-179.06973254557238,78.02924046069245,96.95710489486069,-90.22018050578052,1.0
4834,-13.209234497136304,-92.24459049213269,-62.87378745651877,54.563217772505126,-182.75112801124118,82.63074278922863,99.48945295136843,-99.99848964442313,1.0
4835,-94.21296018944385,-64.53046079170586,6.069030630317424,20.13024596592441,-190.33462366946878,57.39231941821484,103.03486698101399,-78.65360310076717,1.0
4836,-26.970369165214063,-1.6615328891064596,24.499887520984863,43.707670447521025,-184.88106643536338,54.811657086377785,98.51186425066017,-76.1883196390298,1.0
4837,-25.526254299916374,-112.3023488310968,-101.88234724491166,109.76105685146291,-186.4619782408572,71.9191732154597,101.49415410351091,-92.63666041815463,1.0
4838,-17.071097327095377,-174.81517051110126,43.50629578659598,-18.960732178942465,-186.60829454937075,65.3174869790047,102.82197025201648,-87.04570393109812,1.0
4839,-15.161800195573441,-43.99659706836234,-23.713096923693435,21.53961199107034,-187.35832381395736,59.13692030618415,98.52764715108724,-79.22282042968048,1.0
4840,5.954672368048502,-119.49717701045964,-10.50117327462104,-24.89428830849055,-182.95444497441835,76.34105558341825,99.62747094955942,-92.79969200838916,1.0
4841,21.834827745934437,-127.6915409684934,-72.4131195663059,8.017657184415567,-178.47372266263727,69.21269721693164,100.57668901070349,-91.52617276381122,1.0
4842,5.974581097808018,22.075843763241586,27.375387355625193,3.9921114157343562,-181.62979280023728,65.02481785501814,100.81287627516627,-86.67274747032137,1.0
4843,-18.26409487585016,-7.5245186922728635,-57.63036051679735,65.39453984990554,-186.8564851840285,55.901275513374436,100.91985843520081,-78.02703959947854,1.0
4844,-21.655669096277727,-16.517247925467146,38.09254154107116,36.13563574590836,-186.08318372669817,60.446694401069536,104.99667754213279,-85.74253033221368,1.0
4845,2.932495639079286,7.0854744963307015,-67.18553482997393,62.13549073105047,-181.78334258329454,62.016136042162415,97.15137942938728,-87.97852136274453,1.0
4846,-127.70161496791125,-38.93207897733705,119.67979501876871,34.36922121700441,-196.1490282433914,36.72004971102683,106.85149530972282,-72.23378943776616,1.0
4847,-150.96938653599935,-38.33307793842845,161.43035588481143,12.842261545936868,-189.10599419049026,49.41047938493539,106.39444774278881,-77.7038584099057,1.0
4848,-29.564970136234315,-67.12480076700896,40.2071880259342,25.37330942590716,-188.5265798678863,47.459165465743624,103.60721579788124,-83.54506933214554,1.0
4849,-57.53479646895696,-53.61292776331288,-30.75417263839585,49.44699444669034,-188.83943756335626,50.144062818315625,103.09789666877896,-72.88693491954812,1.0
4850,-10.432563191897465,-156.19501957368118,-144.9086725495986,119.68318770398909,-187.93358556691192,46.80995503858437,104.35697165536226,-75.48359895208768,1.0
4851,34.2789355838338,19.144625486708165,-223.3979255560962,-92.53951088784763,-184.13130714842788,68.58231917984148,98.28063388223853,-91.60171616076241,1.0
4852,-50.61030877243146,-186.56330029912732,143.32422976604343,27.770321393407784,-189.53958777086768,44.60182684773939,105.70056638922489,-75.0462685317885,1.0
4853,26.40574091046981,-1.025517093252093,34.6251903397663,-48.64308457146988,-177.92872578866155,69.29640311614884,96.11799017178454,-92.92769909435809,1.0
4854,-63.00225692923887,-24.84142068959621,33.90710481182821,53.35893918384884,-187.23581790729628,68.67102062700982,101.73879683970384,-87.0041240447387,1.0
4855,17.42023241477201,-44.597037131833,-6.273608267766296,25.788164953066882,-187.15207921353874,66.60266476738607,102.2224991740949,-86.49472219002487,1.0
4856,-52.65891902216171,48.61241798355336,-6.510407805977425,36.32559912562597,-187.89942678963035,47.709651929729304,102.75676208020869,-82.13824878041085,1.0
4857,-52.27421862879683,2.4130375071182764,-32.19671847492023,48.51453661860845,-196.7505261108613,29.283564859308445,106.87559194924032,-60.59005653241506,1.0
4858,-47.698780986075306,-104.83313093244769,107.01050670784436,85.92385535671318,-179.33012095316892,67.7724650576788,107.0134105188763,-92.00394498388738,1.0
4859,-45.50263795267443,-86.87018752386074,66.16223018081857,65.48858397081673,-179.3913511183992,73.33303834168186,104.05528924454201,-95.94989717124061,1.0
4860,-78.76101837687773,-98.71568615206525,100.76838668009682,3.3072068747328434,-197.34844727529097,49.1658161601203,101.27213305082887,-77.0322959950962,1.0
4861,-95.5751699994671,87.34019878330439,55.10118969520137,38.00602686572147,-182.7111287567804,84.30593084744544,98.25786502006883,-92.50954501105771,1.0
4862,20.220885715024515,-40.57373116378603,-13.714144995471456,63.575296655484884,-186.04866061214514,60.42636685130551,99.3756145167183,-86.23610966708516,1.0
4863,-15.457574962616635,-10.163211427982183,-43.31355262790856,36.12922277389123,-186.753403565308,69.26343572427984,103.73780591720612,-89.48329653356804,1.0
4864,40.11695785917869,13.248681952367624,-35.046335887729406,75.80587481817993,-190.20564610508012,47.72783306005948,105.89195878796261,-75.1012929191241,1.0
4865,-88.9299876909139,-76.64085799291766,105.16797190713349,11.326422528370239,-190.91810024379063,52.98376438663682,99.35555738871358,-78.52173255329045,1.0
4866,-56.63903671797193,-106.76568917939204,-31.470051080035216,8.967221767602062,-181.81199372603504,61.59005846931143,102.22221109878323,-87.62102734380154,1.0
4867,29.376191169568067,-56.64989185709762,-4.06930370260663,44.638250830388124,-187.0888782786982,69.13182621413517,100.22756216055966,-85.73612155471945,1.0
4868,10.602445492317592,85.37817742577536,15.500590324493624,-3.072430950573257,-186.73705488618074,69.38124928894112,99.13096935300578,-86.99347386021275,1.0
4869,-37.57013613801906,-16.987664371439436,-14.044204683051662,32.22385074138483,-182.29200948748934,76.66786527848657,100.8351501892504,-97.58470565176859,1.0
4870,-53.224463211235005,-174.18792366685358,110.34418730287672,11.645844831052777,-184.19153575910508,59.830644315309556,108.12162041152892,-90.81663315448921,1.0
4871,-51.13439826875529,-76.0926801427935,34.598397128973474,62.90720070474237,-195.32255612187043,38.712548299023354,103.1784655675129,-72.0065219872012,1.0
4872,-48.89634850919703,-63.16992752838295,-100.67352825341457,120.45593666154608,-184.5273213210391,60.51443367047151,99.48008187348049,-83.4245264633514,1.0
4873,-53.42885649729821,-8.644665653443573,-45.753495243902336,65.72605120891329,-188.2920798981326,59.49531301886213,100.94638840912909,-82.14046346477953,1.0
4874,-33.85276838172524,-28.79039013155745,14.274961096178973,34.318355770670124,-181.00822763557753,72.95370608383996,98.74454875062898,-86.75327241044448,1.0
4875,-49.82618091996227,22.279582155615152,83.4763980151916,-21.766985975612695,-185.24581376867152,66.52224306594601,100.92985527165708,-85.38663068622725,1.0
4876,-65.44031004006267,-101.60038314372134,-143.64926751606217,158.5771049457943,-192.70622164016436,60.322507950829674,107.09658065137101,-81.59561991399765,1.0
4877,-104.11689304740692,-158.75840190157007,-97.30690988072966,121.15782488368131,-185.87896346581869,60.275154234493264,97.5278593221769,-84.4636843961462,1.0
4878,-59.647850038267755,-32.59329960690651,18.99558452369955,-17.269378952858126,-175.74129223394482,71.72388080769952,98.6772291308981,-96.31404961896456,1.0
4879,-140.57729028772826,-82.96679456614144,122.07625384252529,67.62961262193656,-184.814765776574,66.09827993601175,101.94068326124035,-91.08497433556452,1.0
4880,-110.78429018224038,-67.73440723488861,-71.50126535081912,94.87615488619635,-188.43339196970348,50.91696583678717,102.54785972425886,-78.76099836689961,1.0
4881,81.73071240176799,-46.30467685614245,-124.1141556173728,89.18436374947333,-190.35066765433163,40.02395224077159,105.2884902587823,-80.97637484503781,1.0
4882,-63.957442753548655,-60.58215495586976,-54.838896984844276,65.1124356606823,-179.27100413921636,73.63868275612899,102.8552836365928,-93.48518216762209,1.0
4883,54.28776800059947,-31.507788635923433,-83.80102659894044,55.07477052492553,-175.962937774428,79.99352343426051,93.87929138519743,-94.25027602246722,1.0
4884,-31.812353758539764,45.69939636140236,-13.970208226040024,27.461493662014608,-179.39195273579895,60.17909274672238,102.6744239724743,-87.39275257657773,1.0
4885,-75.55352939780153,-48.85101432561172,-47.7731937428091,51.98150531930115,-183.81251535738477,58.59502624491841,100.34088000215385,-86.83615275814147,1.0
4886,-8.360592221236956,20.324429055859504,15.215801979511934,-55.76198328061873,-185.4641431803643,51.46555777626689,100.7528502499482,-79.73370656684575,1.0
4887,53.77823481640669,-9.041687054008857,-93.68166393804862,72.70757863192905,-187.32779193473013,65.03117998048033,102.84923658983057,-85.51743216215274,1.0
4888,-21.03184523187103,-49.64946143756284,-19.110896218617125,-6.966064287898832,-188.99157215164067,56.540246247476006,102.73481399017902,-80.72794237621338,1.0
4889,65.30793811111586,-1.9125208239589853,-62.29283686861653,17.973152511746797,-176.52115852685256,81.39178341760044,100.6769170638277,-100.28486672547277,1.0
4890,-46.90754396197813,-31.616573737319737,79.97800160268253,56.55450791838727,-191.11331356318,30.216206157606397,107.82091229161935,-67.25003328318067,1.0
4891,-121.44584215283874,7.408493033447755,134.02749614061153,-12.963766724539006,-185.22139651681903,63.585174622273094,104.39110582722705,-87.13556152382813,1.0
4892,-31.30718124599334,-44.96935442796178,-60.41819352238888,56.706566173078265,-178.97296173662357,82.75896965437478,96.69270924281716,-92.9535169037739,1.0
4893,-100.795481430964,-114.46114933222746,-159.45292071577038,137.2413441477329,-180.65345915349965,70.51710912962781,102.66783787781964,-97.01269639027305,1.0
4894,-148.23182876242734,-125.86524144311059,237.30331309805467,-22.650268304666742,-183.485444467199,55.803069852238536,102.94210316445863,-85.20793551081061,1.0
4895,12.203639169747094,-66.34879405946657,-113.16813585988426,104.95417390675127,-192.5129072585206,42.8945404569109,101.53643898377346,-75.92513204452901,1.0
4896,-101.32416052037824,-111.84345041646813,-63.54856567773116,45.763303094603444,-182.4989888475584,51.38939988499857,103.46257266020112,-85.16243639055122,1.0
4897,-57.24802961987081,-87.40310471885306,-120.03881029009924,127.04406656904759,-186.04928410807906,55.962962810764004,103.76922622534434,-82.03181703087733,1.0
4898,-28.056654436903905,-93.75075667439987,-37.31163325142214,31.423687616318947,-181.75694766365754,66.20018259307254,98.89237698322243,-83.41060968803353,1.0
4899,-89.32993783792604,137.74145160288634,61.45178037589525,54.517061825953576,-191.8094398464119,49.34234766097606,106.74314127161348,-80.049691039642,1.0
4900,44.99905237787011,72.80123791236421,22.3976984862424,-0.42028504349563844,-183.71443381621688,72.51197211856517,101.44331354339086,-91.0095556853568,1.0
4901,32.042163339025834,39.52940748847996,13.411841691915349,-60.05713279464751,-182.93349109468372,71.32453060837459,101.84207933542086,-86.71448892134241,1.0
4902,39.12217567566542,-65.18282959287404,-34.81035089273911,17.287635174030903,-189.07915301875823,41.52381790758685,106.69487082399284,-74.31836506744806,1.0
4903,-42.40752157435113,79.43474617924122,-90.56208109424621,138.2884981339022,-187.0845168998557,47.62971705592692,103.70911085463719,-80.13444557472053,1.0
4904,-47.19158727866891,-45.66645264437884,107.07049805357207,6.99209636342748,-195.58165250461713,41.89052528616274,103.98218069281883,-70.11824170445368,1.0
4905,12.198365643914894,-31.95007668771661,140.1924184911266,-63.924203890774976,-188.79296323687097,65.55419431896215,99.4238241081824,-83.86955897799542,1.0
4906,-102.9774351524765,-144.8860733825032,-150.6829773159171,135.0202742463211,-192.07393531887422,53.550593820147675,105.08593686248874,-83.63503139449034,1.0
4907,-21.055785874270377,24.44160980371899,10.344348309417061,47.227226695459535,-182.7068218087002,78.39407809499909,98.51972378048833,-93.38569797467352,1.0
4908,-15.172378358032383,-3.830739280408557,-50.18796499204645,66.53095496243819,-186.05567237144373,66.16841557464791,100.79355012432805,-83.57572421018753,1.0
4909,-104.39511779661017,-87.99329096122807,-52.6664127658673,44.84265621424463,-183.78725991979675,68.76274294089576,100.73521252613433,-88.80350505593648,1.0
4910,10.785532703922286,-175.8636011428736,25.8363288803794,37.3774739009202,-191.40396081257708,47.96947102494353,102.87436286075048,-81.44370179550522,1.0
4911,25.088068581235824,-205.361552852529,-11.473445044296954,42.819353128968665,-179.264029331751,81.11914135231477,95.68988551374747,-91.01414004142181,1.0
4912,-32.03895319332209,-189.8454937710325,38.03895418983105,53.64082158537546,-184.0525119863195,64.03037497984366,99.13154388213336,-84.33110608825258,1.0
4913,0.23754169076160014,-16.01120201853046,64.04782815442647,-72.46803386959304,-192.50677105293778,49.09685641625417,102.41606014051581,-74.6253951547253,1.0
4914,-85.50194967545717,-110.66594823804405,-52.01622689054146,70.87399101622597,-197.93530306389798,18.836780782177478,108.32170784632864,-62.163819555119176,1.0
4915,51.505413898756125,-12.510467828841271,-32.71878239659781,-27.107757469613112,-184.38266932995865,51.91451238982958,103.0140177267331,-75.67674733434598,1.0
4916,-106.47038380686422,-20.91219594043576,114.090376926347,-5.767144641075189,-176.88390423198715,88.32041696063729,98.61135907347105,-101.975798489132,1.0
4917,-99.99671814051514,-147.50230260279042,-109.39235335064888,110.40964526706732,-183.45619080487825,73.9237201373234,97.14354285225994,-91.08537495583042,1.0
4918,-54.326033109256336,77.5122510767715,-1.6974525396139029,20.80220916493467,-193.1084362585348,58.52036092173592,101.3268058078431,-86.18876329134521,1.0
4919,4.251947488705094,4.153470950690203,50.5581559175847,39.83063094153867,-183.3956440803466,66.4392379341178,105.6631782230149,-93.02258806054341,1.0
4920,-30.111365840976944,-102.65321735409768,-114.88990667826613,83.49022652844967,-182.39042040125176,81.96378032039303,96.02031997069152,-94.3942565478898,1.0
4921,99.40880198015955,-303.16989033729675,-14.33314658474819,73.71156540121568,-186.26659729296023,64.65652378772654,100.69767360885177,-87.6700869181545,1.0
4922,35.745908038725666,-41.937054350056265,60.63273443460228,-92.89265658677152,-183.9560166679294,72.79790079922348,101.60457508024912,-89.79610240692904,1.0
4923,-196.867033070281,40.23526534114079,273.3394618184808,-37.75199781633316,-192.7250611706809,55.453840477208175,105.05252802472464,-82.97678444069196,1.0
4924,-31.243191345493276,45.86479662684123,8.227892001372306,7.014591277985815,-190.7013997922963,32.63527302014282,105.74630504022369,-72.86603375278165,1.0
4925,58.771014556036114,-57.855954741450574,60.15549572519588,-39.62189932734539,-177.75844612134162,82.88092116556233,98.49252275886401,-94.79708601385303,1.0
4926,-43.62730720214758,-25.077899192538656,33.05686877941291,-61.80974016298746,-187.0922647284566,53.100768033248286,105.95837571888823,-82.56597647133972,1.0
4927,-58.21133221464368,-32.55725661711239,67.77236910673558,65.47201662796773,-196.81176689093667,38.362468261154554,108.95024269321137,-71.01897386364574,1.0
4928,-87.88192437873448,-28.988526641610147,88.49668880448583,20.18371785749072,-190.0571875645558,65.34400858551888,102.97388670870859,-85.46740215642365,1.0
4929,-67.84216073998317,-21.061368634946092,12.963266160905086,-22.519034084250812,-180.09508247620897,67.33540711945204,105.35259110497839,-91.09766486555111,1.0
4930,-79.61298790522602,-61.15122337302752,98.85909945242543,38.28614290191309,-181.7425988592531,81.90347564501309,101.1579894514177,-95.39429014435986,1.0
4931,-100.07933507524743,35.49198344780399,64.78093946095063,4.206580921511849,-189.61829637130404,49.24975027634065,102.63150894419333,-78.74771416439063,1.0
4932,-77.74427401228314,-19.25882721982464,-5.759629345537126,-19.26464399163301,-182.14313657365196,63.54801351620848,98.89258676060459,-82.78960393226984,1.0
4933,-1.3230092127440696,36.90315367422732,-32.03755697181282,42.93249369391695,-184.37564883260524,62.23713107551698,101.07727590428456,-91.936617807869,1.0
4934,-10.32841216392733,-135.57354381588445,50.1067826212462,78.17442971564974,-184.79796965510639,71.2898690595949,95.16959224033653,-87.54747146112342,1.0
4935,-91.24889386169656,-65.27968542788352,-24.077873555375287,5.753209337235426,-182.24988772867005,66.53910443491732,101.36671627746553,-85.67306600920323,1.0
4936,-42.016274053861,-6.402160776374638,-53.186836885929154,59.51386914590127,-178.55941320653483,91.03130660511752,96.76483213781886,-96.65035452649798,1.0
4937,-12.208735287646583,-12.925859249897279,-12.119516611650122,11.703764264062682,-188.73454760950483,51.18122080803823,104.22161782506133,-80.00971831490446,1.0
4938,15.182567075321673,-105.90709774130187,-108.99478971049264,107.36697851521409,-184.74388644532556,58.68843315865734,103.25893689255082,-84.9458693349351,1.0
4939,-68.11951620508708,8.894938014644627,93.17604894582438,-27.121628959939503,-183.1520003738471,65.42845590243496,100.44285694448823,-89.01723568207753,1.0
4940,-42.53818181409233,-13.421832820815114,-73.3137738549015,87.54425182980765,-188.69426769863523,42.27317693267027,103.34318482397032,-73.78547274399183,1.0
4941,-33.429459687742614,-71.7643280208043,-20.643553732446613,36.9317114801845,-185.7149827037443,41.90777869409598,101.67108245631478,-77.73682960565985,1.0
4942,-69.7504738193563,34.158357266065245,48.471355683468985,-2.1988328464894846,-189.729897141353,51.819608345154734,106.02190319642476,-80.8308059073369,1.0
4943,5.802255083167607,-40.47411410478834,-44.078839181665266,29.25775756221849,-183.02854821613096,66.85916349973851,105.61297261369296,-96.04135613190638,1.0
4944,-39.18295991763042,-18.807701878057383,-52.67546245748923,75.30929721641495,-178.618573738931,81.08146112436633,97.83087063813885,-99.1486608569993,1.0
4945,-65.37829775723426,-152.55472208419278,107.6188924759232,86.83857843003119,-187.76029027343787,66.99137872355594,100.7214858605253,-85.49064169917641,1.0
4946,-5.001413784050085,-93.29406995806237,48.02452618776194,-35.37593613953178,-183.80813061318753,66.8397520098982,101.84675875549433,-92.707140639218,1.0
4947,-63.932210852884666,54.287014042613805,-16.526514243979417,20.857832417188007,-186.48070381505215,49.052840369204446,103.69166646899836,-84.64617074622137,1.0
4948,-42.976715115419026,68.0051140019392,26.04283664639423,22.56144017498361,-183.41909543695698,75.29872169348575,100.78902206836744,-92.36037747319396,1.0
4949,3.2070953905637523,-53.79182203176632,17.27699270196363,42.692859719533864,-187.31947072757728,49.965180363843274,99.54144071914416,-81.98729986904677,1.0
4950,6.187005998775019,-187.24297220803982,73.66352898904951,33.073029206890965,-188.3781770056,70.96823398791308,102.41770000740428,-89.66974204451053,1.0
4951,3.5124588318397265,-187.95649936223114,-0.002284072259833847,-0.5035598483937864,-189.64835019818702,54.63759434268734,102.77226360708298,-83.35433773987978,1.0
4952,-0.12824431935101743,-40.89161882309787,-15.261372653103225,-7.405863697213594,-190.9278001148898,37.63121226302826,109.74452452762796,-77.48373032386624,1.0
4953,-12.68396257669839,-29.31856295830972,21.480144120857158,-45.42303599577097,-188.95403632917174,65.3188389497186,101.63568829393027,-82.77275807183848,1.0
4954,-31.459145471978573,-69.35505045586905,-10.281908453044231,-28.21443982957573,-187.13975739786522,54.24857049014845,106.40808291680605,-85.03158506446873,1.0
4955,-4.44367348774426,0.6504048045259392,-9.890618774171656,54.651162669660195,-186.41321354413017,54.98921916018629,101.23623054238173,-77.35380462747761,1.0
4956,20.212990154817057,39.95790712659405,37.314269815147284,-49.53991035579218,-196.3704001107372,35.22131542017719,106.1799405276001,-69.54626160231234,1.0
4957,-89.39669617743262,-96.47072836442479,100.62590163056105,23.024295496897302,-184.16535475574025,60.848730556990105,101.73633195837652,-90.10234329048251,1.0
4958,19.26463209146495,-208.40817069458626,6.321874769384123,26.274841950182314,-185.28747785921155,44.06140913839472,106.62058576052024,-77.92627672859183,1.0
4959,-99.49276887510156,-29.66627486262583,150.30485335720653,27.40250998277617,-186.92600565934896,62.32340892480665,102.23783940012672,-82.82697696184238,1.0
4960,48.05735192515213,-35.0228059242424,-43.321557076070164,-31.841105408486637,-183.35308537724853,64.95585804332352,104.44492695385127,-91.93979246386074,1.0
4961,13.423570278326203,70.23931290068882,-82.32994824762162,126.13192790470778,-177.93749156988292,97.00691156169003,95.74039915637621,-99.8717415937974,1.0
4962,-103.84243226926726,-53.88121150648713,124.3215269844689,-16.45360820490267,-183.54398728149383,82.46846804668824,99.12647740558165,-94.22661166604068,1.0
4963,24.03170769471924,-37.22759827285673,-64.2434565085213,60.8284154261481,-199.02957754100137,26.886435871042117,109.70944417949967,-63.70583298311191,1.0
4964,32.71606540423399,-202.15219819147427,-40.1951764242497,86.17366787683585,-179.52969735977692,70.13816647057442,100.14058328680032,-87.42087365271964,1.0
4965,15.495068632141818,-41.96893039385662,2.1053629950277153,-0.970447260960311,-186.43970675624578,68.26071136652534,101.97834709372349,-87.77199629052046,1.0
4966,10.794750578309365,31.936301901098552,-36.08477552930218,27.996547646338882,-195.14129834664848,33.84421620620925,105.39696940688465,-77.01593766846453,1.0
4967,11.290040531802969,-50.882727903478475,-1.572930983888915,65.53991949941104,-185.12648562693352,67.54382110391516,99.48640822377841,-92.81063120495196,1.0
4968,-68.81478318707866,58.70748292180446,46.98289854200971,71.50376112984753,-181.87225883388234,78.60652377275918,103.14840982580434,-91.88976589312972,1.0
4969,-16.744401978360372,-9.511903372732366,-39.170595215481654,49.444758035217326,-190.93222442505325,54.419096406057285,98.92414682200986,-79.16754214181262,1.0
4970,-41.251202731678625,-219.41014437776937,148.18753258330472,52.40803118134616,-180.78668677500448,80.19757455834244,100.63101813711864,-94.73864519894543,1.0
4971,-71.83288465827815,63.35094065300484,83.39621552677556,-40.34161453351949,-184.82202738427415,61.252240184538074,100.8485833205128,-80.59940681294792,1.0
4972,30.3018958373091,183.29499714770162,76.60982505395353,-47.335317223045095,-186.28567061481425,43.7743710936813,105.35768706366026,-77.42242146841133,1.0
4973,-9.635022655412728,-56.01118209450379,-65.89541840125379,39.64254000188265,-188.91778985528512,59.41827471393223,102.24846628466642,-85.5198354980593,1.0
4974,-15.749153595100365,7.908306692581796,-48.14836364287564,92.28966654763767,-188.57279393202555,52.23308753221783,102.6031078249655,-73.42210380852532,1.0
4975,-80.45072204711353,-3.1433477431714762,38.4768783723653,-46.152438485055015,-188.2062681040355,49.535885878116865,104.366132507442,-75.86333193488485,1.0
4976,40.10534893673633,-74.27942465773508,291.01170199523244,-39.86733020693202,-189.69995688077947,40.11968058925126,102.64713953032145,-77.73491735541795,1.0
4977,-21.03274141486883,-4.195952703354172,31.155468631374806,-22.57144725186695,-185.11963402805407,60.289365229913734,100.84364631039934,-84.92988916581395,1.0
4978,-170.03664545698172,0.18446368043055217,161.36197322094125,4.709274155940591,-189.28467338592125,69.60749485607646,97.87453528201482,-83.56076316512414,1.0
4979,6.9569627965738015,-68.62120724228247,14.453362868907849,64.0609435748681,-191.21715961249473,46.45148074935367,103.35903866836715,-82.32346819849771,1.0
4980,18.003989310197753,-97.81474853470938,-19.573373515505544,-30.8890402782794,-176.22100472786883,92.56596859967868,96.8626517823607,-102.10342986997476,1.0
4981,-38.71572662534607,-150.16296136877233,132.875165036806,0.6887774705729932,-188.81505828483373,38.741202575479306,102.05957328782186,-70.8029665465638,1.0
4982,49.533060377283476,-192.1098297531641,-49.68110923758135,38.31488677755574,-181.56484997306725,68.97144779180269,97.99779827552797,-84.95919922407543,1.0
4983,28.003713376742933,-111.59279548444619,-21.606187582876558,28.80441030045367,-185.56718965280612,57.16320464311663,100.63453851170485,-87.88959593001596,1.0
4984,-2.460128413625562,-29.03972682070366,-28.178905910932084,42.64900698615744,-181.6710298010287,78.55266915876906,99.6119879789365,-94.01002690944618,1.0
4985,-149.91289007637945,9.177108054928068,115.14304544610971,33.673893116693414,-184.6934520067761,68.64005935973285,100.27334866869202,-86.89853421364495,1.0
4986,-158.3847625007803,-11.145961244103015,184.6803842336739,62.270928365766,-189.9636192532058,53.4941555661029,103.95607920096425,-81.62154318303718,1.0
4987,-10.244545792905162,38.68610049599903,60.14611590642269,-92.27923686525294,-185.58682890477976,62.05007116661513,101.26346919326092,-80.49772127523545,1.0
4988,59.7460840753582,-103.89766766641723,-92.31526746841637,32.667581494098805,-189.7986638706079,49.084652197524264,101.45646450303754,-77.91461461898078,1.0
4989,-74.94048914993985,-45.09222777690481,40.21997446348771,13.775914621313188,-187.73348977204307,68.77660566856908,97.2525837758296,-90.01993500032978,1.0
4990,-40.75921961484571,-77.51480496882948,-147.61917226808717,178.93450203218083,-187.5705417047174,70.90555837011104,101.90293487373262,-87.78733841425546,1.0
4991,-129.5565740806731,-57.20828460212039,63.62254487530626,-140.40176887153183,-187.3338612464434,55.984073868853386,105.86025044051655,-85.92140974731363,1.0
4992,-61.419354647208294,-20.649692414148387,-93.11734791957042,106.00826944424541,-182.9616695242645,80.33993262248936,101.06238295306562,-94.8735903510807,1.0
4993,-11.417968994288197,-17.30879962318769,34.15100508449629,-52.558606138174355,-187.17348819896077,57.84896282807799,101.10797206625035,-78.11774969460765,1.0
4994,26.311055187533995,68.90255896857302,-116.50830356342381,90.23970719298163,-181.8681592351487,77.56493516855028,101.12829413518071,-91.36783176076445,1.0
4995,-23.31189658033536,-116.90702535910785,64.13936442679054,-26.59089499725551,-187.5133664284665,67.31151891423319,101.61504979973923,-87.43532388915031,1.0
4996,-125.12342500288156,-89.65107294603236,178.85342509807282,29.446954714464308,-180.44532720807587,76.2830722082163,93.53037514085247,-91.95009463149836,1.0
4997,-113.0937441313476,-21.403176760058884,98.94143035336127,-1.0882965689628321,-187.46148150176757,58.82801928526697,103.57181636268456,-87.3541188200885,1.0
4998,-25.218276610046104,-7.496939597770558,40.561099067949336,-45.500309292000416,-182.2357769235237,73.73281820815102,101.1943430775473,-91.81273643956294,1.0
4999,-45.777257399215216,-60.3397128560742,-94.71961963966596,114.45633794703834,-187.99481697647334,59.45391578534861,104.04733361780735,-83.52204808712106,1.0
5000,8.56921017242459,-78.33250077776513,-49.18974019636725,51.96073020785084,-190.13785359864244,50.736557363551874,97.57513408526697,-77.24733826744365,1.0
5001,29.281721432240694,-58.84588219334662,-59.049317750588834,32.00702132720006,-190.43946522483918,51.81102082356544,103.45215710798003,-76.58411383550332,1.0
5002,34.164156010650395,-16.062255689999038,-25.079780734404633,-18.140978412141994,-188.10530039742292,53.18586637607086,103.30901481889377,-86.11363307541073,1.0
5003,-103.76666588304708,29.389440847242156,93.88199846885267,19.580004425921118,-185.4781853446225,61.76267393779222,102.51320428203987,-86.21442105813856,1.0
5004,-108.62568596364572,-54.158484809015796,95.2516544755173,10.180183055486236,-187.48056815197452,55.042746558533956,103.75612514974435,-77.8746031883104,1.0
5005,-19.02986190036777,55.256201968828286,-19.724468501914437,45.613957310165304,-192.97457432853324,41.7707927596115,107.30330567083959,-74.59843821682531,1.0
5006,-67.606772580467,-96.76909990244826,-62.89701384599221,71.81154493051345,-185.41526946177237,48.68426664509656,103.02559763172172,-78.21645790561959,1.0
5007,-69.94086257749038,-41.086929001781485,85.61688470841857,65.20460023752544,-196.9383462471086,18.16213758568825,108.94703435818677,-62.30340866960876,1.0
5008,-46.534728962166994,-88.13574039722182,54.50118898110167,63.72361663406521,-175.2313307158892,78.30695777065331,99.37071294015873,-96.50078184725506,1.0
5009,-33.82187876912981,-123.40677798153918,71.58203161356566,57.10211693071972,-193.33847256271204,47.51235833931203,105.61156543626291,-76.89039333286692,1.0
5010,14.300897403586088,-47.19714293919678,-34.59429877779046,35.87874653018273,-187.08808497984276,62.717686712759175,102.40383412679661,-83.6462775620176,1.0
5011,-26.682823108950004,-58.01999180686731,14.646895609797925,36.12877208064697,-190.2584436867959,56.281861075153024,106.03612524671631,-83.77683779003227,1.0
5012,48.353951708886314,-5.641127602277473,-36.19900220841525,19.77842450241316,-181.66808385028875,75.60043567132917,100.46104213448886,-91.85358896894657,1.0
5013,-95.42468848463513,-142.04443518517948,85.73303501767484,14.069008104875916,-190.50784652120794,56.395860257320095,102.53396305302829,-77.09648712817531,1.0
5014,-66.64435936425836,-128.3853280930643,-119.99202456424143,140.69662133568968,-181.66067496182396,65.5452931786831,102.8500923859377,-86.5497090494837,1.0
5015,-4.737166413270083,-83.18041737886612,-80.49593196734763,51.86829409681843,-178.70725760803867,78.33513034590518,97.3084313777382,-95.11965329674095,1.0
5016,-43.07274312321388,-43.78262516276376,56.60348550128249,76.46494937383189,-183.04728542963738,64.72185053280296,98.8918884188446,-88.67236960378327,1.0
5017,-79.88832282783736,60.89985182787716,147.12523157199132,15.380860944937583,-183.93032699143615,59.15541004256621,103.6364441802948,-83.42780920111134,1.0
5018,7.8225318922138465,20.492397308563028,-17.073136673477546,31.922907919169063,-188.0576856988036,65.50101994468993,100.87007828174718,-86.57737833728551,1.0
5019,-66.22449385776463,-105.51885404341456,-80.5576408754271,68.6366433659696,-192.3875361344368,57.93226107916937,98.51857773502846,-79.92361897048248,1.0
5020,-65.32031294589002,-137.9949761369287,117.3049574040073,19.703944009080526,-194.6170148790986,36.33835822300176,104.03202458425054,-69.84327095578182,1.0
5021,-47.409291105757646,-70.84123216976337,-98.19303599361355,111.83228230561504,-199.89558930888748,14.530865013397012,109.1327935998947,-56.763847321709406,1.0
5022,46.16977200039012,-8.204664364399921,-57.42399378865455,48.461336915000636,-174.26116560210386,87.88366625332245,103.13503054869803,-106.26548007835862,1.0
5023,-4.125446159526986,20.65588899855585,-0.7634737096580357,13.812263673091508,-191.2081368259145,43.00903118287512,105.0337212863479,-73.13721162724,1.0
5024,-25.64124888398853,-27.11054237757195,-33.642293229561815,26.235833011676064,-192.25272306005022,56.53903527369431,103.62644807857761,-84.99393165451542,1.0
5025,14.375419054254479,-68.25953522589003,-12.98727102006576,29.115106158413152,-190.33981777565165,45.243979237105115,104.22149794161763,-80.39383462758953,1.0
5026,-72.27237182198188,1.0608719970971126,29.425964638559478,29.176064947652986,-180.50070005285122,70.90070016954947,98.60308392769925,-91.40303724558602,1.0
5027,-133.35271552595614,-74.9066784195661,165.87531625641537,71.29162806521494,-186.20447027470934,56.29168118518525,104.71119412080459,-83.72242877936772,1.0
5028,44.9227876366022,-158.0550039274756,8.021070448708883,5.528227466982183,-182.6592724336362,69.37677886577049,100.09639588897733,-93.9604108070063,1.0
5029,-52.165508647578186,-24.098052926592025,4.2985821118458665,-38.97078690053568,-185.8727904496571,79.61371065733135,100.85182547962992,-94.2530875747582,1.0
5030,-34.746358686339036,-61.96883723774167,49.03171326914887,24.147966208510738,-190.2547984935265,36.91986997316726,104.28997384200115,-79.04794216968291,1.0
5031,-17.038894887585148,-105.46677406430511,48.08956167915695,9.921724071024885,-183.36638594427131,68.52435207358936,104.15735944527242,-88.02369035998517,1.0
5032,-32.78973233001635,-29.96679889871507,-20.859572152507734,38.41971069751862,-190.09265393452856,63.16763574758993,99.95025135612698,-80.10126205795221,1.0
5033,-98.76703133871338,-13.389999437048122,43.2028398834202,58.88590116898622,-180.08271473547373,75.08386443163073,100.42702062008411,-92.14847949443711,1.0
5034,-34.223513246161644,-0.182149986589919,36.12392303439616,-17.55824193576192,-184.09875422957938,63.279492877173745,100.7488844198687,-90.48391405458496,1.0
5035,-61.42906873498095,-8.841848946889137,-8.396479205759345,38.60887184465554,-191.56462056372231,46.89182170359862,106.02565008534512,-78.95779695519597,1.0
5036,36.13530618349125,-38.28775892873567,69.77616866415211,-76.52261638504521,-187.23882584995266,62.14651018077626,101.87222814805686,-84.08638800965736,1.0
5037,8.801407743028344,11.24694537217621,20.696720478020183,-45.57811752822225,-186.52065257947703,57.19584675236269,102.77497371734246,-83.7976364070573,1.0
5038,-172.48757886264704,77.13981230034493,165.85004682269312,70.16425421195295,-185.4069307475727,57.0864980107998,103.40248891821408,-86.32355050228823,1.0
5039,-32.02424861829057,-73.68556569417764,-30.756889822593493,63.91420802344203,-187.99394291331464,65.08625478961018,99.95940454014905,-87.9635972029281,1.0
5040,-119.62152029242654,4.4360955260399955,155.5689789253234,4.703692189405389,-196.7025148955891,40.6766694960022,107.55511997117854,-73.33498037651049,1.0
5041,-45.658183640705694,-69.57391592563225,-77.22847576730247,71.08025489154713,-198.55095342934518,29.55645194974747,108.99322506450854,-64.28487545685219,1.0
5042,-86.99197871048992,-80.22041181838333,-92.65872399465991,113.53719609154341,-184.63863740522683,67.8923279101836,101.89663882286047,-90.27605332399445,1.0
5043,-75.16323320732874,-173.0175382946346,-83.56195818480253,76.0650463591872,-185.8298932843175,76.26408385257825,101.10156605725294,-91.6803892420135,1.0
5044,-78.23200869121109,-11.156183880923809,-123.16029918163865,190.30749281383424,-184.06400627132126,49.433629871246666,104.65540334637846,-84.88311146140269,1.0
5045,-85.6765425161733,-15.51312844279591,-5.819805992376336,-14.18459974016878,-189.51433522620655,54.51301855348154,102.52920385013489,-79.80241791726012,1.0
5046,-89.47277358568894,-68.34287619743263,-46.44358905918799,80.68963113500885,-178.4740277623948,85.97680630316496,102.68729241503516,-105.6756863616096,1.0
5047,-36.5193026377772,-43.3481940054879,-35.67583093671153,59.64866108163833,-183.92995981174798,55.39864263064305,99.98138623731526,-91.65117650236249,1.0
5048,22.935756899541374,-26.25626092128519,58.76388334653557,-16.236296603593964,-182.0794396875135,72.14427010317367,96.78925288439257,-91.66320251321622,1.0
5049,-59.43561500968493,-6.812800048379625,15.658057911433366,34.90281620424596,-197.19910599739876,39.379194076040065,105.35123432963877,-74.28004338098815,1.0
5050,35.74837242292108,-17.705249342026818,-19.37095002804494,35.216299564775895,-183.8174257494707,68.2795325846329,100.58105065072706,-82.10420287880912,1.0
5051,-46.39545587289924,-89.2251415425898,41.28171416220536,85.90417298808701,-175.00721222496952,89.14258467849317,102.77425593317372,-104.12914210999753,1.0
5052,-33.90507660678092,-72.25072315855958,-80.37299093840967,121.12250498915846,-192.04669865366913,45.03342928303965,107.15633425162024,-77.38350497189464,1.0
5053,-60.56113852601204,34.57047482272839,14.657086313449518,-1.244821126433704,-190.07629195937517,44.71771443127475,106.30007679853848,-83.30415968125051,1.0
5054,-31.66572277327557,37.62106066591633,-50.094942142075425,20.17505959479158,-189.97735759892308,45.84635798686456,102.87669932539005,-69.15981526252179,1.0
5055,-6.550387050208317,-168.16688241324638,52.66398982079726,62.50021013692759,-187.71977824692073,48.09657767287003,104.87654606092654,-78.65183697419833,1.0
5056,33.6749849645819,-152.39098806052883,26.401289164058305,60.758786281198795,-182.93622410761537,70.51234393634661,98.37193100562031,-89.7216873324094,1.0
5057,-35.98479777441731,102.1664932559978,-5.661976064542546,53.95970085452617,-191.69599571923644,53.538833243417415,104.50159060974879,-74.42539265817902,1.0
5058,-1.452522667320294,-48.13213794098047,-7.346986506553238,22.6373173870216,-189.6423121117203,56.27495758207918,102.82752460239847,-74.32294148012986,1.0
5059,-149.08002149161317,24.427531831338513,162.70517037788025,16.855666660403447,-178.10357109020612,62.9955758555082,101.62594796382102,-87.83960919656522,1.0
5060,-47.43224631212377,-59.97171564161163,-76.96491546283248,87.8721701453429,-184.27122284397583,62.67399605107131,102.5124971482503,-87.7462187875109,1.0
5061,-54.279148192711766,-106.79251194506844,50.13339380792075,46.02784587680547,-183.29754028348574,62.813339950540666,98.76386576067311,-85.09135003707092,1.0
5062,-70.03003860372839,-5.376390101317457,51.68167688738671,52.16162041916166,-189.58404918880439,50.578855739126084,104.09092580516035,-78.83657658284606,1.0
5063,33.69438682878306,-77.29082831222468,27.31363590627584,65.18037636375831,-178.38679316679966,77.33117809411678,98.8937005112398,-99.45910063313943,1.0
5064,34.04801040334321,-32.325658773510455,140.21084154189091,-117.8079151090436,-186.04724575025654,54.867424625139485,101.85543961566373,-84.18873135214514,1.0
5065,4.361493987191734,-39.47636152301868,-84.51188504014723,95.74196565201729,-180.47647011612594,74.70766563095472,97.04929106884192,-91.43799513636291,1.0
5066,-31.858890701427427,-4.60985989279874,11.987825089404042,85.1568070443359,-173.56135344734201,90.13522220857784,95.71280627462397,-99.98117581778736,1.0
5067,-46.119654970926135,-26.988199185867284,-3.112458301514037,13.191632593328773,-192.87095330291234,41.920712250634566,108.47568689006368,-76.14087980779243,1.0
5068,-32.68560310468928,-135.93685002053627,-75.00619995064844,43.24726910353655,-186.06290292106254,58.861894099735586,104.56811017676202,-84.72981068665926,1.0
5069,-5.2835474625148535,-111.18934566358378,25.575946320449326,9.617104251979647,-187.74380274694118,53.078460860963204,103.30710513028797,-83.42105240966562,1.0
5070,-28.929276542176986,-183.07296146886475,15.55553621542844,41.90513847346984,-188.43929473482484,50.502245341701666,105.49667755734527,-82.73128991733464,1.0
5071,-63.48310407792663,-50.64314322871546,-23.012006241595092,17.117237891245903,-178.08461864757473,75.1916201993674,94.1459847249855,-92.21871381327018,1.0
5072,-48.98933081454233,-66.31241286307441,59.57576200622603,58.281387560835306,-181.60285716877155,69.82504448583944,101.82339149202382,-92.22899062258115,1.0
5073,-35.166634905539134,-26.100544125565484,72.63711690113219,-104.386022953348,-184.04300684627418,72.34410028163666,99.32740328704077,-90.08972508076958,1.0
5074,-86.63636343476031,-83.46640114760389,53.18062407600921,19.539931038279075,-177.97829515128385,80.86320470913407,98.61753106456538,-93.61254731455882,1.0
5075,-51.111991498293804,-48.948675007102906,-9.485058188993955,-13.854028059191513,-186.72727443573072,53.723952572631305,104.57742204019195,-82.43023881643214,1.0
5076,1.3191195483472196,-180.9693889243142,104.80388004334078,24.30826895827982,-177.88435701064736,82.10602303744743,98.53279120092506,-93.5461480895003,1.0
5077,-52.353254155092245,-76.9999811548155,70.77818676133974,64.8926993855164,-184.85734470569065,60.04670285763651,96.71167371554101,-80.84052913769138,1.0
5078,38.83899718876679,27.357727188381354,40.099526574237345,-21.27028134178627,-181.7936526859141,59.61184570240073,105.20865553920967,-87.40375815178646,1.0
5079,-28.390427926939914,63.943370434751266,9.931618178543683,39.69276951382949,-193.28544704514655,44.78121280045968,107.24113057054312,-76.54604229383759,1.0
5080,-64.22242681816783,45.286422140673146,20.676770980843674,4.596147662902661,-183.58263857121312,66.65968636264056,99.12718644085612,-86.08693145255305,1.0
5081,-60.18751611753197,-185.6351839123938,123.7138327441567,38.03547379757426,-192.83340754797302,38.394262583622215,105.92670189398645,-77.07477849949053,1.0
5082,-11.583713986142003,163.67148733809586,-78.73874813311382,-15.515782686718191,-189.27379347073003,56.05163877986778,104.74339759368502,-80.38560779235893,1.0
5083,-132.50891347961544,146.05543887077016,81.41912896914118,-9.864770146905505,-178.38795659730516,75.6706703335346,95.87635251333762,-89.21080985493535,1.0
5084,-63.323953517932395,-56.28127924689868,-69.26504343869941,79.65777217407897,-188.62815753846158,52.24860429911754,104.13431895551066,-77.02187890614215,1.0
5085,-123.63750666149096,51.216891981792365,131.13680719424855,43.818610536490205,-184.4283920284351,60.466520120720496,101.21020121007635,-84.38271401476607,1.0
5086,-29.280548634400454,18.46886237087084,0.8876402134824157,70.6300925085565,-184.47776026322612,71.52053195124172,105.76063440293761,-90.76860670640552,1.0
5087,-32.01988282643269,-80.34258130679339,-3.8226421164325064,-33.36341255089437,-184.752388938968,60.045126643482384,102.6149072707622,-81.13398758622884,1.0
5088,-0.8840116762173,6.576060775269276,-80.34015991222792,82.80759129834203,-180.35624811459684,66.07698145088274,101.48358882367235,-94.47432724867578,1.0
5089,-40.96481662806634,-1.5160852787657497,39.28227863506846,10.380906813293972,-186.6358703487053,65.7011252693876,96.16047638017679,-86.44574340298514,1.0
5090,-115.54194493392842,-165.63874203959008,-78.92985673304463,90.84637204848545,-186.9110861266937,69.0313457049354,97.10756065371842,-83.93072374779376,1.0
5091,-82.3619718607815,-199.76050843810194,145.18004562080205,10.74349829574191,-191.96267734062684,60.82224588287052,103.09255465588112,-80.1517157301697,1.0
5092,187.41533558119343,-119.00964260886391,-203.64566006296974,83.50767164116151,-182.64610174853607,62.37334292701609,106.9941435283371,-91.68524229157362,1.0
5093,75.58589720774481,-32.567251011722874,68.55140914549021,65.81411217554263,-184.16165654459792,52.930562706836454,101.7130351730274,-83.45797096731661,1.0
5094,34.49507199902415,130.52338622916648,80.6972274792192,117.20534533891067,-184.1085059833059,78.2807730202593,100.40413059407325,-93.26398785337604,1.0
5095,-66.20187272994353,-50.18544899353454,-25.8399412848545,41.930223247182816,-192.9549335213634,44.88450316662676,107.69532518105567,-74.17062120903613,1.0
5096,-14.491085235647336,18.677423361400468,-80.77156526973559,111.7372181160774,-186.41049935399872,47.97185294329771,103.54568442845894,-83.15327906367642,1.0
5097,-18.994905992905426,-134.63433286143592,-161.15372656430426,135.65366157626735,-194.74845544108726,50.0157764406127,106.24292927827135,-77.94263692140196,1.0
5098,3.7297547046026502,106.64722820045895,54.76304306332842,-57.6264115180179,-178.48042613308985,83.23449359780162,97.31392349394355,-92.13409269178757,1.0
5099,-37.35542431603154,-44.41028698416281,16.641054080120544,62.3334436623443,-177.99692985852855,76.06606434810922,97.09647069921124,-91.36436468049897,1.0
5100,-113.89807124008415,-129.80503476247654,-110.35627039399927,127.60579500600669,-181.45691857712887,77.0297533831694,97.15075017158762,-93.92754515412383,1.0
5101,-76.53512422210876,-52.21951531747888,-12.803919213852167,20.507681632059036,-178.22303586304338,79.56177644665166,95.69989016227879,-98.49658838534562,1.0
5102,-29.810391002836905,4.910151063730056,3.881471518149077,53.648780835416645,-186.4612894004537,58.95197574209727,102.90764290980809,-81.21557227753891,1.0
5103,-115.21170737575508,-45.69315030972373,129.0176163620548,9.889703036335352,-181.28906557126282,57.02673187772455,102.67248563604298,-86.33517634129335,1.0
5104,59.35229563153976,179.3798402375981,-68.35042422811408,14.704467924757692,-192.5291716223356,35.612542802212474,102.27490442463991,-71.82231210226621,1.0
5105,-86.67456142191048,-90.18405101958565,-126.4060655211819,91.99682813434987,-184.69488218134796,68.42341573294283,99.59289864984315,-88.18475206960949,1.0
5106,9.685239114930894,-34.00626719373238,-40.891467129314705,25.536651643878916,-179.65225028902267,78.2344836384764,95.99713481704724,-97.53775204579463,1.0
5107,57.849299501880665,-82.61475309463329,102.97513725126275,-48.46509675275462,-184.9174004109407,57.50949178389961,102.94704920804105,-84.76872664378494,1.0
5108,-122.48921218238267,-80.59724354521916,147.94523592961056,26.689626645749833,-191.7160575653783,54.28214895964616,104.19399866512093,-75.80054801171839,1.0
5109,-87.15649897977558,-27.734057422987448,-64.81380416189549,85.86251076596015,-177.75169081299308,78.12632273433962,101.20506230261026,-95.59298489641223,1.0
5110,2.2338781556653697,16.4127194190576,47.78833076083851,-64.62731596295383,-191.8797280830503,53.66419669266799,106.85669210961431,-82.80569906678541,1.0
5111,-21.648947421820953,13.900718766382214,-37.514139744974486,57.7967119986781,-175.85306450056035,80.40166359671292,96.21189480965926,-94.08367425293748,1.0
5112,36.92218821193969,-34.409538314070986,-46.06498714062995,32.04069962818957,-189.96518029793316,58.91291221051602,104.00887026229239,-85.64286793644109,1.0
5113,-51.14095019015047,-8.255364567799466,-0.3327860132085747,101.88122633377294,-190.02399640654954,51.01010669809284,106.77002821954126,-80.41011214665383,1.0
5114,-54.03275333128934,29.821701266816923,-37.84338961385644,65.36454577057766,-181.56946994606702,66.18861472145939,99.93300608522001,-88.56014049460329,1.0
5115,-63.5589037876553,-38.08629780090801,-107.96444214385907,173.11318973645382,-187.52223899211168,53.68127099708388,103.98132053827192,-86.09541519635874,1.0
5116,-18.0979270403423,36.59647629810715,90.04149386214388,-120.26601413500732,-193.98280154456117,46.65489856171784,104.73530121657123,-75.14502824335112,1.0
5117,-96.8511229238372,-125.2620892096453,128.2236703960503,-31.28289366676156,-192.66396968353715,39.32694866228404,105.81454825239504,-71.64962846418861,1.0
5118,-53.6107423446972,-8.502970000734827,-33.18368994063519,22.147029865511175,-190.3216309069614,48.74184677714741,105.28665638393144,-77.69094795306549,1.0
5119,33.3493459164911,-14.997240899762915,0.900464626605535,-8.181175292700843,-184.60719526710847,55.72236982660191,100.76629551023713,-83.90495075319306,1.0
5120,-117.06452502451263,-29.789617526793,153.73713107009505,-41.28370256637302,-192.54127378471267,29.910764708033664,105.7960479570245,-72.65682078258213,1.0
5121,-95.76369570341735,-52.49825274225024,87.02447544333187,39.25686071187823,-188.09551114210186,60.007811078252914,102.70618398719927,-85.27352647533685,1.0
5122,25.3138933271414,1.347265302387246,-104.28078535765796,60.88000466821519,-183.64309140355095,59.45272150057297,106.35912555584022,-90.71340011768031,1.0
5123,-67.59885132192092,7.069791652765344,97.89818353877826,-106.07134507863964,-182.4441716271794,69.31789146232487,101.38083440843039,-89.3307461089051,1.0
5124,56.33924810974562,-214.10271987607922,-30.4039509692983,80.16002773254881,-186.32870350367583,56.1317767647677,102.70009385105993,-85.34532766541055,1.0
5125,-93.38725379762097,103.25303512113571,94.75735090387202,-65.28058672437949,-189.32279100693785,49.88877618397645,104.98344139569251,-78.48794970195117,1.0
5126,-197.64185752996178,-4.93314426979003,213.44874503689329,-16.36934666856712,-176.75984446207735,75.33416135405174,100.52339129843483,-94.38632736040698,1.0
5127,31.08969041059528,-43.59212388757822,-22.50799044205744,9.74991018041107,-186.2168741366357,47.13869281309406,107.84314915355762,-83.18171966426934,1.0
5128,-20.44534685430709,15.357377495294621,-58.889229833477955,88.1997225922991,-182.46927489316656,66.62849663097546,101.9698931795403,-92.86834993285248,1.0
5129,-43.752529551666065,-84.76497836866824,-78.43744299089755,128.73854344623857,-188.86255379097236,52.38294540641975,106.32048148427131,-83.55434617537081,1.0
5130,-60.16049399687996,-79.94096497254928,-58.90663843158595,51.79122494006958,-189.0292888570225,45.62483711740088,104.19712875216207,-72.07841388082342,1.0
5131,-81.07660153169415,-27.740506940762284,73.73603443550682,38.91332310037504,-184.1160161357759,55.93526205034408,104.56518103961982,-81.90277385105665,1.0
5132,-100.9904676028786,-4.171752663187095,54.80913335412423,-50.26763610564113,-189.58909143568528,54.49650606464215,100.69844929942758,-73.19453729191747,1.0
5133,-18.29640837923261,-0.6406853724172157,-26.25154333601929,18.074515111939142,-174.61612997980959,86.85243553479778,94.4121895483456,-95.37807342055068,1.0
5134,-81.42884138115103,-65.90326303127408,-42.40828580078703,35.92156743095321,-186.94302888852727,57.44783262238115,104.74097095555011,-82.33837765064636,1.0
5135,-41.36920401187652,-114.35260595087686,-115.2681310712874,95.9840969768547,-194.58684280918837,38.0133321244022,112.5653085236057,-73.7566672054945,1.0
5136,-66.64689623872229,-94.2283710264062,-85.05817169700663,97.24092635682823,-185.88060293903519,53.35483302051185,101.7441759978507,-83.79223881188966,1.0
5137,-38.15866402838938,-107.86095774419758,-30.57580265102696,12.54431210090156,-192.47586575787835,50.6653604991869,106.09148649775712,-78.88229993480958,1.0
5138,-122.0518343775045,127.6783603446689,72.84194888181668,72.29296476589455,-195.69252330459855,44.88471348190279,103.4840109959199,-78.66874769029707,1.0
5139,-37.29433970686825,-52.0310234014523,15.244864724139315,7.884837501655351,-184.69405514033122,57.73974384659448,104.31612469947052,-83.81412298282986,1.0
5140,-27.41785832917808,-139.26524415003513,116.27963668606233,18.325615284021072,-189.92790022278754,48.89618782728965,103.87871892883345,-76.50213572859782,1.0
5141,-26.35471890162744,14.623544437053459,3.2674795441530344,2.2691035265014037,-191.0834346057568,53.090258226206764,104.84623437001767,-81.34473978384725,1.0
5142,-71.81294103656857,27.506701770430908,24.854185546746972,38.2363368497169,-188.71748619202967,36.43656833055414,104.16657309210181,-74.41707389373364,1.0
5143,25.694656406932005,-102.97284660851398,-1.295222680436725,-48.70899644628373,-181.60343940673826,73.8964400151518,101.89322924590908,-87.9554611939339,1.0
5144,32.01887319848667,-25.30561911671958,15.890508578418572,-22.122562339307972,-192.2582153371292,51.17243911392724,103.73327606449455,-76.08650179765434,1.0
5145,52.20009267736351,-154.54965228896359,-65.86542089464935,55.20708197471691,-180.93098033887009,75.32352044806468,98.47080772949974,-93.95890712343919,1.0
5146,-33.31534296616121,-84.2124815201369,-54.049785555891525,27.389317957098942,-182.39815959477738,77.93788816165372,96.70693797123042,-91.84928412434708,1.0
5147,-71.62161516240094,-78.00317966426627,18.42825042678816,-5.307789025757309,-189.1949877678933,47.82751070802859,103.11939465566104,-83.13466836991498,1.0
5148,-29.19035135826539,-31.46743862735264,-69.21661080724164,52.63142857604248,-184.5126571338216,71.75765473374396,99.22750400626818,-90.63530737976244,1.0
5149,-25.0026328778546,-8.64543483938396,61.128144706486864,-74.2082801958214,-186.91818291317333,59.26509962319889,102.7725655223799,-81.07034828410465,1.0
5150,4.22213443249616,-106.66680451989832,95.7223869020928,36.454642430429566,-183.21512073234308,50.71363420354564,102.35246581214248,-84.63492843727387,1.0
5151,-61.26079539474038,-130.289279722983,-74.2752629918142,69.36111393936486,-189.52126642679877,57.58441813507669,106.17858948597573,-82.1175959767559,1.0
5152,-48.594815873504075,21.640304526632892,44.93461837429345,11.705041847397263,-181.50071425680318,68.08017032566967,101.74886997978298,-85.42333370397702,1.0
5153,23.733704368110466,-49.53413448828735,8.739793887272212,-63.81619380686434,-189.56880675725446,53.617265691008726,104.67115518547904,-81.54635560988804,1.0
5154,-47.7337979514716,2.7012427293229004,-20.139010597012412,29.974786443379198,-177.6480529408283,79.82078191537886,96.43384037160001,-100.864059589749,1.0
5155,39.74249255735458,-11.694076825776984,-56.78734951338307,75.02542354562785,-187.19724863121573,47.37484850450311,104.1769263530025,-77.98092058034179,1.0
5156,-39.69585369326873,-128.3149880943968,69.88334196440447,57.35514003647597,-174.7686314796651,85.18660595267407,98.21435053550175,-101.18717143216875,1.0
5157,-56.02004303519974,71.34591379730921,28.26311821191261,35.385168784808805,-183.53318017249046,58.01148318429084,102.78838620123615,-87.39554147857471,1.0
5158,-42.94476138716802,27.09584621575494,3.8955126263497286,20.121076535862922,-196.236846816931,31.492022408760906,105.10578708514207,-66.2387208405481,1.0
5159,111.80881059516936,-129.49867080521068,-68.66037297860869,41.711066009379174,-181.86465653966786,74.32690088961465,104.01161828719987,-94.028052832788,1.0
5160,-100.64068078923056,-25.366554422319,146.69344147218345,19.022617736076043,-178.41397311183647,86.68417586608597,101.8350286897549,-94.41503847558597,1.0
5161,6.909588054196947,88.00260425571236,48.23171849164004,-58.999079858794175,-190.73841269596176,56.73613055807046,103.04696318808212,-81.64165502268322,1.0
5162,-11.643313354178881,-80.24590236907407,53.884856396545835,77.5173083755493,-178.39522881184627,77.34961643736347,97.84708430596443,-96.58416631508774,1.0
5163,-109.44773311819058,-89.3973629601422,-80.39365894705692,74.09270175491432,-182.58875218162837,70.77903881057392,102.73000260645367,-87.29487949660822,1.0
5164,-80.12639603246026,-138.16137622806127,-107.02079939839253,100.07119930914743,-187.04826609808222,53.357797172639934,99.11455707792342,-74.25051318267279,1.0
5165,-130.0683288615677,-34.574100979524566,130.52788894719095,40.6723953337688,-185.14688302265006,57.00913021882276,101.08686491012696,-80.43929642141123,1.0
5166,-2.4519214108181195,-8.410083935716894,-10.777883686186001,52.988575143195916,-181.29112644517625,74.16840711928653,97.21975558944315,-88.75659502298048,1.0
5167,-17.9286516341481,-1.845833749082798,-7.680654315350221,-0.13637662092492175,-181.3783042072443,77.48572872820236,99.99774068731152,-89.57100895954467,1.0
5168,-69.79345934754689,-68.47765876142473,-42.65508422742721,46.38548449769303,-186.46781959080684,64.11783148628878,102.48072187115108,-84.0654885227502,1.0
5169,-42.93470344486426,-34.462236867044524,22.328825671500862,-16.158086293982088,-189.3203374537599,58.88381175099257,104.00785709019466,-78.05364947573678,1.0
5170,-65.89634225807815,29.494638040318833,56.54075859167467,-18.83464629529582,-177.1615945968305,71.4658575058185,100.1123848295445,-95.5308551415288,1.0
5171,-108.68003089945421,-60.9062163754195,125.5825003407264,34.70590622485067,-179.7887472461094,72.48138161837711,101.23438210191689,-88.8146261042814,1.0
5172,-69.09421784644378,-75.86640483263143,-105.24692313678227,81.67237808618073,-178.05260915067802,80.4615936338075,97.95005784745084,-100.08312879484212,1.0
5173,-103.87293886969174,-33.6939939509554,139.46281911468296,11.940254231667529,-191.01693746963505,56.292683153228964,100.47419558162404,-71.01714356501863,1.0
5174,-17.36871825410008,20.216570397572287,42.26999442771376,-22.970569897179548,-189.94140592643964,43.23172520655761,105.39973500029717,-74.91329183597753,1.0
5175,18.916543661783592,-66.65243637390179,-0.2883800516401358,53.30043724841437,-182.30248892011986,62.92084711194831,99.0176405421467,-83.12226616625888,1.0
5176,24.62887038365492,-17.963531092155847,-72.29979261913246,97.24476549258414,-189.65300231065837,49.432423255589505,105.29906594836974,-77.48936724016733,1.0
5177,-70.29856009123895,76.43229919930296,8.434997654839776,12.854700163355059,-184.53479152124115,63.311932348898836,101.92178033444237,-85.40434366722315,1.0
5178,-23.84567186496604,-97.18542621489317,-64.81591985561813,36.552154734386676,-192.73414409733212,27.021962502941612,105.63232336234354,-66.19168274579698,1.0
5179,5.1176344525505515,-16.676508863487573,-62.10640207815583,69.90473954188933,-188.01527422298747,58.77837220221445,100.17614809356655,-79.30220679777715,1.0
5180,-106.98073127947012,-40.071045640597646,133.98844389897008,6.279866896977754,-181.93912723801623,64.15668027887253,104.03858003397693,-88.23951454656343,1.0
5181,15.745875613092464,35.49692510923981,-17.07595387331695,19.682362391324784,-179.5199165512367,66.78366546342296,97.99954606223041,-89.60689480264868,1.0
5182,41.11205027683863,17.787692127210946,56.7308731732058,26.784856615339304,-174.62458744347845,81.8820756775998,98.58945453363063,-99.06621936175623,1.0
5183,9.961939238915136,14.595590516250423,-66.93208111984217,63.70652747681924,-179.06194804247164,72.7020694198553,100.79397525188348,-90.80063044710768,1.0
5184,-142.4663997177855,-175.35207322268488,-106.46236705462914,87.25144017134274,-181.76894282286426,68.67360496533473,99.14315590986506,-86.38112529677356,1.0
5185,87.36014418023478,-145.25010827571506,-108.86402363143795,21.178186533430786,-198.7809725481739,40.47282606261025,104.36372140995964,-74.15652806743236,1.0
5186,-23.700423395370684,-120.19347111507489,58.297270412701316,68.57107678685222,-177.24221197722449,84.25158406946451,98.6522771420789,-97.91871472480443,1.0
5187,-58.32979517351538,-40.320575551951144,71.30627774679672,43.418686264303155,-188.32054708167757,56.51664022633318,103.07546247706875,-81.5708838306693,1.0
5188,7.605862623089182,-4.025250811957615,-50.6809505566422,51.96996124027269,-206.12597642286383,14.16883344822098,111.7442891196881,-56.16434973894965,1.0
5189,-73.13665743156356,-87.26497766537638,-18.68802584021049,20.475224137000502,-182.95592062801637,79.31764479837162,99.35490332393478,-93.27834857657733,1.0
5190,-50.20087959001156,-70.7347499267685,-71.94846859810092,74.91860629623952,-187.32871655756026,65.7465863726999,102.2279958342275,-89.17382465939876,1.0
5191,-71.41756897233017,-74.88564691006019,85.90414250639317,2.3863506550994504,-183.5862445530773,66.6043189065589,100.77306332444562,-87.12845666031956,1.0
5192,-4.775358746630726,-76.79945598322253,62.93696922905917,-13.519222812021592,-178.59294334387272,70.0447653480802,102.80419452192076,-100.40659650825535,1.0
5193,-29.550403696995186,-129.8395591701789,84.79997987906123,4.455572717828621,-182.10347349077645,60.14292209696874,104.6981691562443,-87.09248297714461,1.0
5194,-26.02386536769359,46.8021392584838,22.67569039072098,62.895025505671256,-192.8707302838278,37.391495618511584,107.29702255509282,-77.57485653480529,1.0
5195,-59.2330740547805,79.56914959559306,30.34683135915882,0.4083385331150047,-192.04953658273232,46.60777407332222,106.19444299661684,-75.64427731474919,1.0
5196,-21.56409348776969,-19.795114431749994,81.56217034297985,-88.51247356968261,-187.53873838394136,65.19403828699812,100.61648693701686,-87.1944460703026,1.0
5197,-13.922295489877094,67.41936933640345,39.620927928162175,-45.84072440911102,-193.4917467725583,48.3783311809951,106.2060092271703,-79.80789532286659,1.0
5198,-48.56193870262756,64.35770558136224,81.15661932219523,-9.88243539066962,-191.2432956531576,53.86050779019057,103.40660072766208,-82.32675107835847,1.0
5199,10.387031256423324,54.21880392508997,86.90488021189063,-118.76492174213425,-187.64772945579384,56.61567719843917,102.23019242159076,-77.43490917257648,1.0
5200,-23.288628506341098,-21.24864841145739,-16.389934525871364,7.427307645527609,-177.9860734700347,68.0561877556385,102.14640989565704,-92.52083392010168,1.0
5201,80.03634292894502,35.29383530325699,-74.49761695730292,87.61853987516598,-178.42539964407663,75.79292859598559,99.6745446079591,-92.29064733731857,1.0
5202,11.779109862643878,-176.6313539855495,45.458654614451284,36.78731747027475,-190.88566205029497,46.639332263211216,107.33181479121232,-78.91159475760726,1.0
5203,-5.492751882504987,-17.029364332238732,-41.71250084695007,29.85613181929897,-189.30153863971736,67.87051231652396,103.59683746731254,-86.14192848470022,1.0
5204,39.432512661154405,-96.41828386452342,-40.20466654925714,36.944027035550114,-183.39607912187185,71.04156243355676,100.25717906532809,-91.04466365688563,1.0
5205,-96.5768586681148,123.7351031247199,72.29319747903882,3.091673951589724,-178.4626163787138,76.35628560227104,101.99136703335384,-98.85925576560264,1.0
5206,-110.72679245900439,151.44583514291216,105.45742825484803,17.78013522617424,-195.7192933060544,51.96897768527834,104.74297961074255,-78.6188098983215,1.0
5207,10.462160416795035,16.69838482134136,-41.559238085033854,59.92471694671491,-177.37720399573539,78.66216562207744,96.5194594167763,-95.08939426701981,1.0
5208,-56.14798778002971,-57.44565098108916,10.301715427615205,-5.898228715618192,-184.5149670867569,54.84336587779761,103.27717418019567,-87.13688886553386,1.0
5209,-11.530859364340944,-23.03305546147435,38.00850093442734,-31.40793090269256,-186.4725105744634,51.216352804153246,106.524976269778,-84.6377792480655,1.0
5210,-47.0225243356638,-32.938847009165514,-13.805700403177005,-14.244531986732511,-186.5693342262232,45.51031111596736,106.64451476140873,-77.87255792533254,1.0
5211,-52.29698559824618,-151.90007634468554,69.25786300584402,95.31545949652337,-193.25290102413493,47.572537731220166,103.15866793957309,-75.94905650559357,1.0
5212,-26.923031414520537,-21.40199946884584,61.168102413240675,-39.549879577944324,-184.94443718193392,54.876273814304085,101.22975205831878,-76.94758520347658,1.0
5213,-103.46381189010236,102.03798066501516,89.39923941601512,52.21040047433577,-187.68735479072677,51.64342696871762,100.65291050057321,-78.1655895063177,1.0
5214,39.49953626534148,-63.18852790126775,-42.69915519844374,77.76312673283148,-186.5360099374349,62.64338760530007,102.19027014791679,-81.71628683499918,1.0
5215,14.635705135767846,22.990352928160117,180.81639333858905,-163.32243809087439,-188.0383200317327,59.67490899378706,104.61687491482957,-87.87467740498177,1.0
5216,-62.579734131773805,-109.62400244708218,-69.5879254975129,46.80796726859937,-190.61603108257086,50.50282903686892,107.71685855227005,-83.48973536210362,1.0
5217,-1.5285245181544282,-20.457153754697142,-9.837005009565885,15.840147855777156,-184.59006188417914,50.86366541541565,105.16274717189746,-83.11009957919812,1.0
5218,-31.97914340420953,-40.72390019429788,-25.680334154221068,-3.2848949495596633,-183.8862921532308,73.78402768636923,100.60286484612908,-89.3597879223928,1.0
5219,-54.51088127192196,-17.229394266582112,-17.932607364075942,16.08802823046485,-185.79110180665137,57.101211842095196,102.63599368631677,-87.28951273714222,1.0
5220,-28.997454816676786,-88.08195102350508,-25.424314580330286,13.237046171986714,-185.4910107004177,61.969637756430146,105.46093578579114,-85.11863245834567,1.0
5221,-153.51172992886438,-85.41531269878018,248.37543959218178,-43.38146561603913,-186.80048322472095,47.82003841043937,104.11559453810551,-82.42654069351276,1.0
5222,-69.16270856370414,-64.30722158481126,-13.082789564898961,-4.35425379032503,-191.0909614600755,46.141439974753894,103.05611201649339,-72.16682173658616,1.0
5223,-8.670785252576236,-14.666070031192014,-14.383683260010882,54.58261900460296,-182.36601900517522,64.54833922920696,102.75382446045658,-89.03305507977186,1.0
5224,-39.20609696295051,-8.793579047937511,-27.57019115731878,67.87765607479105,-176.00953004187616,79.52399472173133,97.02082604746137,-98.76322099537596,1.0
5225,-99.9346878145745,-43.67778859426379,87.26287076836023,42.29508245976926,-189.45651445048279,47.529334978997376,101.0826927187916,-79.35414724796875,1.0
5226,-48.80237939981013,-116.61614869930035,-89.1415848161691,96.78061735453045,-186.14811011421443,77.57426298259469,97.67221879323775,-92.69993568542702,1.0
5227,-11.778157266852762,-90.02315147008821,4.357279327498259,39.13860774066615,-184.62942647380976,73.85213786357026,99.7896496517329,-91.77254759158596,1.0
5228,20.644692209094107,-24.667954312649705,-39.85140609500342,36.21042849408485,-188.44063404881436,57.79153614999385,98.64415001370101,-81.83798339780665,1.0
5229,-8.35423875537415,-14.01436869387201,-24.85925145118401,33.05095958332953,-187.3399773941982,57.47363285427984,104.17953950973215,-80.73911896678261,1.0
5230,-54.257165342646964,1.0379928238648028,-18.55181985569224,3.2419110708458154,-190.5829149874582,49.99037303575235,102.67899301780051,-74.51804017258259,1.0
5231,-34.93714231971092,-55.934421791719814,17.892007579878356,-82.12605981182544,-186.8611987747934,64.96861101403783,105.76708899002408,-94.67873852373529,1.0
5232,5.115203867495061,-42.953407002492966,15.07769660614475,73.94192554992343,-181.43813755761425,64.73099500239096,100.18857500426266,-92.92800762578266,1.0
5233,-89.52672291858067,-104.5730142253353,-62.22701046842967,101.03012542988488,-199.36524538362247,43.04377208124852,109.93539174051699,-73.87092449438032,1.0
5234,-21.672345089431985,-61.129376123038135,-27.50809985910673,10.967327693933926,-183.90059655749437,70.03502482182179,97.43147985687622,-88.30065838223284,1.0
5235,-37.900150194758986,-83.37555962028598,-39.46256361816345,40.56955339149198,-190.21501929051797,34.987266238818165,102.75626069524434,-71.02598748146437,1.0
5236,-67.40246486781119,-95.19765752281297,-92.11530299889179,78.03260681913031,-185.64736706619166,68.49241274266907,99.46350241387756,-86.79107239908737,1.0
5237,12.741822290606585,-95.90586911879393,-70.19551222714925,30.718654790946974,-183.25422512674552,60.725957650391535,99.05438284917649,-86.12280962876002,1.0
5238,-46.39868421810055,-78.67174522089543,40.95370559264021,64.55844268489528,-184.05215992639137,65.03453527920388,99.44762470319476,-83.8889352185025,1.0
5239,-37.692447153202394,-94.21341319751639,-64.93152572474794,64.12833331507196,-186.2684600538413,56.85929970657052,103.89498415179118,-84.2551672059913,1.0
5240,-88.02216830235146,-75.34154602053454,-78.71623551282451,64.05661532978189,-192.03919632086715,48.66264544226102,104.1644160474261,-79.51847842128402,1.0
5241,-56.86175902981287,34.4712144950705,62.181128295800114,29.283141527264036,-183.0401804861804,73.10503872647791,97.18307887924531,-89.23488239560342,1.0
5242,-40.72537863229593,-37.24315530318341,-72.91016627770827,86.49004012351725,-184.71578525631503,62.20389120365739,100.16361749963282,-89.59016881237817,1.0
5243,-13.095757164557828,14.60665226326564,-7.30290599144447,16.40727031065526,-187.23032452271963,52.039420412185386,104.34975325750206,-79.9454857466855,1.0
5244,-39.88197919596609,-124.90280248118215,95.9641232422727,41.8904782332981,-182.0786254682618,78.40144023291751,97.68504956154965,-93.30296195759598,1.0
5245,-112.06862422925776,-32.821836467143946,91.31252155109847,38.89165026052097,-192.18342485495455,52.3987546276355,101.13396172828529,-74.4257724663118,1.0
5246,-47.695749197261826,-163.4879969279688,-100.08987653326176,86.24869889079902,-194.2709982146004,49.104781878768364,100.1535679318522,-77.50544976619906,1.0
5247,-9.092660736990998,23.043069243281057,-31.32425881354254,66.90991883289682,-185.26188748512558,64.87308806398812,98.21177188183447,-85.76108290954215,1.0
5248,-19.667482337704122,-21.246129076016548,24.572443649440277,-74.82095688605916,-190.19108508154412,58.50959048035433,102.77707558721245,-84.37107698642366,1.0
5249,68.55194965227486,-77.64828825522979,-24.8088497616356,-1.7610275684174226,-182.43388703072057,64.90763231450303,103.53503272190673,-94.82440736330463,1.0
5250,34.16038927455354,-106.92785687299668,-16.113468114290242,35.00121287696149,-185.56723168317737,64.72572422595024,100.93412152038883,-85.84546705116554,1.0
5251,-29.537137433513994,-118.86128370620153,-70.87048803719867,45.96195111716503,-180.98435624096481,77.99502227446814,98.79383484877829,-92.60038164208187,1.0
5252,-38.28928024650488,-60.62197253131097,-19.085294634280032,-24.592498925539264,-186.51340052932557,60.64759168455948,103.11063441776248,-84.17103671523621,1.0
5253,-18.56346327245808,-62.449944604555675,40.290926419541265,67.82022751349994,-175.83213401223855,69.05798131211326,97.91533659248444,-88.98049221257627,1.0
5254,-67.29572718320465,-189.50449164099794,-117.79554376467776,92.32500810141019,-167.81341117032255,96.44084515829067,96.23952260740036,-107.29688090391984,1.0
5255,-3.958746582736933,-55.878950942521655,-4.612532861222745,-6.703287046440792,-191.17887052663107,60.49790191352886,101.2923521146394,-79.79400820760611,1.0
5256,-103.991374479622,-117.10960367357337,133.11193421847895,15.116584779097902,-184.60803290092784,58.91248272685988,103.56858042457786,-79.08317834303719,1.0
5257,15.385231538974386,73.95820942486782,79.67630020779302,-50.60388300656889,-190.42529590850552,65.63420281340117,100.72084754682287,-81.95123915629203,1.0
5258,-10.602565809876353,-122.41383885736906,16.16586212230591,74.09492497561057,-184.51991262167968,60.73089525117699,102.23734480680112,-83.83700171894142,1.0
5259,-41.71785788820192,-65.39080294282,-119.8962635212828,144.11032708246205,-182.71542605231372,64.50670741238352,99.71624959508411,-83.89487099438394,1.0
5260,-6.712352340047801,-112.82678320954918,12.525057900604752,81.94935492046122,-187.2019208326812,35.36010224790696,106.7262456127712,-73.47993962695034,1.0
5261,-4.0106649893856705,-82.5235418057352,-12.835779358834964,-18.219786424200414,-182.47646160581277,74.73287009702429,101.87407039342214,-95.75299963221659,1.0
5262,100.6936503258571,-74.98174824129138,42.15098104351602,-138.37189189458388,-181.33919260240103,55.79585609342853,106.82926672902005,-91.399319258925,1.0
5263,6.174209411134301,-105.06326974403852,60.99809284060098,81.9505056700581,-187.7506544190952,46.8638404372083,103.7477415633194,-76.62358725606724,1.0
5264,-27.4127786950558,-142.78711517097017,-50.528537014350825,44.54939144343827,-191.78739166887226,37.71946045665295,108.16853184647015,-70.02881206339046,1.0
5265,-65.29050416290005,-64.0962015513334,-60.522534409759466,25.313096147896285,-175.8734452046067,71.5968616148964,97.94408210381872,-88.06370202544016,1.0
5266,35.31411747334896,41.84523576135318,-24.737177636094664,20.720720819035048,-190.47465920929363,50.11801574862713,107.59806596337489,-78.16742796042989,1.0
5267,-105.22624402829707,-39.16186344754604,80.0732140268974,53.255972698718864,-178.10168306744356,85.15830670106845,99.0883161691525,-95.37807917695616,1.0
5268,-46.924181287219426,-89.39990529541902,-51.0163072023891,48.37496314598204,-184.50238474883963,62.50716219763155,103.0154805752616,-82.10561918592755,1.0
5269,-61.4431099315087,-145.99617232612044,-91.37819369208809,89.1400136692273,-191.88276355303998,43.49177667794113,102.15319413817514,-69.99122592710862,1.0
5270,-78.7549961253246,-48.25213736316044,-81.32007707201159,109.98005865987852,-185.77031344289358,63.39620840751842,104.08445327174559,-88.51771050830607,1.0
5271,45.18116449731636,-71.80170950624094,-12.094256373831202,51.11392958629134,-183.76179065134184,58.14154483968267,99.1309984736377,-87.26145029367514,1.0
5272,-34.18486611516649,-65.39353857097896,-77.35876038352909,65.65643070310871,-178.42615416815426,78.34915634657489,102.97717723610354,-98.4256034780924,1.0
5273,-49.88793984867563,-78.9175925565821,43.02683835277063,28.77558952895346,-190.81790551724512,49.793507900173964,102.4325522973257,-74.7346149343185,1.0
5274,-124.66214409006606,95.40585922870444,92.67027115390262,29.761133408613986,-190.11746411363458,33.44191621540212,103.37895348436419,-73.3214739030224,1.0
5275,-52.818255380014556,-68.02221447492542,-64.84980977851808,76.22909664556165,-190.39456028392524,62.084803579498576,99.15378996177195,-89.76013647146692,1.0
5276,-47.051212640461536,-72.69596954406481,-52.45074716280078,48.76429291065711,-189.54896514310556,56.67964289450317,109.42473536938405,-84.50909908805558,1.0
5277,-74.33644933395873,-38.97684276214754,51.13114502058441,45.00234256236754,-185.70927475959604,44.7526661553569,101.40496892084658,-75.70822880715023,1.0
5278,160.49451902058,-136.31162886306143,-171.60307378740276,75.550714636608,-182.3748914791518,65.55444159051191,103.21104133060139,-91.58000214155605,1.0
5279,-76.92350157442671,-31.229734030798717,-9.569540584488722,56.71463139559021,-180.03691492650913,69.54206793656483,101.94599323359057,-95.83031589848316,1.0
5280,3.769242766671238,-91.07797681104172,-46.65652111428272,-1.4047714094388708,-183.82151469622838,69.14789488685885,103.11902341751687,-93.32571721882334,1.0
5281,-66.24626790355246,-88.25330581837304,-151.83203571729388,164.47068780622672,-181.28904366728977,63.579550953997035,99.76433232173011,-89.4261643658127,1.0
5282,0.10752772829705215,22.70248160662536,42.26207361891742,-42.911204335714345,-193.02658702665894,41.511278600952664,103.13980815648144,-74.69312259929335,1.0
5283,-83.51571539004814,-103.78505906692756,77.01572532253722,-8.995374122771604,-190.46497093621113,57.87950020443596,104.86384584224452,-83.49689231560139,1.0
5284,89.87974876296279,-23.45425601668706,-113.51677581946834,128.47999553628583,-193.90300098538745,40.73588693950644,105.23662850265514,-75.22803735082942,1.0
5285,-29.367823538232674,-23.243610005211686,-46.02311574810492,29.45332464474998,-181.63026094001606,58.01329100736989,98.74601659458881,-83.57890323325236,1.0
5286,-68.66253819223135,2.3959799336104592,47.094142453782936,44.29998666275978,-182.12945748407395,66.81731261469452,102.1409278692662,-91.47555723231937,1.0
5287,-7.394452098760534,-34.072775690465605,-12.84080841290588,-9.520078951062432,-189.72067036413938,62.256622752152516,102.43347824820945,-87.97592716042129,1.0
5288,-130.09321843476664,-157.6084907626299,-36.198479024504024,5.267767470716689,-186.30109380804947,65.29847677243632,99.30235655612627,-84.85240568956614,1.0
5289,-32.06169662316526,7.542928973384172,23.210434167983497,-27.949978021425736,-188.34091289919849,56.76988918758085,103.79241496197082,-86.45142729874887,1.0
5290,-38.597278450424575,-34.60395130095743,-85.13376055769693,72.43969060324557,-182.96581627826026,67.20104963921719,97.19127520673837,-88.14826844376637,1.0
5291,-21.9581549302774,3.778910969102922,18.814835726518293,50.408707337291666,-188.4030460613183,45.52027621500613,103.47971111988254,-78.3151357745114,1.0
5292,0.718578733188191,49.79343042236902,-14.788776195354755,6.332507543250893,-177.70944698420175,70.8555194152593,96.18124717318359,-89.96961421488348,1.0
5293,-35.89463273811289,25.243528016938356,79.09669077419517,-38.761589927045534,-173.42764573229152,88.78492299669347,97.21981913363418,-102.50419519229028,1.0
5294,-25.10953164721063,35.61771070687904,21.292171578973218,20.11701140357694,-188.1961548868634,62.553652036164586,102.58719994589222,-81.31131979468654,1.0
5295,-23.259940003761056,-8.836285493989221,32.803372578018596,26.50443882180652,-195.53191697148495,45.238939861269245,101.44997636050486,-73.49188260272005,1.0
5296,-28.463293178852116,27.285763739671697,-1.2054758986343894,19.17456839830665,-189.88397828773373,70.65202065405745,100.58397659006692,-88.00362698954169,1.0
5297,-76.28469492703097,-62.486755786529116,131.50855242852788,11.204102622978201,-171.24911830692807,88.70723318820112,97.52462498119237,-104.86054167051971,1.0
5298,-71.8413939568614,-34.63741507274066,-20.063183213881025,22.180894971826675,-189.1216781769238,61.45601309695361,101.69591322545885,-78.43504188232296,1.0
5299,-59.60548760901106,-111.34680641911068,-49.58876802406344,39.070454147250075,-187.7182847696426,39.547966193073464,104.60451166896915,-73.46334996465049,1.0
5300,1.7076026295811786,-9.627911550433987,-32.89581788305401,24.716681803411504,-188.102279116732,60.21960747832051,105.96914345331255,-86.66220510309849,1.0
5301,-28.509217732643204,-54.13376564683148,-60.54971770892876,94.9724577970993,-183.0989925918403,67.34267551500136,101.48081576995475,-90.02787072071341,1.0
5302,-21.231965055474173,-21.719608761260798,45.24598343954091,-59.174290412111574,-186.1295820858577,49.190453056310076,103.93145258397522,-82.05163708690648,1.0
5303,-39.488218775026006,91.21105684083248,74.41368078538493,90.13737121059205,-190.84303401403776,45.40259462068899,104.32432514534648,-78.49044350085796,1.0
5304,-38.02872585249731,-95.00243831602243,-119.88106771254468,104.22232125472817,-188.0706309191235,58.05268544631055,102.96693593858438,-84.41608321326802,1.0
5305,-53.53159777650666,-70.38319153125056,-27.804911913534237,18.11535110140601,-177.23947642712466,80.70123482913701,100.4755495924067,-93.81721640626196,1.0
5306,96.93645483277584,-84.06185690268836,-72.29393140590876,3.6145606404995814,-178.6653127027419,71.93358649530644,95.67487869518781,-90.6022098517525,1.0
5307,-31.564155485823576,-113.59825040340161,28.952213100946654,65.35227199986844,-191.82376477452874,47.2546959999259,102.69980099583341,-78.93294411303168,1.0
5308,-15.437210403460755,-22.367380182000442,52.03611857947561,31.340101517511815,-186.74206066624595,58.80679235024447,101.9257420703997,-82.15382114985488,1.0
5309,-82.13935475568653,-171.81035555255323,-104.33945118130397,118.32451554317356,-182.13215496404482,60.55013926453379,96.35284868173576,-86.31993175105704,1.0
5310,-40.98662910420156,-31.451193265036714,23.078271901299097,-26.197876799012477,-194.4846631535129,47.46594444185041,106.52662813095765,-76.86722856900656,1.0
5311,27.81968355799552,-131.98993277887357,-11.166204039656247,-1.9463935191886161,-184.91125223910686,67.85065497702583,102.25732566716312,-84.3726915732185,1.0
5312,11.367856467221088,29.435821051675394,53.003913067320354,-105.69672287472982,-187.1536517095026,51.249445141023784,107.23369430107803,-76.65007729007432,1.0
5313,-39.15532279902544,-127.33693408514594,-145.21226556440075,145.78779196017814,-189.82001234857793,53.07055191795247,103.41172811300765,-85.44101867447228,1.0
5314,-99.78204422046463,12.830225143057506,31.359672192705233,-26.68876018916475,-188.16389477450076,43.951429480740586,105.6122573400193,-83.68939932458817,1.0
5315,-118.93292787550021,-115.30085108096056,-78.29798732582456,92.96261664164524,-186.71747746981288,58.467383441680084,102.3515010931915,-80.7379751183612,1.0
5316,35.95702070222283,-141.78321716182876,43.646898416608934,-5.80859598010271,-187.2546244383988,55.873868739561715,104.912577556184,-82.89564515152742,1.0
5317,-74.59208787956888,-88.47654176899795,-58.35079273761505,20.616547454999075,-183.32805339170557,74.84804012668735,102.38016256619677,-97.83801622454901,1.0
5318,-10.901713945078633,-48.978220469222904,-64.69026936269626,50.90742265424889,-178.7626620016587,75.83286832777239,97.504626581125,-96.9268769204252,1.0
5319,-5.596138691639335,-27.74367758116265,-26.348721607167146,-2.906351240729743,-193.76085024278072,45.45355459054362,103.13655137175954,-75.17136399301417,1.0
5320,-2.7432267532094547,-90.70432700452976,-88.90413401914392,61.31937838299597,-182.03501030719372,68.0811504750128,100.90599367742854,-85.98770430175712,1.0
5321,-21.36406211109058,-192.1137210075043,77.92512242361806,49.46801753307647,-178.3776653164943,83.74043891980327,98.57194086679884,-97.12262522502442,1.0
5322,-109.69366127370468,110.03582487617216,65.21071946069964,65.9476438042013,-176.01279281465781,74.61806403511606,96.57207120190171,-94.39809723929301,1.0
5323,-36.40440913178424,-69.61482743669707,61.34188691455993,26.484176738418718,-184.28546872518507,75.03715561843848,102.75432102339084,-92.47676635802212,1.0
5324,50.96060450712512,75.22005005456589,18.297881732873567,-0.09224834228371837,-186.90838789791928,65.00240600338515,97.56513890893778,-84.59070934705078,1.0
5325,-22.21409786100786,-111.26719152859299,44.51475618874461,57.877791912857425,-186.94964792203461,53.68999339128807,103.51986982788173,-82.40046363380816,1.0
5326,-26.271141448744327,-72.02953511271114,46.586972519689475,18.83108068255482,-183.03834546636344,63.24413168608776,102.55759465238586,-87.86863733581167,1.0
5327,-31.760898685110504,8.467459647648134,47.95087073175179,-35.127907776502866,-189.30456786703135,55.43273624324608,101.75330268049328,-77.77387857249079,1.0
5328,-40.09448933603325,-84.89562161901767,-57.53480071053725,38.677550437119685,-189.9105942276633,62.40800656131236,103.5599553885587,-80.39781957579103,1.0
5329,-22.30869992803795,-18.832533169193546,-88.21540730713625,116.45841312498666,-191.10678340905332,28.062749189997216,109.90210874151988,-66.91473416804313,1.0
5330,-20.64105799533039,0.723834750601482,-66.72522322984962,71.89275248707104,-188.9738325900787,53.94570004545223,104.15663971316792,-78.0122055594473,1.0
5331,-28.188818957586935,24.380925981147115,32.37865760463298,-76.00753565634129,-193.84214142316182,46.60346873020957,104.27079278608181,-78.73960535205937,1.0
5332,-13.408808715964456,11.682684124809667,2.183518038572613,-33.78825523445791,-189.6272676590784,48.760056069920076,104.00474281450737,-76.64256695717299,1.0
5333,-18.280837453932264,9.301798857010695,8.251486525110119,-23.788114926350236,-175.79551011389796,87.3356885010746,96.8468063235175,-102.22658271125128,1.0
5334,-32.5974891229331,24.803781922193036,21.811648517185777,-15.564472465383261,-180.12124893185035,61.07433749426932,98.99856634213387,-88.25092586896551,1.0
5335,20.45694778158833,43.93181275000192,-66.33569313176764,87.34638087358681,-183.8159010514139,59.65375661751662,101.7663389383118,-85.39508098580305,1.0
5336,-99.53536728215975,-120.07332359032394,-138.3187915121724,146.82565687862416,-183.13631078545603,64.64433886037762,105.97571356068008,-91.62865770209245,1.0
5337,34.15148837158873,131.10752921230463,118.1555973618227,-120.60183082495968,-186.74215477697754,46.9187508412481,104.82579347280223,-76.78628253182136,1.0
5338,-29.991036424052155,-20.085075683251024,-29.728208502462365,21.82616511372094,-174.66137969956876,101.82773814654988,97.16894129491835,-106.3727476967565,1.0
5339,114.91774075779533,-12.056134595694573,-146.13114281594076,98.0543026661836,-175.39367604484715,71.20349676915266,100.89249764807901,-94.97061506342693,1.0
5340,-29.21014385417411,44.985652585844704,44.4623049901018,-25.20473800349594,-187.96409680800505,69.54385235173167,104.75779622540558,-86.0240219005765,1.0
5341,-38.19970169546687,-8.433478352925828,85.27777183019391,-122.279262975401,-179.4194463622236,80.00161630760034,102.87592804010964,-98.4344204899345,1.0
5342,-39.32105736264145,-121.17171442791947,8.770640326977613,33.85585898802203,-186.90438065650346,54.46731477278202,107.31842590749612,-81.19153854084527,1.0
5343,27.91857296336846,31.389363193574727,-91.86176012049141,69.72917209328409,-185.84491797684632,63.198383584268804,100.37200094837125,-82.43261345450142,1.0
5344,-50.75715095913582,-11.743674472224342,26.57966170016404,-25.25336343239175,-183.5673656560387,62.56002205106147,103.27694593259353,-87.78983208919288,1.0
5345,32.392882028240436,-176.7771872187856,-33.2628104454065,87.02593968948263,-183.47965852704695,63.40183236695406,100.36119991873201,-88.25570260110058,1.0
5346,-59.74667418861432,215.22271817292867,-30.831026616393498,64.22861044759136,-188.50065735032746,52.01741175440107,103.1674373398641,-80.71361957150155,1.0
5347,-75.06594563256748,14.347719549121852,77.68640764845911,68.68839200428253,-189.33587753598655,50.10923988131137,100.76139551100721,-80.04644904923141,1.0
5348,-1.946695629820172,-123.59267557009521,29.091993939992523,61.359203854939196,-186.76832735329566,68.97248702047031,104.03635245527009,-90.79360520030838,1.0
5349,-15.410210323661639,-53.65265317069709,-15.309001813592,6.966095268802642,-181.29762851127683,72.72674490728492,100.54419261443704,-92.35271345586841,1.0
5350,-33.124831835595955,6.112716811864,18.20223253306056,-4.233036813719881,-178.75565042324806,75.46787420833918,99.3326872959,-96.72045550554088,1.0
5351,-23.72127726632654,-39.94707196671548,9.962573944169467,-164.35188788392537,-185.94212703716153,66.71778471593727,102.22253765192838,-86.46660087497591,1.0
5352,-10.479616498598022,-37.36914027406223,-5.586678050487409,-3.7883598551190945,-196.7678538507736,33.23198504962721,105.35563949512651,-69.57842981329361,1.0
5353,-83.23908597595239,-67.43546260009519,119.92788774292475,53.531243242143155,-188.00258299462573,59.0226259986322,101.62287810685373,-77.68527122414815,1.0
5354,-54.24671935091313,-46.152558660245816,-0.3300762766547616,-5.315572194477025,-191.05545226561026,46.59474928269464,107.06274299674457,-74.70380971983927,1.0
5355,3.6835889003715874,-58.09795109710382,33.29251909988247,-54.36221013593621,-181.26777465232792,62.95933318857792,99.9453761158581,-87.85016055612006,1.0
5356,-32.90726372028851,-15.497971543294812,-25.699969890832207,78.59306325139754,-181.7777469317927,67.98866495660329,104.4502502015396,-94.45905806512049,1.0
5357,-70.81783446351946,-34.26811918881288,97.11457210381901,68.72493743131936,-193.6517484092194,47.946998913692525,100.54626499857066,-71.89462436218503,1.0
5358,53.545233964649675,4.926340013365738,-47.41675318503085,33.85343765559264,-184.07538566793505,52.418372152813305,102.5874197133057,-82.28002622619466,1.0
5359,-20.573542790636566,75.62787332413836,-36.268395225080724,75.29385493622434,-183.913209402851,70.45421013464805,104.8257794073071,-92.98981757233243,1.0
5360,7.754349316839459,110.45002894639524,40.485084743468235,-47.47645221796664,-193.0660735426932,30.327446502771913,105.90269461029243,-74.45344576175582,1.0
5361,-119.19909392910637,12.095610571225723,44.26749936939739,63.567312175539726,-191.16407093733045,41.51238897953252,103.397056476062,-75.03092240755646,1.0
5362,80.69089303201497,-37.665082598362964,-91.67313236201493,75.92142430794834,-187.42388017594516,50.340515014814656,107.80951786444625,-80.72385943128147,1.0
5363,12.753050505506113,-50.565154840798265,27.459682511694183,-51.12935975028694,-189.36059650787539,58.637013113648166,99.43348079331021,-80.05927836178203,1.0
5364,9.215939379398613,-4.241972435963115,-56.294613277212015,77.14763720581188,-186.0866052842298,49.09365656688755,101.03276338733676,-75.36603869333958,1.0
5365,22.50782700177923,-128.74702472846676,112.69702076989634,144.94328542291345,-184.30113339375652,68.52882944350428,101.20213779380691,-88.88145354323302,1.0
5366,-35.86343564631109,-62.61852278680551,-15.431201090887697,16.254588137752133,-196.47909696572506,38.774609835204004,105.83144039253798,-71.09300478573188,1.0
5367,-103.69969138275988,-151.8032672508513,152.32340781122485,48.12585588980467,-191.80008460266816,42.78340422506247,104.48208889117178,-71.13149518571332,1.0
5368,22.243419045618484,-22.879319479469583,10.881298403278288,42.170252287923915,-177.43996769447077,80.38822398220594,100.40249683231718,-94.6220272145464,1.0
5369,-83.52118127374195,-49.99418714258657,80.61095164667265,41.18947893216169,-185.6942360169013,66.85301476738749,102.67522920572674,-85.99631993253722,1.0
5370,13.995078523619808,28.20807968967518,-5.206852509536786,-3.0168190314350305,-186.48575110876317,56.00221508840751,97.59195276124568,-85.7800908309798,1.0
5371,8.194297634046482,29.44327781241638,-43.298266504334734,-60.73261221482,-183.33101345781108,68.51525043877999,104.4985500990473,-91.44127671201515,1.0
5372,12.700347421359071,11.972950273837318,30.213276581035863,-37.513209460662154,-189.16623393713715,46.30622175428063,102.26879133526124,-77.5321795652494,1.0
5373,-3.0125388881256265,0.9493570916619343,-72.56505780358704,117.2651070618877,-182.0865433501146,52.775356969937434,98.58149249077032,-79.98993877938855,1.0
5374,10.215385642630142,47.980920620085776,0.8629714350150697,63.20950646799761,-186.1349793725376,65.17084393599487,102.76990062035173,-88.15804074580558,1.0
5375,-40.91380376732227,-61.67746594244024,-73.78271061749415,75.50334394842889,-178.58645570158365,78.79475472943598,99.65025255068434,-96.11378398649914,1.0
5376,2.3447531160706414,-224.48463599516666,33.9176819605236,46.00917309685243,-182.27810283209487,57.57690057468159,97.42711558221761,-85.53948847312674,1.0
5377,-167.1796825900927,-31.256622560853298,196.79470427091442,86.06122915498706,-191.5926137208414,58.715018757953295,105.06590121332185,-79.15087893403661,1.0
5378,15.269324649652305,-26.37334338535965,-65.68159078270719,42.51216909805113,-188.03652469340517,45.38615899687531,108.01372362018755,-79.65998153267837,1.0
5379,-48.769589189956214,-65.16343348287789,-68.49853786294932,88.81626364128068,-185.04621035205565,65.81899834857866,103.58232976282044,-94.09973230507867,1.0
5380,-40.833283355018004,-62.348398953375906,111.47885266129221,66.8639853737969,-187.68972746433286,59.88358944522701,98.76452955293898,-77.02464579113453,1.0
5381,15.44425408266198,-47.88495897833083,101.31393772788857,-26.578765946540432,-185.15960254116908,57.645797876043595,101.29050817602584,-82.29318142766652,1.0
5382,2.967313787607978,-21.145008790667735,-7.913012194998103,8.884927562578525,-195.0439506904887,38.62744146573553,106.99246480752862,-69.08668624616593,1.0
5383,-11.621118941756265,3.6529508601684135,-68.55694482338012,123.88083186438892,-189.51420315859633,69.78977362580515,102.67416769686294,-87.10222829582102,1.0
5384,-95.02439643675363,63.39084410010854,38.43927317074869,58.07524849646637,-195.12859260736963,34.692136401082806,107.58406121299295,-71.96480073640868,1.0
5385,35.05070020523482,-27.214152580738784,96.75435662078009,-30.92846818009192,-184.9068981293684,51.31484874830696,101.5117187455738,-83.44591553033315,1.0
5386,-65.99686310483324,-21.97974577429248,-108.084411069495,103.29497907999698,-182.10812820259846,53.18375144783289,104.33825412297503,-85.09157406803206,1.0
5387,-67.37641748580772,-72.38804320733797,145.63029513324523,1.967129569217102,-181.13790266211996,65.58512792339381,101.95117331908597,-92.95517243515593,1.0
5388,-67.24216650330197,-98.19123419856808,28.336728209547424,27.681002888873547,-189.4794097091813,61.407551400039615,105.48597794722443,-83.80679687082204,1.0
5389,27.480028414852264,-1.1172083565230417,47.75943146112587,-62.13029039134632,-187.65659686876376,53.077620293740544,100.93199900250558,-78.61621026832073,1.0
5390,-57.46916704859575,-62.995047408944124,-29.32553444118423,38.873281876735774,-181.52217641239042,59.182729066034014,104.01960061593265,-86.26733888352979,1.0
5391,-67.63929183547447,-132.7131437607976,-76.15919371531739,54.757612474238385,-180.08827084524404,69.00262480779506,102.51382291895538,-98.9363696542692,1.0
5392,-11.192635079048296,-63.901703985897065,-48.74230069129306,2.9465220768692904,-180.4970249687991,76.26933458401773,95.20875733302229,-92.83874247778918,1.0
5393,-47.28294100532533,86.22494944722989,4.2474316300590065,89.72533185445162,-184.19431287725442,62.97162277114813,98.49701373756342,-84.19972117698033,1.0
5394,-11.784064442993913,-1.7403701451597475,39.02164837805484,-24.589910417331573,-188.7067470562605,45.008681010790475,105.82398018319222,-79.66921857957416,1.0
5395,-13.63439891554997,-30.69334680148184,1.9818899869644746,5.447671992266489,-186.97741958113755,69.14017420395965,103.01226826577815,-87.65900728187368,1.0
5396,-99.85064975751352,-1.7522681007948127,51.77147950944633,57.12330501031323,-184.83243779053174,61.80869314540057,102.0429620527111,-86.96475535006549,1.0
5397,-101.14742924459456,14.599474948229641,113.739287558853,4.285387703085341,-193.10505218449282,53.122333548937156,100.19737756472668,-74.51483681309053,1.0
5398,-122.07866036416763,-75.38817136199023,74.2074139968929,68.45927842905436,-188.71995061068992,53.15158008461906,98.47596211591225,-75.22066040376285,1.0
5399,-9.470808278180026,-11.459541737027395,56.80566634675095,-6.311589321902339,-183.3682094318804,62.86520986748461,100.17362007787077,-83.20548523100695,1.0
5400,-55.943196625013634,0.39603102946623725,-87.29510737399413,120.43601333447221,-184.62398490335332,58.040810509482725,102.37833263949055,-79.57088887402838,1.0
5401,-21.80992448634097,2.168404264029528,-24.401887206795838,18.66519155015758,-180.62846207756658,83.9544778992977,98.18348317517476,-98.0717128063051,1.0
5402,-56.5363180859862,-107.89336199345709,68.50802457326056,37.54814729874859,-188.3027025768632,49.78172243973887,107.68111899705943,-81.46930168372155,1.0
5403,8.528360345521069,-22.926955245913494,-5.345734228776361,63.69479983742872,-190.956427131692,41.29539043800057,102.03489530287324,-75.73785900898544,1.0
5404,-62.827434559681095,-98.2537373794784,-18.60564209004034,10.33080979809271,-188.26269964916094,55.11926214199377,106.9893936369439,-83.07163247143815,1.0
5405,-33.31121728035839,-12.925145610765481,-6.304306833719925,-2.068838971435788,-182.92363426116242,63.87553739564598,96.73233020751046,-86.39223565352304,1.0
5406,-53.922379719835156,-71.7933590271558,-119.9005122889782,145.4141058439198,-181.5605676654997,62.41960622890807,101.6390144871553,-93.40792068602715,1.0
5407,12.780129611403446,117.9995031925168,20.374637348993907,25.152004140801782,-190.42294711451916,43.274165977460356,106.72965135299287,-77.10578843193967,1.0
5408,-53.58080034245074,26.903721356644862,27.72585147004336,-16.7655514624217,-190.82335454583128,42.14319453295877,99.95200163842561,-76.5013223375305,1.0
5409,-58.87377845275951,-19.316501695686906,-107.98364272498956,150.35257790779917,-184.8710366359416,70.66117883620885,98.43016593144111,-83.53084215686467,1.0
5410,-64.12455621851846,-61.394969567718974,95.87292384207899,25.416148265386017,-186.5557816850763,59.38161921791606,98.49419140176462,-81.20906763105955,1.0
5411,-54.1759330511332,-56.13324011058772,-38.444213228882504,23.072932159685564,-187.19716462973543,61.06312893230585,101.8679893989665,-86.09352159290856,1.0
5412,-90.80974113064792,-3.7631501403039724,114.62097439843329,20.24136584092065,-177.38479766819538,77.95120697320947,95.15231995754957,-96.46014172205317,1.0
5413,-12.9440025771348,-63.594204741729435,-22.178279717416206,15.087467080640382,-179.6077605213666,72.02161407864197,104.28135886894361,-93.27238797107023,1.0
5414,-10.35155317760995,-79.28048043615317,18.920082496958415,13.822695367403234,-187.19141009533874,67.14422964359552,98.71154910339416,-88.35373157832073,1.0
5415,-93.94774326689212,-18.358083795732608,-68.57150936638692,102.15713902240479,-186.52519193345773,55.25284174686409,102.72610409798162,-82.08835623431833,1.0
5416,0.28071706303732236,-32.78045624639729,-82.46045874699203,65.08959311921146,-184.59239357001056,62.241669891381676,101.77401562477255,-91.4146898864083,1.0
5417,-38.365527281595305,-127.87491472981824,124.07203215421951,4.650645151837307,-192.697513178552,48.882887879381286,105.15847082804667,-74.354833054577,1.0
5418,-42.30546767800964,-91.52966722726718,24.9827765042511,49.36786869514882,-179.80325597172498,70.57595580584814,98.92983514868655,-89.34411471329301,1.0
5419,-22.56542727182888,-50.93753214197692,13.470663252074694,40.70325654665773,-192.51247615724276,45.47044205819912,103.5211699117295,-74.49636596120118,1.0
5420,-209.53251080450065,-99.6667786710693,252.7708344598372,-36.394259321950116,-191.77611295191426,50.51434066555006,106.76625568404873,-85.60089252697306,1.0
5421,-59.53535670278325,-30.09125631715397,-6.217970776187764,-8.012849722427212,-206.59769799802277,4.039561790880491,110.20122258414072,-55.63936888433103,1.0
5422,11.967266567459712,-189.0186062974326,59.59420065190165,11.08636016782657,-183.63599436743579,65.70363935215724,102.84096158490755,-91.20860301079874,1.0
5423,-47.42125608998353,-116.79659899432579,56.46382992909056,126.4481054432442,-183.61519333215122,75.64868663736546,97.26520969261357,-89.54552131055108,1.0
5424,-69.98991751226585,74.65156061890512,71.83795840466709,44.86577327699961,-172.84944900871312,104.76135302807474,97.19448282973806,-108.02580248910903,1.0
5425,-73.14796405157027,-24.313904452409208,78.274585611475,21.426198428917257,-194.53927299320748,41.64841657958557,106.12415386927155,-70.78159775787773,1.0
5426,-34.04317739907982,-25.297798632029366,36.29160029116137,-38.904652600387614,-190.09523201485803,55.89004391039497,103.01957000622664,-80.09372536331082,1.0
5427,42.26812094003037,-89.4325993114135,-41.70487791337417,35.78952561710211,-191.24919714605105,46.19320808166235,107.70347262078572,-77.22955540572013,1.0
5428,-79.498994733221,-6.2500315881195085,-71.34424804966864,104.87160135937815,-182.67707314007865,65.47617178376568,101.77493338561924,-86.70815907543974,1.0
5429,-79.10496062532626,-122.55114632774328,63.85416764408802,61.87461121823925,-177.8648767921088,79.12856173906212,98.18814701713114,-97.33320444005953,1.0
5430,-76.1430930565428,-71.8394873146169,100.3324252865645,50.542524857045244,-181.55550623940275,85.76174882454467,98.6634369604554,-93.99357062104731,1.0
5431,22.757477747095557,-0.7310767461316314,-13.392592247121327,33.57886236499979,-183.8707613238223,58.073811962438725,100.29821958948904,-82.15248376353237,1.0
5432,-83.81262491782577,-66.85412626321825,-14.62472049317795,15.887113170824122,-189.58463471322693,64.81694789041575,99.96905834401629,-82.29065209061994,1.0
5433,51.516232226328555,-78.49097069121885,-42.2374410777614,36.42053912001125,-187.87053104464817,56.23657576591603,103.13274283860564,-82.37802593934921,1.0
5434,4.20441638624326,-89.9763613850638,-62.03498155791747,41.157110671549155,-182.46391452104805,76.8827233276078,95.91637504400674,-91.95675685824328,1.0
5435,-55.69964950227138,-63.29770560886799,-101.1161818344355,98.30118008019856,-184.14039172446476,53.75665135012575,104.77636427891353,-83.83797257095955,1.0
5436,-3.8074535559502687,-48.21979001930912,-78.76404154330301,100.79672870541626,-183.99745574987531,74.95000351268988,102.12879708743863,-96.24702231050841,1.0
5437,19.300259001279883,-32.35000631578687,7.948044306648533,5.66322991524546,-182.9786535687752,68.60740769574949,100.40728539130815,-87.37600826125288,1.0
5438,-6.949060411125135,-77.73464328209558,-4.714378603369873,-29.875054966155535,-187.07909013135534,57.978519962708155,98.23265205228076,-79.80344551342749,1.0
5439,31.44203032861363,-19.067967200619,97.42979828699487,-19.64600224628325,-189.41410783206354,38.18066847848786,102.79235660443307,-71.58213292059374,1.0
5440,-49.121214826128565,-76.60499578514117,-30.372149554248384,-4.306470516458299,-187.42021523734454,61.84000063669993,103.38649988273286,-87.42851166402924,1.0
5441,-73.67161026374202,-55.60584142188546,-98.48429863733651,98.2735206060992,-191.80569208886234,47.07291976200699,105.1074517720574,-75.25331182886352,1.0
5442,-43.97867916891921,-41.3657034287384,-44.71732469332408,56.35958298901311,-191.55820636611787,49.116491957325245,105.21812825518926,-81.51213458366092,1.0
5443,-135.18201926880022,51.82589122904295,38.74663239758723,-9.761122937397731,-187.42091902365092,53.02256097582589,103.345665004415,-78.37668613593813,1.0
5444,-45.41622394491282,-50.54003483721209,-24.408195176057298,51.9852626627017,-197.48373636534765,25.4350098109855,106.18849827402951,-66.45267483017392,1.0
5445,-10.220863546407887,2.778713238338443,-56.6531638594954,90.95087913184899,-188.00716835744052,52.38611714623476,102.16843041708509,-81.82228770073516,1.0
5446,-63.27267865680828,-27.453862341838065,81.99124226121724,-1.7827844789326808,-187.59441184540734,52.40766887149053,104.57059357829272,-78.88934395801411,1.0
5447,-37.68075688914652,-60.064219751373415,8.905988114264746,88.43085147231807,-179.39105985124652,76.6433561239549,97.06455245135874,-93.34315220980014,1.0
5448,-168.3119283796638,-129.55441398856837,-100.48819200379664,73.90202513074668,-187.3818819578733,76.94154223530629,101.3433505374535,-89.42762068505039,1.0
5449,-84.7864575864607,-163.9309258662182,-120.44309189036593,133.69890845550563,-194.47647215754967,41.483944755065956,108.45853538224424,-71.05482283834627,1.0
5450,-116.94773209082365,-161.17482705278445,-111.57924456179306,115.57959616881419,-195.9513205364462,58.05111686887289,104.00593721462785,-83.57347515703123,1.0
5451,0.5132163713600368,38.935563047757604,-4.911047037800803,7.357327753401571,-179.45392037508654,71.16771522695899,101.17700431600356,-94.39506184876404,1.0
5452,-2.7455909613392224,-115.22567864987734,-7.777667679733103,22.717998716717258,-181.45912476346027,76.12588048586237,101.46842398190311,-97.32701755486259,1.0
5453,-3.4842245457578356,75.2198377402792,-9.393354490004235,41.41486109687057,-183.78012527712252,61.372823294863736,102.50068024665622,-86.00395080563256,1.0
5454,-8.886084499565566,2.6608154280502063,22.17731579759674,-12.737802631579786,-173.3474158693291,80.5112086497454,98.31902177094658,-102.83949143197194,1.0
5455,54.51596075281926,4.974901158807721,33.07127039179093,-50.493058698196734,-186.42500503772783,52.17564567237143,103.5568204689107,-81.80064241491688,1.0
5456,-44.597041137911006,-20.95345783409568,7.490963083345203,34.013645781010695,-183.58124595512282,73.59117078583593,98.90912575884694,-89.7805496344679,1.0
5457,-15.610100212906408,28.502742532246973,30.63324331870364,-38.169892572937435,-185.0480967392449,82.73744469841941,100.08168802121861,-95.84048055323828,1.0
5458,40.30638888744832,-23.714827133391676,-32.66068220542763,-6.861047528654507,-188.23982195147315,57.06994117966224,102.82071606192505,-80.46579350268908,1.0
5459,-35.178754854742785,-65.46690348287491,-32.765622934379536,22.255236857712504,-179.9550184803349,77.02332751313273,96.59029350350997,-91.12069857098737,1.0
5460,-123.39585203324641,-119.54405368592948,179.86749686218167,27.285359231213196,-185.02887170010817,64.10924517442243,104.69092090344327,-90.84638901767711,1.0
5461,-79.20433950106556,-2.666482154864597,66.5396116655284,-6.293853451397663,-184.60017707735818,65.94634405312104,103.07626739536299,-85.79971434328215,1.0
5462,-92.23362450250687,-64.97389805687415,130.58377942801357,-79.94820673747869,-185.9560687768144,48.313358763243684,102.23736779832613,-84.32125368930842,1.0
5463,-14.839116908089608,30.11570441054673,-15.7784269007541,6.350313715654226,-187.43977493195777,47.7716722431421,105.28240034375962,-83.82658128246277,1.0
5464,34.134291304820614,41.78777036067003,-43.16274131867366,-121.96014236307713,-190.03428677900374,46.703852258413974,104.50041937587282,-77.79201073611993,1.0
5465,-31.027032944463095,-82.11227172021127,23.997672988790608,21.522498671701737,-180.9383802530271,70.0075401278304,100.55192283558212,-95.17103876936315,1.0
5466,-27.45735725002304,19.590420508284545,38.09636453465561,-22.740285097758196,-189.18098704099012,44.766816075527515,101.82247744709943,-75.6810879821235,1.0
5467,-66.29804476694308,-19.87371104521539,10.668305594224359,20.87794286265971,-184.4923057626877,76.24838283348967,99.34858383621471,-86.62150143349402,1.0
5468,-67.52373490940498,-17.868173017496204,46.2845423971128,76.52636626687554,-181.6170168689957,64.09404472283526,100.80269354018607,-89.61237396194352,1.0
5469,-44.28567330257597,-68.28764218688295,-79.80705392456021,71.09930607228515,-183.3715285336897,59.6151828918175,106.27007368542925,-88.53781226984464,1.0
5470,3.142432113684279,-14.029010629503395,-109.912534825035,120.19206154697022,-177.7648892511507,79.58220170159663,102.93690855770237,-94.5453439958647,1.0
5471,-19.4766962922072,5.151616793214653,38.14675702751966,-47.6152524826593,-178.67522206240955,81.3508579222621,98.86879464525497,-94.4687252838002,1.0
5472,-88.96731982777071,-57.75181268159509,-129.93203038748055,158.0218113866911,-188.87682494929447,58.70106579717715,103.26321978043109,-86.12335021760543,1.0
5473,-113.81785907556731,34.68889788780507,125.72860666195247,73.25603471390805,-195.24481570838535,40.500809080575166,104.49333214191532,-68.15111651688707,1.0
5474,13.428406773412927,55.7309254369018,15.41296718180407,-33.954637585083915,-186.10890696467462,59.01959922060958,102.31777821732841,-80.75737123981489,1.0
5475,-63.82459189284441,-60.02758771172565,-63.26482076971632,88.87557439076596,-186.59226508919335,60.33456633898447,99.60922523643904,-84.86790519961117,1.0
5476,-172.53476570288825,-3.3412840842444336,219.43326174504813,20.67039972844085,-191.22895143632894,55.939709414144254,100.46967970511311,-78.7645737752517,1.0
5477,41.18259036791929,-32.819802210582274,-29.865768422762862,43.72017421501017,-183.90919176818875,54.667461153335324,100.55986605756452,-80.10072606508885,1.0
5478,-49.916538133082554,-77.26499696445097,-12.949601598740824,-18.448212153053277,-184.38939073653407,53.98141441023411,101.55761909794015,-76.17018717376114,1.0
5479,78.4655319552758,-20.320920592802686,-119.89601901830194,11.264212075528569,-185.0379573048276,63.35678565161951,104.26076694306245,-86.50061938906964,1.0
5480,27.962254064662062,123.745445781357,-61.66722442255866,2.1636536996896547,-182.45080919637982,68.94689232305103,98.83766033797887,-89.00652109899788,1.0
5481,-21.77326549610147,-19.11960975769374,-12.397770466784081,-4.512170851968861,-179.0152736873587,64.18678912071137,104.48566627682047,-88.0312662535044,1.0
5482,-56.297528004595264,-93.10702736452012,-5.116881933748408,-25.444939517068054,-183.20492052114562,68.92240570916366,97.1908611437018,-89.27807247934649,1.0
5483,-16.055165714906614,-146.77959556331197,-1.0685794579424812,14.064824012327923,-193.85674102316443,44.90807710292485,102.9371224076294,-72.1063865512147,1.0
5484,-38.613390854501006,-66.55499741451726,63.79378479241239,56.40112910427628,-194.4035477276712,29.950730962207597,103.97691668919745,-69.78407435667961,1.0
5485,-11.002581855340681,-3.0286634853249286,-29.26415933683282,48.508783058640496,-190.38186230811317,41.009558295373196,107.89334784218453,-75.32343172437965,1.0
5486,-38.34616029158666,-0.3322717295495492,-79.64544698249316,100.39761674064263,-186.86189057609388,60.99070908770697,103.02539746789829,-85.35896938821834,1.0
5487,-39.0912565462268,-57.268611650900326,-54.80352236461788,61.050307912880044,-186.91052460452084,51.88550473874234,103.17078432443006,-81.17729023435928,1.0
5488,-20.706373931372493,-86.59347365104084,69.15686432375769,96.54261498699462,-188.39833554816138,56.73997137642469,102.07445512765872,-85.94390558946792,1.0
5489,-36.10277168096327,53.562895208143516,10.459099149031964,26.600915743523736,-183.0999934244082,58.054771472518055,102.04973325231214,-87.64147681341674,1.0
5490,-129.47074968613137,-21.215342489259793,80.7257746977847,-86.0288808566739,-185.69805087387198,63.574486189950505,96.81208474246735,-79.71455388094995,1.0
5491,-50.01675746337333,-83.08857327421842,15.244524177892933,14.192605927979793,-185.0087020124043,56.462399947674925,102.37407204367052,-82.54408249376826,1.0
5492,116.54017741043174,-160.60652246345816,-142.1684806530706,48.841014001109535,-192.66285740645344,48.18837968870765,106.28026789037938,-75.20022252977388,1.0
5493,44.44768022799583,-1.421983646213465,35.16536326535707,-37.71612127524464,-188.15938448880067,61.30780328410478,102.56765159634804,-84.14628716973189,1.0
5494,-20.301330890441502,-19.718333455424347,-66.57874747632924,80.66160663508893,-189.2416953996287,50.33354849876493,102.73887817351964,-78.02318397701869,1.0
5495,-43.82018123391374,86.70137221893943,-7.39814229825676,55.22824370635718,-185.31947330287545,46.86644517942331,99.90516254814631,-73.90513311891104,1.0
5496,-45.47561398482202,60.7126035241168,36.2583440486166,-2.949948559121168,-189.79845152904858,65.39359313792428,99.7738766717135,-82.13588089958412,1.0
5497,7.299581963010743,-9.777469507277225,-15.450240762344905,-24.863652267930714,-185.7835519376089,49.48795948073637,102.0614341330751,-77.95560288978805,1.0
5498,-36.4317715672675,-79.84865075342952,-16.510334359258902,1.6549261314857566,-183.19837003763783,44.876397829418586,103.46383823540525,-84.0337380697847,1.0
5499,-52.54646935439724,-72.10721621369052,-27.442059997809153,19.276240595598544,-184.96422395264761,67.0687781443115,98.82427633113134,-86.67452232908995,1.0
5500,-7.387442583720433,-144.84884133305457,48.86264913461174,-29.54341741842138,-194.0132702942188,35.325564398186415,102.51918489429158,-66.39910342181196,1.0
5501,76.70005193234985,38.516449526820075,41.639251060917,-0.46853307820540757,-188.586730166,65.44793264658335,98.82804778579374,-83.62447271739258,1.0
5502,6.002589021663907,-28.73153124279235,-39.47370512829115,36.072916106279365,-181.99789505428845,62.044493121153494,101.47419193646881,-84.25831577576214,1.0
5503,-77.25418588977621,-53.55540242249097,-25.195953650766086,17.467705754883664,-183.4536312284353,47.15667383413662,103.66237012854239,-80.24370795500136,1.0
5504,-50.811184924224186,-19.07687531430203,-71.48316719348861,64.89491449255193,-181.885216719721,70.21684964717619,102.68007558311012,-87.04950804219696,1.0
5505,-42.10004544825139,-147.21785149100296,-99.73937539860837,78.22340068254437,-185.54829619953856,55.50627348669565,102.60418999669959,-87.33418498615794,1.0
5506,-124.32813602980968,-46.67325228416131,127.72395545429482,57.698790453464774,-186.5093149083276,68.67189163763075,99.78329270068637,-83.99389120247919,1.0
5507,-36.88422012605593,34.091448316078974,22.686134192173203,-19.567200632794734,-176.03174156227925,78.89343609147949,98.55452658859798,-98.5758676767886,1.0
5508,-23.78059458644239,59.14862707880988,-35.83517640579314,90.00469601676338,-179.7332341697668,97.37973871432075,97.1282006823617,-106.96685281481662,1.0
5509,-79.6857357188721,-72.94906882303891,-33.224415021345806,10.12946232972583,-187.10282467300777,49.90768079432955,101.60509573863716,-81.12239276476042,1.0
5510,-63.22523331960903,11.28611169924575,-93.454993446302,85.72387957458632,-191.80894266169886,43.50689370251882,102.74113023974994,-72.28744591008778,1.0
5511,-26.779815837207998,-106.17252691918459,37.88291972911754,29.20794820405798,-197.27120899899853,35.879461973778845,111.17426722131258,-68.3245936474732,1.0
5512,2.0705975892727158,-85.68940683021287,39.318755266093014,56.538085002434634,-184.8568167718733,59.54261152923399,101.72952671508224,-87.09221424524554,1.0
5513,-31.70298664694739,38.79569304404649,-14.265667410457162,26.459186521603083,-182.71070185379673,73.940456331572,98.45894081400573,-90.54325872282276,1.0
5514,-105.31971190498504,-16.449842755595604,94.51392142849548,51.99076753076209,-185.41094156788813,75.69432309849039,98.10436817895125,-94.31512485333843,1.0
5515,-11.161743130834683,-154.6945180234858,70.138377472213,22.362756643620397,-186.28801673139196,75.34690302247476,100.34472565321333,-92.06651599314186,1.0
5516,-49.735673374880434,-37.19423844996416,72.89607627599915,49.035921418133974,-180.60467363616272,82.99877569547664,103.59383189493491,-99.74646038780071,1.0
5517,-73.1120513346023,136.3700166992447,-48.1824800305022,82.6276827544443,-179.5479814610033,76.11768494633823,99.17958817016927,-97.29466605359882,1.0
5518,-19.13163991274792,-77.05831345746697,-2.0805046882565903,-25.3464164180344,-189.98024501255526,54.60310241046202,104.47199426956897,-87.8579597291452,1.0
5519,2.2765169949499784,-20.58176907716173,19.18196151400496,-27.28121856199963,-182.12986866515428,64.18979415582889,103.26145873275148,-91.23107078456749,1.0
5520,-27.335914083761033,6.3389535608854795,65.27778183274202,65.10767856917371,-190.0233917192456,63.60412478237299,100.94691378581126,-81.20932919990686,1.0
5521,-15.47525258500736,-42.02845861527855,-52.13531329983984,41.105688573222764,-181.64018321872828,79.12993364293544,99.74703987849219,-91.77084989372736,1.0
5522,-50.696304497397136,-40.94508597994761,76.97315112692348,76.29038183540129,-184.8120211592728,72.62509877476684,103.16317830953633,-96.05302599231972,1.0
5523,-10.996368754431224,100.9996169998571,14.833440222936446,41.02866242992502,-187.92976148258947,59.46898699157647,99.42432592708826,-83.0126371319625,1.0
5524,28.61041595119447,-45.33772240092748,-47.87668048597513,22.981832750978672,-183.27731939445152,63.13819153164421,102.58146006188767,-86.62054463974268,1.0
5525,-20.338040389543817,-22.041776618039982,14.505430506847183,-4.51667504654486,-187.15441031280443,64.04472675627446,100.4774609733859,-91.03389222555252,1.0
5526,-5.656078861880992,89.14448332718837,-4.453673357174814,-1.6696506683009704,-181.5535610923625,80.18905781192811,96.59188484716623,-91.56617646685365,1.0
5527,-62.8769952646544,-16.366808985068413,36.43442207569512,-32.337092596129565,-190.56265657186822,47.545610006713176,103.60604539942304,-79.56857005784022,1.0
5528,31.864238861510213,-22.738143956273586,87.15701031241092,-45.512405320589785,-188.62541847619028,48.140514024756044,107.58870441911805,-85.85594867585313,1.0
5529,-34.43395242299434,121.37670748042481,-56.28960740065638,57.60682239471719,-197.5680326974609,38.34812584936183,108.65443830724541,-61.68921392974963,1.0
5530,67.89926028349349,-121.72352946288727,-36.68613859701537,36.20235154152405,-186.4108001009274,61.944231459835585,100.36684366476815,-84.40909602059774,1.0
5531,-40.076557797708226,-63.41255491307809,-81.11240424858322,95.26059183712705,-183.50056799881347,65.52292740343114,102.73708916227919,-90.06058614354671,1.0
5532,14.541593254999452,-36.53970079510776,-8.219382470599108,31.37588557488063,-179.5025249791011,69.08723989964238,98.89968045333283,-89.6951332278208,1.0
5533,5.081047142995404,24.01894394927072,-53.25933432734446,42.63839948446546,-189.94270246441377,54.922898022575225,100.72075878728761,-83.35214712875916,1.0
5534,20.25594686539989,-146.2853313383175,-14.437210672126188,68.07099247257993,-194.70748380896376,31.878234668787552,110.10639263700907,-72.66689335388138,1.0
5535,-71.92547157837414,145.07231190066892,14.427784261348375,113.60372348284659,-190.17544309076382,54.17709453112192,105.65051797129442,-78.75117883580943,1.0
5536,-59.51637815191514,-12.870529344605645,-30.312328480765782,25.259741100269252,-196.4844164727419,52.24833068164011,104.18645031014782,-76.98637819695927,1.0
5537,-34.83559791614967,-41.03603081337283,30.412456800832988,112.15906877934265,-184.55720780381196,65.31598016264304,105.23428823105026,-87.42996222864471,1.0
5538,-28.08853579363347,-4.517701917597522,-31.165264405263613,29.10621785010068,-200.38536409601133,31.062805745131808,108.6577309509765,-62.9516006378779,1.0
5539,-79.35546089093238,28.665891988533076,30.606735993639976,-28.346913552945374,-181.2643070934202,67.42829805225463,99.93433094427931,-83.00393271109289,1.0
5540,-66.30450823038348,3.0675916920495094,23.959042564981246,23.835110098167455,-189.72856633321314,57.1118107365414,101.46986157522016,-81.19281394722327,1.0
5541,64.49396875962907,-129.49356010212404,-29.171409276962745,40.83874689764665,-184.5776643574945,69.97551856042871,99.22795319119761,-83.06272146496543,1.0
5542,-32.991055066205476,-43.783669479284804,-6.489700064560333,-19.34189499533604,-192.62595990017522,43.247733498845534,105.64463457691014,-80.04273649387605,1.0
5543,3.9108277159974945,40.38237767627655,74.20036887967349,-82.46075470754512,-170.33067906810737,86.44959991186896,97.00367934109065,-105.52075108370862,1.0
5544,-76.19230753146384,-73.36140371032761,-59.19057023794537,64.95417261512144,-183.21844855192197,61.17542124291808,104.5837114967727,-86.13088690180619,1.0
5545,-144.10031485171882,18.241955646240136,111.79844851790949,49.9040091340852,-189.79385070672132,50.726895939319625,108.61672922898285,-82.23909205328987,1.0
5546,-114.04296569337968,-99.67796059948574,-145.64909810484866,181.27783431179563,-181.0994575734309,78.32042909275748,100.52838167712288,-91.39375666270467,1.0
5547,-66.82606112476759,-28.71517127041462,-73.14362198433142,71.31790341186472,-187.81862948446565,49.702329601236166,102.68227843810143,-83.66980635594138,1.0
5548,-19.17553089157697,33.643246878609645,-0.1264568260552823,82.48570431837359,-196.77116292628122,16.09494346191468,109.53379987665576,-63.05301377112069,1.0
5549,-29.442772018311953,29.753762824819486,61.26593527966422,-79.24991519863529,-183.30405650455396,65.5148768619236,99.58905654652312,-88.21894170098885,1.0
5550,-116.80671799276578,34.38621977572186,113.96398900949083,5.5921866591336356,-196.5901459016024,32.77500008242079,105.95813040643611,-71.81387221129603,1.0
5551,-10.140879626643828,-21.377302047443454,-88.48997136844112,64.4257130706919,-188.40737022257574,60.31801543345305,102.87792610597685,-86.72408662489096,1.0
5552,-34.09983388894091,-68.53207949626052,22.961007730352396,47.507706354868034,-187.39068301554602,61.050368560841974,101.61473259061111,-85.8350400580129,1.0
5553,-40.354046489540515,-39.369107929060945,77.78302228812632,50.17588088423154,-185.15946677030541,61.28744236141854,103.21222975645368,-83.3583441379991,1.0
5554,-23.05186397698104,22.24482910859512,1.627035280771838,27.08912842640427,-183.90325747221337,56.55980137244834,99.7999502894554,-79.6763430829597,1.0
5555,14.41598020916005,-189.22722220286076,-11.888203445961704,76.59614814865785,-179.41347625921645,79.7118810055824,99.32123088956942,-95.8665762956328,1.0
5556,7.459847899984295,81.6600424272021,35.295985011075985,-45.01467056872735,-192.6501874519544,50.55650917725713,106.49294671048891,-78.6703944383993,1.0
5557,-35.305350322540164,-89.49087625392357,-80.78488665404385,149.54023297187928,-178.20451428193203,79.70689205360537,95.73412844491146,-101.38081470730799,1.0
5558,-8.561452405491881,-32.050730063823465,18.845463432773137,9.850803949908137,-193.7966859045981,46.9590391532549,109.24178665722978,-75.0012331165342,1.0
5559,-57.9394125552129,-10.234224680555387,-69.7555583271202,70.85721124574289,-191.40412069732258,44.00491139631394,104.79351118180138,-77.13716587265475,1.0
5560,-94.1054915270195,-18.301102335338168,-20.196593289201513,24.055919902965062,-189.87522709639356,60.226920914133665,101.6732802666241,-81.80089222907067,1.0
5561,-86.87433144417255,-30.958377944476894,-44.12166393337665,88.19013677682496,-180.76462058294823,87.13272404917886,96.37797148110387,-101.35530139811081,1.0
5562,-16.26522636728595,-44.16367903136374,28.843117842317067,52.923805395584324,-180.57028025868206,67.96710016427829,101.53026541593603,-94.25176512918267,1.0
5563,-51.83332976271573,18.332113179465082,2.6069195439599513,25.42331670446294,-183.522685004628,66.36292708509686,104.47665697422511,-82.051935861394,1.0
5564,-83.3997417935133,-176.95200798697638,-146.30911194398598,129.37299593327444,-182.662237127615,80.77165017903215,99.4214763068284,-92.50421257666883,1.0
5565,-86.01622831378937,-92.62757545167894,99.71709164460891,34.88967311496798,-186.9986027679027,50.38122935419209,109.42826366208452,-77.99280112325471,1.0
5566,-45.85826280249099,77.57032974361083,-20.605557532528508,-0.3350619252707354,-194.69409654833257,35.9234731381228,106.52281161331874,-73.42948959099802,1.0
5567,-40.49216059189471,-218.22059289198359,89.4448430066322,79.69007937423858,-183.4623842496837,64.38012388650496,100.24024972047391,-82.91421280410152,1.0
5568,-74.93386134498638,-35.734626706050484,-14.842366556811463,52.254311108330455,-180.12220661497176,82.68626625711663,99.45975973389359,-95.5773629571161,1.0
5569,-28.7357355011088,-57.28366316830271,-153.60040105599785,189.35768152176874,-183.02300685262443,71.63275609120004,102.01862586729646,-95.72516063215696,1.0
5570,-19.486368838019235,113.86991983026886,-58.38734393346945,45.629088873952426,-192.98182128345235,44.85930367344055,101.09057219840645,-73.88196456315897,1.0
5571,-81.62775736836633,-97.55830747452222,-117.96234546297613,144.52293373803568,-177.62040316938268,76.7192778951119,99.89615165359139,-96.81755738121991,1.0
5572,-56.92034661960913,-1.5634047477132318,-1.3520129411083104,14.812413057189389,-185.07251688428892,76.0590771629711,93.26860056178816,-87.95715630572103,1.0
5573,19.58885696929785,-87.20160262975236,12.716837495807324,-0.7493795875771259,-186.01277963819018,56.90932223556831,101.25451652091928,-82.89618004328052,1.0
5574,-67.84584371381818,-67.58633545936495,67.39201799667809,39.53035314235861,-178.5424151390746,84.28944688740016,97.05117405847925,-98.93593035430699,1.0
5575,-80.70533876281762,85.34505367812082,74.34207886481545,14.263014033919163,-193.13957054309623,47.94076625366666,107.15671461698439,-72.85313895474681,1.0
5576,3.528506549302468,47.03216533312455,-21.01707061402022,41.82848856838833,-190.59035610565482,48.4776414386831,103.8179307152295,-80.75068939287436,1.0
5577,-14.046721521930689,-58.03101152268191,-2.3769581616817526,-26.843590202611555,-190.80697496815833,52.88616112276491,102.1504405652636,-83.10057062387366,1.0
5578,-90.97881295888835,-189.16248981232118,-140.32650695201724,160.97178838927866,-188.6238530861016,49.83151352060447,103.19423663003111,-80.09075986255384,1.0
5579,-36.211843168785634,-27.887483693904958,9.527048378409408,8.216447851134534,-194.74580207323228,40.25408468434543,102.86951597102018,-71.31577630856603,1.0
5580,8.638935211550786,52.72265271524642,-0.38876518113286074,21.98276325811139,-185.86073210899892,59.138571015683546,100.35843016842814,-82.35813168316041,1.0
5581,2.7410681562170747,-35.21913481689807,17.336288178289927,43.471250782818586,-184.9195347384745,52.42241453284914,99.75248063654709,-82.1487302514387,1.0
5582,-45.79774199749304,18.64578149851226,-60.97286590344331,63.93156328176144,-187.02724950446287,64.28104949847342,105.57166191047394,-88.8610700929977,1.0
5583,15.125452540398165,-9.496221393339377,57.93450811749158,-97.38826509715355,-188.8824831002248,39.98277748539684,102.99544538057823,-72.72869754151976,1.0
5584,38.05678716873159,11.742426635566177,-96.02680314425697,107.44691775799721,-180.42872550876044,67.40299923312567,92.91105356429662,-86.6584798348629,1.0
5585,-6.468499215568658,-7.63337006976299,-94.04528224878932,107.9124580658267,-187.91240617935426,36.78470440095104,105.75718447663073,-75.48188128922166,1.0
5586,-12.088314989335814,-65.95949868368075,-35.63821685172863,40.8731972027435,-189.3094706378194,48.45240971662429,105.92039175397007,-82.863675426748,1.0
5587,-25.345966989059466,10.54323910839236,-36.671082166368926,62.752711769963476,-181.8963919975109,60.21145129142299,102.60390582413187,-87.2670743777156,1.0
5588,-43.84467791553644,-26.67383250868846,-56.92951215763685,91.97950440100969,-186.7025389271821,46.43128036699505,103.16822465462685,-79.51193957306565,1.0
5589,-10.637067758406339,-14.230217841296284,123.90941006776983,-2.967418511558695,-178.54623313927308,90.0406630254068,99.77978945155058,-104.65677079384386,1.0
5590,-50.45683753357868,-212.2822331258843,81.0146031360059,74.87997547988954,-192.7092538380971,54.9840494272745,101.61050415940139,-79.9103100281708,1.0
5591,-8.32767106469957,59.93448255439559,-42.90983503607813,30.654200660862617,-190.4423775053054,32.78312901052658,107.23050357302715,-70.1813208370742,1.0
5592,27.642324318323553,-0.9278370366012034,-116.52250839682459,132.14626573629639,-183.0772495919826,75.13943660187593,98.40260618150633,-90.34305953667516,1.0
5593,25.857915851808443,-44.784003006207925,-69.06109456679597,46.96383148236405,-187.57395686533238,56.89452057849677,99.96969513915339,-84.38259623795739,1.0
5594,-16.878193141310323,-40.166905207291606,29.56345393829664,-23.276217759119334,-190.35705515003872,44.78797171785612,108.53848891376812,-84.0029370904652,1.0
5595,-84.27573857779451,47.17386384576652,9.757683371508492,85.36377398465103,-197.95760474181478,25.886135047938836,104.87148739116726,-68.33082047338345,1.0
5596,-53.256371649760666,-15.709860718951363,-88.24155595417564,102.18145222806987,-187.3709097061245,66.9216539292357,105.07845799587272,-87.32144888059356,1.0
5597,-55.62066031095847,23.960298199085162,8.41092868322752,47.15815757021309,-186.12320198830744,53.19152235416354,97.34451127090459,-78.90437078376627,1.0
5598,43.899819200512205,-211.39115862450666,-47.62415426266242,81.55877594237599,-189.38530029272818,56.604455972798476,105.75818827795874,-89.41819599008,1.0
5599,-53.68321294728911,19.894842192564067,-12.631773519298555,25.200345456018336,-183.98113047661784,68.67436400076096,105.07971659284199,-95.81866445408455,1.0
5600,-10.167847424261195,4.225381216381169,34.78501598016077,-84.50837035948797,-178.24294166595766,85.71370576384959,99.56381729594492,-100.00413715352056,1.0
5601,-13.615871797212876,-39.67049866906295,82.89716639340077,-109.20282646891874,-185.1963510132983,61.777479367130375,102.797540296811,-87.31343690717338,1.0
5602,-31.05169179507049,-62.8230383630352,2.807122442218418,50.07492360462382,-195.2550282615492,30.284285544933336,108.47798055320311,-73.0407170229203,1.0
5603,-11.260614286615734,13.493683808150237,57.938294839886,-24.812548575218518,-190.83176867353075,32.7430313895694,105.6189624630894,-74.09002266558296,1.0
5604,36.474256009515805,-120.72517918202506,-7.975384540749636,8.985785216829584,-183.46913542902868,65.65321258448762,101.45243062405964,-85.2536738116461,1.0
5605,-75.77264123724214,27.740459357871583,37.994987563289534,12.147945465657662,-189.57141624422894,60.88389567203115,101.41304261081403,-82.87540487732389,1.0
5606,-93.49611906076366,-26.692951834926916,106.4325653953944,29.647670060742794,-185.14243510877168,70.35402313097106,103.12960224311871,-93.35807605400666,1.0
5607,-53.73518800086421,-42.71638520020001,-117.07489365889052,143.64439730194582,-191.19363346689082,62.42340845754401,98.41543014385492,-80.5231029441803,1.0
5608,-46.34248387800649,-17.687733408185053,-4.531922316158243,73.52343361666591,-179.5908722464562,83.47902723663299,97.73790181956824,-95.76047012354796,1.0
5609,67.9070000171155,17.97198447158349,-172.61781058228638,53.60960116344273,-176.78419079286707,72.3825923709062,100.30402314921909,-93.33964509576646,1.0
5610,-96.24158601366112,-99.32718650523965,-97.35900130753181,96.39240589811682,-180.7677919644572,76.88447930663655,97.81694548491497,-97.93579051777968,1.0
5611,-96.77629354869823,19.192601288745003,161.2810589717177,4.995889517306789,-185.3539317296315,60.224681619462714,106.47177298798272,-87.56138803402528,1.0
5612,-66.04868745394666,-156.1604816175066,114.67964406992132,60.88339394310458,-179.73484413272672,55.16703856129039,101.77841806402576,-88.78712611347731,1.0
5613,-117.0385847722319,60.37010203081958,105.16942826181244,30.492003978418868,-183.66793670238727,70.73976032731109,99.67541099532382,-89.79828056403124,1.0
5614,-84.31398174480816,-59.992455057713336,-21.343002287216702,20.16466572032176,-188.12455284687834,43.011465608949514,108.22238188675078,-81.47084665628911,1.0
5615,5.760561883367127,76.38017883351418,55.21420373096939,-41.5092581712256,-180.1912861027606,60.153751606572314,102.40202382373593,-93.27841744414944,1.0
5616,1.4251267222184894,-112.1232408754075,27.20048054826495,37.29174352315383,-181.95258051723394,71.27763883260133,96.54210868802095,-89.78959482568901,1.0
5617,34.357490626182816,-165.01558930504618,-20.657339653231976,11.101991136738814,-180.82985352411023,76.1009653516189,99.69865022140691,-96.36763874464879,1.0
5618,-49.31798863669232,72.31058950100922,57.61241904192639,26.162293516528194,-183.75097519150745,52.081783264791625,102.91871466334032,-84.5158975181101,1.0
5619,-38.37789706775336,-32.6758943577644,7.933121853691027,13.993610152293817,-178.66995126780117,80.65795393712699,100.21144542275705,-95.38917008086285,1.0
5620,-46.35799395885286,-6.787411801670517,57.145277225184145,22.4252308021957,-190.37567139020499,37.76529866533538,106.80108483238877,-76.68658587442746,1.0
5621,-55.92247941322432,-60.56722843468314,-11.901504068426572,28.966679500259513,-188.55433015438365,47.62433203153015,103.25650313776224,-77.55433114491862,1.0
5622,25.014996113163956,-90.31709094751737,-36.20020646701938,37.56744636221591,-179.16134833148962,67.45716769262712,100.8232086662651,-92.77414601905183,1.0
5623,-53.17944094435036,-66.65941675976053,74.00469804667284,52.737976370383365,-182.65822054980296,61.84440011724555,99.41379803360768,-84.43207734251568,1.0
5624,-18.737671690596947,82.98062364513821,88.81934104390992,-63.644303044354665,-182.5768159351243,72.04180911511646,104.45393668633129,-87.90216515498538,1.0
5625,133.99497877315713,-148.0140187514019,-114.69268273919559,72.23460993998691,-194.77585876160774,24.878020205066406,107.08932545508664,-63.868210690116754,1.0
5626,-94.41869847637523,63.408667021076816,55.357167270701126,38.83292725697524,-187.54397574481916,54.20548440308665,103.57032313156589,-81.80015578095538,1.0
5627,-84.15339329002495,-77.0531862047984,108.62006871747903,33.473446644640006,-181.9923287667916,74.6728165180038,104.60486612150994,-91.77685457716122,1.0
5628,0.45250767274653825,27.163078306697308,25.952977761926444,-44.98214478846685,-180.74702669236896,73.89771839310355,95.48457514103829,-83.4092301264817,1.0
5629,82.20885631008281,-210.25764560501125,14.420290548401516,67.11364174718011,-180.77016352194755,70.10583990917465,100.81017956840945,-92.81530143609093,1.0
5630,-85.34009343844917,5.100780071513422,-5.537690806236434,2.031886941776312,-189.36410609386624,58.49696663243245,102.66707436132639,-84.98230352604195,1.0
5631,3.4551130417035445,14.89967857286415,2.9196764416931806,-8.088116406418722,-180.08278644663108,73.78214381266238,97.46427548985841,-89.91395291305179,1.0
5632,35.71905942728883,-26.144902584673346,-41.71364903543717,31.97267502776607,-193.18317731642958,39.31536796807333,105.6006766123598,-69.59757671393344,1.0
5633,-16.665638279957296,27.05717052459409,70.59446786458288,-40.14767540505563,-198.93702816768695,25.843276451433155,106.81478638781,-63.12303018480304,1.0
5634,-61.00468931658205,-57.76704126930263,-126.93244396316925,175.64983498188786,-188.82170573277736,54.03320337552456,104.88616353767027,-77.65029709397696,1.0
5635,-134.67424730233535,-115.3519533937891,-82.99606561948764,88.8770091908884,-183.9589325857298,72.8319110872101,97.99541472426155,-90.65502056306403,1.0
5636,-53.197342418107965,-118.81483607407088,-16.236089592119164,7.083597819709603,-200.130689107037,25.982318513218225,108.81322050525604,-66.99200040172562,1.0
5637,-109.61687672538372,-33.80094566444716,-120.91996900659674,163.4362408341994,-179.6191972356151,77.76353331678446,99.19124497552035,-96.00488938010675,1.0
5638,-19.04832650502331,-69.59379619505297,-10.821835962793076,1.5376798975276496,-193.3260160190683,37.05419963122824,104.17299501723427,-73.9189975397353,1.0
5639,-35.74648928401186,9.941311188747564,-29.284890803589686,69.41726221079175,-185.81769870377738,67.68858662755622,99.70331935304405,-87.99752277504274,1.0
5640,-37.505923648592784,-61.44900254586815,34.71744333813335,65.52548654109971,-182.32404805643506,70.0988341226015,100.14461956585505,-90.61404666283215,1.0
5641,11.300605929081753,33.135024355106864,-30.52867247729376,67.3914428860647,-188.30514016644105,55.727635241624725,105.4103007360207,-81.44266221975002,1.0
5642,-4.124276137312144,-17.74779105899516,-76.48603676314562,81.88577618320714,-188.4891192156136,54.610510656438485,98.90632021573947,-77.94131628488245,1.0
5643,-60.22906157499347,17.910306869569816,59.450430936057906,105.4167698194409,-179.88432533384074,67.8385831801323,106.31843341895059,-92.5406494311088,1.0
5644,26.35195133800019,-71.5178576900159,-76.22080270101881,-18.131289193456055,-187.84479530513414,68.02129474151666,102.36446888571925,-88.56689764919055,1.0
5645,-107.78579995287825,166.14854253491612,28.63583135241604,67.26269847630381,-184.24567428486085,70.204729214998,101.48745094638564,-89.90674450414157,1.0
5646,21.902194319281897,-4.995991439090836,-36.53207937978006,92.39970640374429,-182.09840881312533,68.16695012240716,101.87538273500564,-94.02623543319217,1.0
5647,-59.00115196266301,-53.00692923674602,-72.36962575074196,76.442798689494,-191.6361485376225,44.30510477879318,104.84938034838665,-73.73518893900028,1.0
5648,-121.39312076499054,102.37755147685046,95.58864653169837,34.57153915922015,-185.37378201414174,84.21063838743814,98.36518050039196,-95.1480108194168,1.0
5649,9.63165183402524,18.800034139808798,-35.06152631455463,2.5766974409066723,-182.8411404499931,74.8257529044449,99.9495931141074,-87.97070989474703,1.0
5650,9.833114248160602,-197.6995665474385,25.967332235745253,75.15355560660359,-188.97844193228752,52.16336372921246,106.41231628558992,-82.29626843824597,1.0
5651,-47.58399070132949,-63.548919968010544,17.800666643196926,-32.82807870315829,-184.07522989044273,64.84012797070274,101.51181165525377,-85.6691568109028,1.0
5652,-2.913158043297953,-5.766215841131572,-1.4728300879542744,5.469359960103776,-182.26234983864683,75.87130752206319,100.33874683947508,-92.42977669132567,1.0
5653,-19.567997749050342,43.8604217023801,-41.028758857145796,37.951505611363245,-188.93485216977166,42.29880851712848,103.51740421297075,-76.41568784312048,1.0
5654,-119.19179503623121,-80.58792338654028,136.54586692475152,24.828299713410402,-188.0173315556258,49.281454445999266,100.1161402269389,-77.5242795830884,1.0
5655,-5.768087609064199,22.590337585578226,-32.32769297454033,52.97168816099419,-177.93296366217825,87.1845973867795,100.26804878433505,-98.05248993764162,1.0
5656,-40.78042062547352,-43.65743783090977,-34.05205236655263,37.16942962489622,-182.24811985194194,74.91099734837427,95.38241124064706,-90.4880014530451,1.0
5657,-99.52823489015022,-17.028952382599368,-51.69734726521769,84.62862045431561,-191.23070877468908,50.754838287888205,103.2710595542675,-75.97901521726985,1.0
5658,-97.54899386764725,-121.91045625651202,-63.030522112114554,74.67909690235206,-181.94020604145402,71.52531314185698,101.7032896946019,-90.42571008532724,1.0
5659,9.614248158803251,-221.05596929795038,24.303933604319347,58.0253014014787,-183.55172562317483,75.6559590626782,101.12306036481466,-94.80146775224162,1.0
5660,11.813061296659216,-21.871327302376606,-38.27063512610543,25.844004657091524,-177.12909048994104,76.53866434907032,99.59147814894843,-94.23873747995563,1.0
5661,16.134828537783807,37.91744722727856,-0.8207821084607825,-26.453637483639536,-182.28077731819926,77.27626927357872,96.51304224494369,-88.13910057018865,1.0
5662,35.04021401492009,-42.72126751938701,-67.8881783485872,92.7009514371119,-181.72399763377877,80.00380692321357,100.02380281871793,-92.6352202776974,1.0
5663,-125.28739907538355,-87.64269233857753,159.0588226496391,74.69786534218422,-179.40947993529514,79.37434633541187,94.68589519147935,-95.90641759393436,1.0
5664,-27.20088565333862,-24.559750535763136,-1.2612642895114934,7.5606610725803325,-179.24789762149462,72.01709300560498,98.14887212484622,-91.29597118527835,1.0
5665,-131.77829837497228,-11.041324694544263,210.98108684025792,36.541196223518725,-179.43204883701827,75.48738574428027,100.85106637453205,-92.76066482039516,1.0
5666,-61.542082843914955,4.147882108186507,51.8886727579562,70.19565363287722,-181.50818032035224,67.9534141826722,102.54576654051652,-88.37008026094212,1.0
5667,33.430553518293515,-49.82435664314875,63.484896297247836,-24.197368218316154,-193.8069204875917,37.5364223379686,102.16929378578193,-74.30305530136195,1.0
5668,66.41674410175304,-135.37869877509024,-125.77700541502396,43.07077510925725,-198.47876512918577,26.380772346478828,104.38871053813274,-63.680333812201326,1.0
5669,-13.780433069750492,-74.76962327601653,-76.69310830318992,64.27627262227146,-190.73111785089006,70.17783289384121,102.47314175089502,-85.22348548362501,1.0
5670,-43.8277031413441,45.048459512978866,41.265630506914896,-45.074265100332454,-181.9389879981556,68.59585783142168,99.2639352873848,-86.56337133065675,1.0
5671,-0.24071184524509515,-58.45699935466696,3.885071604201207,-27.314559205845722,-189.01049273727565,45.49319390414401,102.66747517677891,-80.37258669416195,1.0
5672,69.75358119738384,-79.10615614983504,136.5384133954833,-91.08114681873212,-178.6729003379216,76.27255614518633,99.81919792685616,-96.16105709666168,1.0
5673,-84.44039942620962,-75.98979072942049,-77.23335771970483,48.085272709457584,-179.27261349770998,82.42684077765685,97.47152285213369,-102.25777123660626,1.0
5674,-148.57155870291845,-70.09242377484742,190.58798035264152,35.4591263225153,-180.56623543724254,77.24545688265911,99.8202579813639,-94.99402344241227,1.0
5675,-91.8499952988442,44.520757773304254,56.78764678993951,62.47108475304234,-199.05360163955217,35.37185834531567,105.42250720761744,-65.59513304743761,1.0
5676,-40.24277215196942,-47.64413866104499,-81.63583191539021,81.08605437872755,-185.29926784365023,69.31884938256387,100.4761883052986,-85.50016852911513,1.0
5677,20.494074081072622,-129.64332256361405,-6.340661506801048,65.00586582230343,-198.06253856481146,26.75566809470741,108.94126606696774,-62.88140879075095,1.0
5678,-46.055278228984996,-115.74136058287823,13.845829642985793,31.381990228226574,-193.98488143780938,50.42579404088847,103.27155284367532,-74.08438444299435,1.0
5679,-130.95629817796657,-49.08288104732306,168.7748149107594,50.86735498536279,-184.8205150220904,53.77123104414667,108.2808546010474,-83.44709239840974,1.0
5680,74.90032454250807,-284.36736128319495,-6.999647560534833,46.6512325287113,-196.74850350784286,29.66227419672221,106.66007314843608,-66.81963685615841,1.0
5681,-31.50252255907045,-38.72784537093488,-72.84373486096909,76.25739699554522,-183.19840924652368,54.6066915058143,101.56027083019248,-80.9741884528465,1.0
5682,90.76979636638447,-155.88863645810068,-40.0604356303424,27.156503887367933,-193.05515796553564,37.46853270929565,104.34569210587816,-75.97385197980769,1.0
5683,96.7102587811342,-38.146385059074134,-110.60174584571092,13.221417815594657,-189.04367902190327,50.96016817184657,105.80497684864301,-81.9259861206607,1.0
5684,54.280662455118765,-223.00353651544845,-40.18911425358682,12.31840166288487,-185.92596459417055,50.90797571416522,103.47159823846674,-80.99718111365141,1.0
5685,-107.58964564646551,-89.41260791770918,120.72596358811158,6.166611333272059,-181.4495998082775,66.60177935812615,98.0174387344847,-92.24420532218306,1.0
5686,42.170344528133086,-45.788145268570965,-85.70662384618475,63.40654672864159,-199.54127631838256,15.104748127871552,107.13474306990052,-61.543156298884924,1.0
5687,-72.52468143960515,-124.80677093835166,-122.31588544155854,116.09247843411565,-190.7759809358782,42.753494413619585,101.07803805497406,-70.64470371629308,1.0
5688,0.9913978390461098,-14.560197829904215,5.653514897836565,-43.70877021787637,-183.05359222881762,75.77469837236369,97.23533679129334,-87.86433264390182,1.0
5689,-74.04973543701162,16.744283960964367,53.94498793295296,59.83300750840369,-186.43489223618738,50.92060103907204,100.64292153759249,-76.77146170083576,1.0
5690,-4.630418048783752,43.10819302585206,-0.42014739244370936,37.86161400426889,-181.8708834111061,74.07262538500022,103.04454881923652,-92.75222667830057,1.0
5691,-33.11403706918824,-71.2868869217375,-130.06196184827476,119.61910371941285,-175.8172901355359,72.46165321589035,100.77653398165965,-92.65865178021518,1.0
5692,-47.93828352978732,-57.03236336061579,-47.00527287029701,37.9347774765759,-184.96627108370623,54.689156438718825,97.83313251696993,-82.73719814006078,1.0
5693,-63.967142232911776,-109.85008781791603,78.41062139248696,56.37082002734973,-184.82623791377304,51.126292151697726,103.37817538920271,-83.94642395468342,1.0
5694,-19.915588038803307,-47.196352219099616,4.46134875396611,38.49279170157855,-189.92623812380035,70.41154607773932,99.615502961787,-82.32663935208724,1.0
5695,22.103411065384172,-186.27031428000586,59.88949974411525,16.249001364920556,-184.40934205833284,65.91424689962673,101.44753918564648,-90.47874120353252,1.0
5696,-59.88912603594305,-178.69303932775378,-67.4897184223667,4.934297121700215,-190.82288504595647,51.816781317826674,103.46855369143121,-75.23544915981003,1.0
5697,-32.10188215770366,-2.7957172682857747,33.50932278984496,61.805591748444456,-195.82082742407448,34.24868588601942,102.81767384555327,-67.0378819366938,1.0
5698,60.67606016952192,-91.20676308888874,120.1264429839692,-15.7446863147229,-188.17240969298828,46.3939772099491,103.99763363867454,-77.07334320108623,1.0
5699,-14.399636651135165,-29.260521777583826,-11.462770472582823,18.36391480481527,-178.70992091510786,75.05210060340318,100.7785256370885,-100.85619648249262,1.0
5700,81.59427439484506,-10.63597170857098,-98.96467620340124,42.2364188590271,-184.68078103694808,64.88684921279608,100.08257797095217,-79.93887105634096,1.0
5701,-47.1392635670682,-52.86035555132127,-28.98626860331871,28.778992005080827,-194.32117347615815,40.29299756617622,106.03938611130631,-70.3913473815278,1.0
5702,-7.869604617512066,16.677937964262814,-43.34547935290081,50.64337171556905,-189.25252495946071,41.25104831490904,108.6947669782572,-80.97545707299791,1.0
5703,-55.844743523061794,-0.46506129155121645,-27.81027710117035,35.66984375400956,-182.86676000159687,55.712878309579054,103.91648695065217,-88.24506482683199,1.0
5704,-77.05567030496756,24.37542743506468,71.26181062129248,19.015276468659803,-184.96007622402945,67.59772842113213,96.92035594164784,-86.03128362335602,1.0
5705,-12.838962293464817,-19.09166037520005,30.284765216074604,15.403748775573142,-187.65879589501105,57.3519439012612,100.01875792544479,-80.13112873550757,1.0
5706,-30.31865791075538,-110.65827182530373,26.10761777894876,-11.186850573750357,-183.13331220454845,79.8757970583194,101.99887512910217,-99.42866547397053,1.0
5707,-3.700618966244862,-213.0980412020636,43.232161602460636,-1.153431767005103,-181.2018041379094,68.76812143470652,104.19589559965489,-92.53929777483074,1.0
5708,-60.397038342685946,-104.3019044028013,86.31112908379748,66.09477880296136,-187.26957710804038,55.97398372142719,104.85190178909507,-84.87152183738463,1.0
5709,-97.72020010186614,-58.91331197307246,136.67828667311647,19.60381560473785,-182.01493935702004,62.68352766170699,100.75585478574294,-88.22757354998706,1.0
5710,25.117740149409308,-137.1418920069395,-20.295512835247152,40.263288562604224,-193.46446740480837,41.03701385764465,109.39867037543871,-80.3194841969637,1.0
5711,12.753589437089508,-32.9072430608053,10.388013738692603,-42.288116752631964,-183.44750387263292,79.32903406443116,100.03442894252922,-93.68256194964685,1.0
5712,29.22710876278307,-126.00109243870273,-16.289264909432678,34.8830138921531,-187.6874175592864,52.24719962017221,100.2316132881171,-75.02261833978248,1.0
5713,31.307029101064497,-188.30847226631496,41.601875748706924,-0.10850910272313663,-179.82640076589234,88.42169060879758,94.57775298884418,-93.81635804951718,1.0
5714,-20.032251923004235,-96.95661318800512,-8.609116092853148,-20.305052380643218,-188.9509046338906,53.48449210335202,103.14623132933801,-79.59048303071792,1.0
5715,-13.68004273208574,38.72063079022517,0.47762154142281243,10.41559183443681,-188.63395331795635,61.65365659303744,100.0436030889266,-83.49843194863081,1.0
5716,-60.518071203228054,74.08861073886952,65.94847447009616,29.633107141333248,-185.23462681581438,68.18385399502397,100.92841068295029,-89.27156270772967,1.0
5717,-11.40966088332388,-6.63023950193492,30.43724276987406,-47.43347471393808,-188.90933746031348,58.54514128950948,105.34403015208201,-79.14372571000966,1.0
5718,-48.895825087795636,-117.89856288534337,65.5799659874674,100.11771413679931,-196.66774455137994,40.98073579273331,105.80015354021444,-70.66680198026184,1.0
5719,-24.323227156637213,39.45404835242324,-15.231708534636015,7.1560975128242665,-185.62599257959928,56.34549267140467,98.21714198892187,-86.08390074786408,1.0
5720,-60.83747510781099,-31.163938417616382,126.17194545873649,55.91030974779561,-184.34290431899922,69.50856202407374,99.71293229896126,-86.93250797001754,1.0
5721,-75.13699539738134,-18.282383660454677,55.914711221889,2.280811712018349,-183.55008822829694,64.43564818025098,98.4487179059478,-88.4108591463991,1.0
5722,-57.71870263109298,-28.390908858353953,-18.631854618348925,42.395902140772826,-180.16265624371127,66.76641889798837,98.56333403121137,-92.13800192132014,1.0
5723,-0.4708615270237415,-77.68695821558369,27.562093848505942,35.852286144940784,-185.39272635956695,65.69642895758156,102.99278989188338,-91.21398117035172,1.0
5724,-32.88365611703159,-44.91166064630639,-106.1747746418868,147.10656387338815,-189.62337164183387,64.03925147743851,101.0466784553081,-85.66050655468892,1.0
5725,-79.33456573020486,-214.66820497664213,118.8529467520772,11.029684445471416,-182.73273498209804,65.8060904583743,102.75892300766589,-89.01161707192584,1.0
5726,72.03997168033449,-202.44571528079143,-28.436879520430047,84.37015663122243,-190.3768566370349,47.36989942123071,98.43023841790725,-70.82045885573541,1.0
5727,-27.473197234784845,-6.2849508973020995,-8.08948226491787,54.976871166451026,-186.14606253206563,69.22187493478403,96.33133564701603,-85.10641668868402,1.0
5728,-28.582115800977665,-43.55860060926098,-11.64128307144146,-29.368062886898027,-177.32512803886326,83.70508976629642,96.89115914458746,-101.06706326552458,1.0
5729,27.225010778387414,-107.77771894263802,-4.66102692624254,3.394173924167998,-185.95922475289447,59.14698671816025,102.60363728534826,-81.23809746378014,1.0
5730,44.47213169344673,81.39461047645386,-69.25692445600889,36.18757226619606,-189.28254523961633,35.74314193728272,103.92373303793165,-70.46513284072053,1.0
5731,-19.45820873186682,-84.09245120844857,69.8414878378527,31.596130296793,-193.5267976437328,41.101157622846316,105.66798016312246,-73.7203700422897,1.0
5732,-36.328580759394825,-5.0720548603344575,17.860022369359406,-17.738921801795115,-197.55490215293793,34.55997676334881,107.32916937417653,-64.9209018842633,1.0
5733,-20.129275504728987,-120.16562952176287,-69.20260693047769,137.36238183733923,-182.85752360158702,71.90700608115593,99.26448466905613,-89.81476379500761,1.0
5734,14.568171518243545,15.287809983464996,-93.29100544248614,32.54171605373675,-182.39889306752954,69.67382656011645,100.34454101243723,-92.73692779982075,1.0
5735,-7.797594255882134,-168.27860172286935,55.97619497926109,21.199824545103642,-194.39497968262262,50.51017375325963,105.56551032622454,-79.2660910940218,1.0
5736,23.384727751704638,-113.62654525785294,73.68827073111424,-82.3428266193827,-190.0997805755006,33.99055594003236,108.00150531355084,-75.7888766830917,1.0
5737,-18.354960926281407,41.774536885859426,1.582326532621675,23.862523113931807,-183.016307977695,75.86384743232448,101.37241171147886,-91.09503702365046,1.0
5738,-11.1797014686782,-4.968162659458519,69.0668591431225,81.7541915180391,-191.44136627055218,51.91989186443438,107.53737528532373,-82.35245759757248,1.0
5739,44.987483359046095,-58.54165672292007,107.9017680443922,-73.04669111709224,-185.53640695942858,82.39012715080476,99.53285959999292,-92.74294491832326,1.0
5740,-86.3608986974289,-24.81617493625335,119.19730916514256,22.620659440897338,-186.50239987919883,55.22436214355239,98.2857892115798,-79.9732730055088,1.0
5741,-34.58511961451402,-33.351356172486966,-21.068094137014164,-13.724515207584897,-180.66396769646138,74.03307946978771,97.6900297792479,-92.39779211589808,1.0
5742,-84.805321279878,-138.65975360840014,-89.15642353425686,98.30858388459161,-181.80615961737237,73.69863107256016,96.75152524797045,-90.89668380524246,1.0
5743,-28.023506341341843,-14.089004859319878,33.183241157601095,-44.328760182368164,-181.67675828343076,65.9609316948484,102.03098332655235,-88.75610332638797,1.0
5744,-45.138232689940935,-29.32584591256857,131.47262334232494,-0.06532279027637866,-181.09297629124316,71.1213907973251,98.45473051047311,-92.45450508274659,1.0
5745,-43.0894059289267,-66.67499913945262,-95.38172255302408,91.2519669838545,-186.66277255456075,51.14719483881414,102.87575207795298,-79.56607653153377,1.0
5746,-91.82194906596001,-123.57840883592326,94.17920607190166,35.6891994512666,-190.93738083105202,40.31467868776427,104.73187553023917,-72.89381338309772,1.0
5747,-43.88937015526554,-23.34104378542912,0.1889473294548305,4.3797116773361955,-185.6223434709864,52.44975303766492,101.8849594198594,-81.44843550037402,1.0
5748,-38.68626121700939,-116.44162217208698,-62.301321959722955,64.71222957275978,-184.57912014839954,63.0636662667886,103.18003320541166,-89.001791090229,1.0
5749,-33.45044151807238,-49.04752209425224,-86.21849838132172,90.2976323703463,-183.68879794378424,72.3140792850165,97.63385759864556,-88.36222606465662,1.0
5750,41.83823615441443,-38.298532296901236,-58.782360914820146,31.804908138236204,-183.23775118589072,61.554757902937816,101.79921777643561,-85.80717074432576,1.0
5751,1.438550404665001,-109.37560579273963,-1.597503333658834,16.86388110863917,-189.36854525049816,46.62294254697335,101.91064000866892,-77.14051719548195,1.0
5752,-79.0558467861188,-122.2096158147786,116.16897687235908,24.406966465245027,-190.23976896604182,55.39999610292642,101.74087529888644,-83.95687131183709,1.0
5753,-24.760690689847152,-136.3911495082751,-131.83107791031316,106.10185304373938,-181.79114594638622,60.28362930379246,100.90121174257588,-90.11455162888987,1.0
5754,43.61129055209075,-26.090265555334607,1.6434156500827746,-87.74828157390014,-189.16807135550857,58.80117142038049,100.77001587343455,-78.66216627708016,1.0
5755,31.94440616740919,-87.03590248109387,-24.707116133554617,65.83866644443283,-187.8623318834483,58.123758601947216,99.35284106710539,-76.69607177194672,1.0
5756,-79.93841039887369,-12.790887326590703,3.7267532673685047,19.4817210299881,-199.38834293536945,39.2410131120633,103.32191698518169,-70.07731508710098,1.0
5757,-68.26635634779457,-72.67334800287013,-91.88380456592611,85.33054120376202,-188.91249036141312,47.48702941466285,101.48425232315071,-75.14115268089884,1.0
5758,93.31108768409881,52.3358030691388,-64.8626915185263,24.648869780997728,-186.42188759401466,66.08113076194076,100.82117103262436,-82.46541515710732,1.0
5759,29.207582792315545,-110.40618768803525,-29.055033662274543,61.39475745587296,-189.50037518212872,41.81565633268904,102.48809382926798,-77.42989509050372,1.0
5760,43.969388017471026,-6.091118826955838,76.54527410297608,-132.58790138238763,-188.41898012710547,60.301248794875974,100.04693378394063,-87.65534294928217,1.0
5761,76.85901233750528,-116.5676163896741,-76.41486275304811,122.10038390100961,-185.8078840902926,67.46714833426154,99.85866379350995,-87.93780656972856,1.0
5762,-58.53521092040972,78.67740369782803,-54.40877740687399,33.543107573700105,-194.5592712775446,42.219145114460616,106.21374240095385,-72.93699262390562,1.0
5763,-42.27757742061985,-107.70203776723193,-89.04515289620714,90.86037626220354,-186.50933978780833,64.32168877949238,100.6301751765375,-86.7806685087819,1.0
5764,-57.258610709435445,-130.82544658479893,93.97428404024232,-45.987725112622776,-189.08830723097756,57.573653453793106,104.54497588349501,-79.64842612623826,1.0
5765,8.420169340996802,88.09416290530538,61.567156702098835,-35.12440301390225,-181.7798785951652,72.24795051119241,96.0042620530124,-94.73479019188294,1.0
5766,-34.1772035378465,-41.17158236264541,56.24781379064891,31.460778795436045,-180.96530118192135,73.22522362561847,98.17719435461943,-96.6688354573843,1.0
5767,-101.09900248379951,-134.8685614448987,-137.61979123883495,126.94392962076448,-192.042527192457,51.17124381943203,104.26350055918358,-80.17617169500376,1.0
5768,-22.732826442521162,-37.61734721559131,49.31879842819992,-84.08949650216255,-182.00524730553178,73.03254864772045,99.26335964948186,-89.43384377909446,1.0
5769,12.019322406645404,-50.803351105486904,15.146721100239768,82.08119176578347,-185.12455355766173,61.369354034492005,98.95818803632135,-86.00249751644756,1.0
5770,-92.62770197446383,-87.56263765192935,-99.59618385274031,71.47352123967362,-190.74010538680525,59.4993675448836,103.30243898714355,-82.52845913706669,1.0
5771,-13.432530243100718,-64.15184055794145,-35.282174191723335,42.63792693342322,-190.93162868992673,45.712075214030506,102.37606317920445,-74.63964731632075,1.0
5772,1.6893235467406065,-26.81645039921542,-2.280831572787717,-11.422896801266964,-186.09445039801733,75.24792553225208,99.82618149658296,-90.8529282666014,1.0
5773,-33.456992792988075,-88.43885138789548,-111.7212466434993,120.81456394659872,-183.034418552631,66.55932085839234,101.45831744846602,-88.72042116648046,1.0
5774,-18.569282572452188,-167.88074818594797,49.51986393849666,29.642429532792725,-183.3887814292096,57.17223208172742,101.35373229925575,-85.93999698392713,1.0
5775,-61.59924058429655,-66.72072292298006,106.15240612050249,116.15019792515508,-190.77135710489807,48.96002721834589,104.8192212264087,-80.44146417903944,1.0
5776,-86.93844097269098,-141.16775792461218,92.9046190375576,-123.77009921864004,-189.15337368129616,42.52342341592605,100.76461456326749,-71.29054827723428,1.0
5777,50.158687487157295,4.675863547176984,-67.78718385693256,75.21286408569156,-188.7202449160335,51.21148863753512,102.68817526199129,-76.9859734271946,1.0
5778,-7.5617114801592225,4.898027074790779,21.156450715698995,0.21768612519824093,-172.8802840274041,97.7945590827841,100.3786989341554,-107.41716580925396,1.0
5779,-42.27772680506964,-36.234790718153356,-134.1292021454714,149.83077642590993,-177.50394846244916,60.58697414101086,102.61758131134275,-89.93909812663675,1.0
5780,45.114797489281024,-146.77155179161718,-72.75462098832028,62.312412491192546,-181.64244005767213,72.65769603264495,98.13879203283068,-93.46069755827969,1.0
5781,-90.57963355154003,-19.983650398016096,69.32701853535781,67.89082810851241,-188.9270810283537,52.54158743242257,105.61410804141653,-82.98866513181109,1.0
5782,-86.98642707504519,-18.057471458120926,73.18577134149544,69.86233008540265,-177.69531361241798,65.00821979797092,98.61469289780388,-90.02982073970156,1.0
5783,-19.470948473786816,11.729276840082619,-10.890205783359175,32.608538452796346,-189.47731070741085,55.062734050335955,103.64565726091283,-84.40707400575239,1.0
5784,-57.23012826381325,-111.07793029572836,-71.85187606745838,16.372124860640955,-192.14991212571357,48.8499589785379,105.53245338449479,-81.36795132503096,1.0
5785,-40.75830635460279,-95.90773537038805,-30.284875763587653,20.62393076478795,-186.91863694337428,47.69679944777997,102.2871384277503,-80.52581015197248,1.0
5786,-15.140080270141281,-128.1102763887905,67.02485882871518,23.73313780194257,-189.34112035869276,59.49719296287153,102.97497059745876,-89.47716068692814,1.0
5787,-19.501709474778348,57.161275037740424,5.903652776198881,42.33243873648988,-182.24641791944475,67.50142720366988,100.76418043787285,-88.77373374691328,1.0
5788,56.593591935127684,-65.52268423566969,-121.40194799147952,90.1655529694752,-194.95946640939172,32.9082843032752,102.22260507456821,-67.71376453428027,1.0
5789,-76.67713783343441,-11.708076300570436,98.19368828349674,113.46247806617127,-186.86522241879106,69.68305274681728,99.99167008059902,-88.1933075360872,1.0
5790,-19.365759085592877,-38.98706528611965,-68.39653913435612,67.98059128508544,-185.54639801888058,53.88565288073723,103.27088031418864,-78.64858953767113,1.0
5791,128.0225787629981,-115.957859090706,-139.4355491981373,53.95487970785726,-185.71680780930802,58.72030774893205,102.90417372538688,-86.24626823119408,1.0
5792,-16.96437059104523,-48.13168403707998,-26.021851736691424,15.517528431362967,-192.84517861407116,51.26506587041785,106.7665774498039,-82.953334293807,1.0
5793,-27.736280673935543,17.79907649825977,14.823656336382921,-84.00682541880713,-197.27439862222712,28.68101652957819,109.03308720942363,-75.51957442361076,1.0
5794,17.934054386852615,-63.45104310107791,-29.420471970452866,23.502964551067727,-188.28460290255677,60.34520780891497,102.2666914927338,-82.8950730361981,1.0
5795,-118.49132838233652,-113.18800979312331,-176.8680560529954,204.75095361518373,-174.4017985295045,79.26603008930798,100.66538420584662,-94.21322913737205,1.0
5796,75.29117067766224,-76.2732392280969,-50.55329823063956,8.58726413972125,-186.27225809861966,47.818324244754145,107.68647427500052,-85.1748332283341,1.0
5797,-110.66949430560288,-97.9612818674953,144.33613042741732,13.463517137784628,-184.90093558727963,74.00414503063983,98.78268266768472,-89.36123972225542,1.0
5798,-29.327538397437138,-219.51283991388752,101.72212158898965,18.716132608309515,-184.78730064347812,61.2993390673477,101.38777895756232,-80.0822452047565,1.0
5799,-75.83977780396471,30.03187702272986,14.90038479779249,35.24514319724518,-185.83849984213344,58.50045388030672,101.06241096481227,-86.20191069634338,1.0
5800,-46.454924690020896,-60.905855548824164,32.327462254934424,23.00341708481238,-182.56862847341006,70.2240856244096,101.21881820006577,-88.28855930710753,1.0
5801,-128.56773145446024,-37.03981641661166,141.76787047339957,3.948189752705711,-185.69118788436052,57.39784388809788,101.09680601993172,-84.82148668025917,1.0
5802,-68.31908769133811,-101.2647933833241,-39.75565228592968,17.69555985048325,-191.6271940995935,45.17090073747207,101.21703524174337,-73.38140444482994,1.0
5803,35.90196861894629,-198.0026508234638,-15.031157603291668,66.8337007072317,-183.1241773344835,59.38113388903679,101.14318643675284,-79.8318761658283,1.0
5804,-44.568711962392,61.286995839995704,50.498249988139875,-65.32388002453864,-188.21031363155927,49.784648294731895,102.70891138786418,-75.89418833600118,1.0
5805,14.072900305061452,43.74529293161059,-83.00174186364964,50.5623997625829,-175.39621535242728,75.68693359477142,96.02631801244704,-94.52171901118402,1.0
5806,-26.50885432015415,-36.944032625501315,34.82187509368274,-32.36861276054736,-183.40190696521432,73.46992902789674,101.97237619275049,-93.2695769228199,1.0
5807,-31.320035506141352,-102.01528845426515,82.95656683243318,30.053321069348364,-185.54532181299376,63.57767551913004,101.30360614679373,-83.8921956447015,1.0
5808,43.91306522715618,25.201334238107854,-14.102909268722414,32.19903983500822,-187.23192808459177,63.79588762968179,102.66605946782498,-80.57164354621199,1.0
5809,-28.87278619290592,-79.10557447419933,-36.45085964894989,72.89954898242553,-175.58205735827676,85.42936391020605,97.2210429395503,-98.09317360876248,1.0
5810,111.67890717492371,-125.51065306270604,-114.62922968412097,-6.542582588907359,-187.21247133305275,57.75211866669405,103.92648093768757,-86.03710192703338,1.0
5811,-34.07290414610008,-221.36308801485205,109.61603788263491,55.73848317375095,-188.8360165792634,50.70817072419781,100.56024423819366,-77.52334856169585,1.0
5812,-50.7588109687401,-6.326421032969942,8.932709750435347,83.92187506050651,-191.883412919217,57.462750487305875,103.62240237099122,-79.67283433835667,1.0
5813,-59.83895545276876,-100.89572923848141,-130.22027615507315,146.78202506637754,-191.43627363307846,46.219976721013566,102.96743869924788,-76.6741773724408,1.0
5814,16.11392025494962,-189.02855032207265,-4.927019653170711,-9.356815244433141,-189.8677416745894,55.98391037680398,106.6497488459296,-86.54168539041991,1.0
5815,-121.90335284840602,-32.224721745647656,143.83379546916143,46.7172868366697,-191.68692029085523,48.24935965585971,103.43727511409926,-75.67336885842516,1.0
5816,-58.10870499869941,-8.756242273667908,-65.62344447119972,49.456207811128024,-196.55715438176884,43.183098006177005,106.69775731414296,-71.15383372859331,1.0
5817,-102.80898466970349,-55.64322773071414,-65.34853986936653,64.00869814700772,-187.4650862506978,49.80946827966058,104.09652058404743,-80.43176135931444,1.0
5818,-60.70955530817302,55.991321677488315,88.5321204620479,77.74526080097044,-186.08299283415639,62.110436848471224,100.89556819719408,-88.51395458447017,1.0
5819,10.763818547062565,35.317834200439925,37.41606696914469,-80.50526315624656,-188.97517699545435,50.603182220767,100.96476702411104,-78.17264984259118,1.0
5820,-108.92962974983362,-114.48924713227635,-67.72950930836058,77.02916854455046,-187.29909647427897,52.338465661158395,105.34423605068984,-86.02909973742291,1.0
5821,-25.075055506037614,17.450845466379484,-45.98248571205437,97.23672340875282,-199.21944642092578,17.02219277579188,107.2835450736053,-60.733817588319965,1.0
5822,-11.512053767717973,-49.7688472333577,-26.68174075449279,-11.153052883753729,-185.27176084530404,52.669245486036985,104.64099511594415,-81.00138426825623,1.0
5823,-35.372776500898006,-18.97980437361824,-152.50956896348572,183.90031690640117,-187.47225829007724,52.26046085748794,101.78702224873395,-76.30654327260883,1.0
5824,3.7872037937747347,8.245260855707814,-18.195619492667202,8.685738682086551,-183.07666291038547,61.7642439736661,102.02487894943499,-87.26237637488626,1.0
5825,-70.2740847736554,15.595844502173295,54.2842997273369,35.82597452255795,-179.53163397244919,71.08433619707694,102.09830469737165,-93.27212475358844,1.0
5826,-28.759113433533752,-75.747229926168,10.037879161186414,-19.33105169592684,-184.5549613095672,68.20477952510468,99.9495699485131,-87.96570437898023,1.0
5827,-50.09411532050139,-106.33862280451916,-41.39846013419155,11.712175563705163,-180.1258393577718,73.4222515749831,97.77355778073024,-94.99225539426976,1.0
5828,-18.28043858793202,-103.36753887402857,-49.38841337991684,10.311441717296288,-188.77031995237272,48.98855212096073,103.27160031961569,-80.75021051947698,1.0
5829,5.743687599258907,-29.215137637117138,-28.916194532836215,-27.6274542085307,-178.57759121372862,87.70006605978759,97.71107380475569,-98.69090249809403,1.0
5830,-97.92823552365779,-52.618191209553046,-119.75066739558926,118.37537295065141,-176.8954576195283,80.6803585416027,100.94283491807984,-96.8550499369103,1.0
5831,-26.86766273646521,-23.9947351719411,-9.50732403351232,-41.303531021462646,-188.95068315911897,47.750999886322994,105.18785228266283,-78.72463489749035,1.0
5832,-37.35922380568367,-116.60810155078343,62.48939780503606,51.30613169580004,-190.99119056529602,52.459937532651956,104.34432406538181,-81.00881451932563,1.0
5833,-15.010075316218702,-111.39047388292664,29.59242000879102,67.67387227631495,-186.64677520429046,70.15594575139765,103.0139588975303,-90.30644737408802,1.0
5834,-216.2064838042225,-21.75010149926283,197.029285384055,33.16657976781484,-178.65075601847073,65.04715669883565,100.5280675000592,-95.57774656075745,1.0
5835,5.258222084951397,-101.56095942083911,65.56069708958802,18.39177538425311,-185.27386035103737,49.74251065852175,102.04230616222132,-87.11666711502646,1.0
5836,-131.61865549848451,-68.57083256805939,161.90138123629356,26.28234180752818,-187.21396008528518,49.296632013148596,103.60245899593609,-81.92832870988585,1.0
5837,-71.94591352606272,-95.45416039484806,67.69244808040762,111.32461689157287,-182.7912655974877,66.75244584923351,105.19248938008357,-90.94248352020732,1.0
5838,-42.73479183638757,-25.04292667359763,-103.91542484055492,118.18182387411791,-183.94498145508302,47.680500136075345,105.49203122325736,-86.75954817623868,1.0
5839,-18.287594311156525,-13.384600050263762,22.180107703109307,-105.26234563564434,-184.7972369485995,74.75628767144191,99.5988175368229,-90.05681118701133,1.0
5840,-77.73683209308821,-80.02998471861187,91.94576388783811,26.63439072144047,-183.59507814907712,56.967413462024695,103.85928711974056,-81.43264159776756,1.0
5841,-45.96827402327245,-3.2667965110084074,-58.27960028326588,77.80125360897235,-183.15088663531225,63.465618972781144,97.51651572453298,-86.15367158124252,1.0
5842,-140.6729454136165,-88.8181837785854,-173.58875317207776,215.40461817997885,-186.0993244551978,48.0334694135915,102.95189637360433,-79.39542361130388,1.0
5843,-81.58589892174449,-55.86614149413758,165.81609857557362,0.12859412376023394,-188.84240175402306,54.39489378622595,101.12363479800999,-80.28799430724527,1.0
5844,-66.41914758854297,-126.14524499975879,100.87749267029662,-1.6816018146446343,-184.56301678214373,72.89047009654169,98.21656834668515,-91.97288282633231,1.0
5845,13.298679559182403,-0.5213772417436646,-48.48823362329529,52.06563362960297,-185.3520280645402,60.05447526709393,104.46782754347535,-88.46200111248527,1.0
5846,-94.63970075955692,-64.60863090423643,-145.8414824634541,177.48097304888103,-184.49833589081965,66.93911289560408,98.23010101870997,-88.11323147227284,1.0
5847,62.76687405775936,-124.59894500633352,-29.02074378071571,53.49814660167388,-193.75469111377947,47.85830279277685,106.88586034171698,-87.29329610647038,1.0
5848,-84.53233676686634,-113.47028372481796,146.68268748634762,2.537940396385835,-184.08229401483246,84.45796774647437,99.72566000278073,-97.6617820592713,1.0
5849,-82.20051039077059,-73.01635297466484,-68.82867080485637,114.96402774522949,-186.60633673966456,62.821998304528776,103.37688664344778,-88.8679399866127,1.0
5850,-14.216192565191902,-64.31270034842679,-81.47946488409434,84.72682389317761,-190.6287147835654,52.60325179160887,105.09955797354557,-78.05994592823816,1.0
5851,40.68541003627146,77.56222377270588,48.60331411435934,-46.69178992090327,-197.91105392184596,42.114802797764746,107.91590568728618,-78.75719686653397,1.0
5852,-17.91278907497827,-175.85197371518817,-129.59387324263827,123.51158738634192,-183.60531453138918,64.8015220272748,101.54866814604692,-89.67516472645285,1.0
5853,-1.0547772496438956,-68.76626906116847,-14.649862900054778,92.53064355321638,-191.35016508371586,46.14912482698717,102.5238554103725,-74.35819653641376,1.0
5854,-45.67020985572784,-26.03065627978218,65.43457846862661,-33.587831780375545,-175.98296332006134,85.71710551514833,99.86652853765447,-102.02062327414825,1.0
5855,-52.95700295353245,-19.62709288372509,-100.06418058807958,116.97784740081221,-178.95467188856588,82.22584045138609,101.75417869708647,-101.77470192338036,1.0
5856,-47.25365476277468,-34.90445933548425,-106.97481113112741,107.85840832558038,-183.9970201121333,63.596691537626185,100.4329682708273,-85.00347540689995,1.0
5857,-85.94818730788403,-49.04623962446234,-48.50369657753619,89.0168550506381,-176.53310242978358,72.57319073117709,97.29909908796874,-89.52205481461075,1.0
5858,49.804532946852,-123.13705714660279,-43.37901149517437,42.767191580207516,-182.13314206997416,65.96197324960515,99.21603613810223,-86.56824176652745,1.0
5859,-54.81239429527112,10.076041084733479,66.57791112173916,31.52212745089104,-191.2519143860961,47.522587649519274,98.7392147287628,-78.96634458932262,1.0
5860,-5.101407520014534,-106.18949922381971,-77.02216001287042,64.63183068259096,-181.93466700380446,65.16419210895255,98.3167179432171,-87.99085733643287,1.0
5861,10.16450610575293,-118.77626903060316,55.66183903125859,16.662947451354363,-193.4799830270379,35.56537572029589,108.11957761245714,-72.54650589133276,1.0
5862,-5.884535828124998,-28.258238885422372,0.1027453005259471,59.71912452364738,-187.31377692550484,69.0316971291183,103.8218243934596,-89.07522355474717,1.0
5863,-26.318667176999423,-45.52140805832074,10.313761586144421,-23.858542757387234,-187.37196554381944,53.01716559413614,101.49122985952484,-80.62195832909534,1.0
5864,-17.22723111344803,-55.50980444949095,-19.510877785796545,-1.791889030031546,-185.65360278328652,63.49564136276675,101.74788947681232,-84.36918315197084,1.0
5865,-46.47849343455934,-108.19969648211986,59.16562798668399,27.222116518872173,-179.066665647618,80.90150550579936,98.00316364011499,-94.64853512940554,1.0
5866,-58.17808882109632,-72.08942739133981,-79.08541452627999,89.56945150276702,-187.18981887224444,56.50889908965873,105.63823454792525,-85.86482668494486,1.0
5867,-81.38033796016076,-5.408220858305274,56.215394661440264,64.93047800173785,-182.55949594957565,75.82421240463326,101.4305095488384,-95.63218046816118,1.0
5868,-84.89075693405906,-190.04468716330314,-126.11274528514245,87.65744159437895,-183.37327968613994,73.07538703144087,102.43830431056598,-89.94563486804087,1.0
5869,-3.5406464327421503,-28.164823904073433,-39.36082136305713,46.777043678335176,-191.02271924267586,56.482229767457675,100.6891324918753,-75.02112732896158,1.0
5870,70.74329142675917,-82.28930505026375,-138.4696176346777,77.66546802821924,-185.61405202586658,69.64759858939917,100.31754181345778,-93.08926290677755,1.0
5871,61.12145521745991,-57.14489258911324,-24.538714627501047,70.54205708640819,-183.27435689178037,67.0047627267952,103.81158154448825,-89.79276687055705,1.0
5872,-97.84744887904073,173.83141803461646,13.837132067256125,144.7908489792043,-190.0047420781799,46.33439090798463,104.2311425536893,-73.91003812416365,1.0
5873,30.6289696749499,-53.71604862251023,146.53662167718812,-41.99647507149472,-187.54100398380245,60.976453179348354,103.26982309608081,-83.80902930527394,1.0
5874,-101.28851253359387,-122.90445153228072,-89.62661710304286,111.13605665326689,-179.94338765227917,70.54924119330168,102.0328830224378,-89.91822324786092,1.0
5875,31.73087241208704,-108.70165594434175,34.92475576776767,49.75004388984444,-186.54342018382064,52.07916933262848,104.32934684247603,-81.36483646672654,1.0
5876,-13.312837674105154,87.53737856378041,-47.84850284145832,47.449926734984,-186.27199537341576,65.65607094131721,99.05652075638919,-86.19696397808221,1.0
5877,-11.367444442232422,25.226414915352656,27.958798419272156,-56.620846233678954,-180.13667272041954,70.28211641192033,100.23413212773977,-89.99555076016303,1.0
5878,-135.5104267811708,69.37510849790283,117.33923638067978,41.37123315836024,-187.55336858535122,52.03695488203155,102.65663567369455,-81.77523631123687,1.0
5879,16.253151089407535,17.564122713464947,-49.242082784241205,79.9668689864788,-184.9665586494362,69.02019988122632,97.49849896925821,-89.22628493915312,1.0
5880,-32.725324956911365,-104.70076719521191,-56.053217195865344,-7.231225427792854,-192.9396600107271,45.931798074875786,102.76907981238544,-77.61060369950627,1.0
5881,3.7689222546295587,-54.73252276482118,94.33351506782321,23.884355416248916,-187.67589017024142,63.242557916406064,102.12058778979518,-84.57530231081557,1.0
5882,13.8646053792423,-89.01849923057034,115.30185284391581,-42.78894317027439,-183.9659004820268,82.73757187330442,101.66448957184072,-96.19904787124824,1.0
5883,-17.437520576358803,50.67588582133335,-3.20582716097359,12.980799768080129,-185.22305795061754,76.0346055794388,98.0979665722131,-85.27924354433152,1.0
5884,-51.07449427070389,-34.464292777255096,37.49055676825759,61.61769734338859,-193.1605978013282,51.0059809884165,101.32949165993189,-78.30715999238805,1.0
5885,-78.7053300906771,-153.38176348004555,104.07638987515907,27.49077970027509,-191.27388328585886,59.62965769737176,105.96211556081133,-84.63652896641628,1.0
5886,-45.94574436712314,-93.79740334113703,-63.71234414066576,80.43347394222718,-187.1826640380117,58.69142037921151,102.19528575206157,-80.96969169439633,1.0
5887,44.59643716351466,-55.72396506983714,17.727621725147277,-9.775120976518064,-188.6307691275758,44.10938154498457,107.55208561822249,-78.24998500424415,1.0
5888,38.56039417557484,9.885367619216423,62.914131370593296,-101.94245311199404,-191.38442490607028,34.54518348556387,104.71597015223648,-72.0614030695957,1.0
5889,-68.57022832160284,-69.6375372356105,-55.76497645202599,30.630805730827586,-194.8258230367563,31.49726188954209,104.23397862121,-68.41586964179962,1.0
5890,119.65208076411247,-230.64478159322843,194.81350028033344,-9.97148746528927,-188.36240762188388,53.0624275669207,103.0982389927281,-82.6857469457942,1.0
5891,-12.813110553158555,-87.88305211234885,-19.806573472225786,-8.782098274343053,-180.5290100276934,64.16891611700214,100.23610699149565,-91.32248399589817,1.0
5892,-96.15870428859691,14.850485644669043,29.820307212536733,-34.24236771011666,-181.83465704992676,63.43413128603711,101.78707348953778,-86.66611174609663,1.0
5893,-8.679537416313254,-48.27058389657786,-32.729521710527635,19.093824459134968,-191.71841627347845,56.195180277622796,104.840452528638,-83.15607711022673,1.0
5894,-45.988378757503384,-97.09153630326657,-54.795421864690255,27.43405170362197,-192.50801314731626,45.19767212138177,104.1369744968163,-77.28679112963256,1.0
5895,-105.43971592202475,-94.84509210270161,-118.36095662107758,203.2261036408046,-176.95248427693156,80.36049963801264,99.09271915456165,-98.29378903682213,1.0
5896,-56.888324741740945,10.662950920575437,-50.2208159438356,62.883453139493064,-183.6337162803709,82.71285820981204,97.51910089958729,-88.08300475362363,1.0
5897,-37.72312285502776,-70.5573988966839,52.41908096157718,59.6258894510181,-188.10848002174578,62.71376789323042,99.19958671876854,-78.70789742192228,1.0
5898,-70.3509917388415,-47.14736697165732,-51.661487757058644,51.61436197740576,-187.24344162106806,63.794395382462035,102.94436107205071,-85.91426338869626,1.0
5899,-101.19782749932438,-137.07430660734516,140.1058976184377,67.020485733753,-177.2388187091714,87.24006892374786,95.80061288481315,-104.00752203170687,1.0
5900,-19.001274205342632,-81.56453814222411,3.49039393321367,52.420765013208005,-191.5732666171218,58.5414144155325,102.06709763640652,-77.90626617561358,1.0
5901,-54.29756515021589,-44.85261875849001,72.38884785643272,46.09802638538834,-185.65386357750842,54.42769749049603,102.01892993640412,-81.13915704155585,1.0
5902,36.13946807354995,-21.40017374247226,-67.49997315506901,20.513638941957137,-188.466782196726,64.22210686669332,100.16772976412173,-84.15505273035701,1.0
5903,-104.86745550654919,37.10681676644691,132.25235102650305,25.2303518167006,-177.72312083642822,77.6683363108018,95.61162334240535,-98.00872874883237,1.0
5904,3.8691109762130473,107.58307461435253,26.22320243848074,2.8332623407495428,-193.667999120086,39.59353346771176,103.57836916628155,-70.51361448713361,1.0
5905,-45.94978784099994,-5.50745237561518,-68.16931699936745,81.61753316247832,-195.88481739230883,18.515274487735027,105.08513797543328,-60.182667530153566,1.0
5906,-51.2668446980687,-58.171527582109874,-49.329620535170235,54.81246069077073,-188.82023668157066,48.8503256558258,103.54856696812155,-76.65848287844578,1.0
5907,-6.312969362878778,-45.45050318747735,-26.48720529438835,64.3818099379686,-186.95154489198976,59.98673619276532,102.43532435716892,-85.63741852939916,1.0
5908,45.485724465575686,-38.839013180708356,-110.53128579838713,69.5033943691531,-187.24883093205472,53.080097153556444,101.62130342707808,-85.55019101453738,1.0
5909,-25.398218522023157,111.3845494043177,-30.883533153273568,39.07403150706659,-187.98853304849914,50.37570616464809,100.7253986783509,-78.06227695074757,1.0
5910,-42.00702634302709,-79.81663219256032,38.872465231501494,-25.16499590562494,-186.26111017329427,57.828366055496346,101.36137804049359,-82.60626150198608,1.0
5911,-94.80449934442066,-52.877534092673784,98.00648030547461,-3.6981371120796025,-192.8818429060361,55.659638549993424,103.10707060994882,-82.70588488514741,1.0
5912,-28.326084609258118,-24.861262535550022,-24.319701625618947,33.426296329539134,-186.65153690428298,40.49737028132806,105.43673721506734,-74.16661390749258,1.0
5913,-73.82708984656246,-157.46597659760394,108.48650701215574,32.8416428811296,-195.05931068711925,37.624108685997555,109.4750165931277,-75.27861060204285,1.0
5914,-1.793052856433247,-139.55575765739482,12.26695989772919,75.51495785952027,-186.48464766951324,65.21045914812176,98.80063217847338,-80.48202722584517,1.0
5915,-75.64699775614442,77.31954426374578,119.35466030492483,44.729479443845875,-185.30615084996276,59.97862349997231,103.29490467762467,-82.32209315583731,1.0
5916,-105.15822732354938,73.74776053792655,86.7718006161936,2.873637507811261,-180.1687455889038,74.08174247773532,99.35773812923088,-93.15355343818348,1.0
5917,-75.63246522671898,-85.99595566408908,-92.50900820567693,69.02756076007097,-190.57158888315016,38.06990713589237,106.77144089691237,-74.44030679140167,1.0
5918,-3.976183544744999,-5.976131258598438,-29.5398468640796,32.38685238581432,-195.05351035470613,43.42904242155848,106.89710238566127,-71.80572001942286,1.0
5919,-59.514461675492726,-67.79935814253389,-112.59050638953654,148.3914564307473,-186.2566869540948,55.47897322922493,101.07410547148108,-79.07667359707986,1.0
5920,-117.36427410389969,26.177145849236215,123.10435639097435,61.125118602500486,-188.99798962013483,49.44515861997977,101.28395126867856,-71.05925000198476,1.0
5921,-87.53036039614082,-93.03669525852696,154.32398398098647,5.920305880143189,-184.96715181304177,49.997465597305066,101.42648861707066,-80.8879010535331,1.0
5922,12.531158767345296,-157.35591135397956,49.08479687059539,77.30949823138306,-174.48021514797298,98.7182452094283,96.05827148849441,-106.98393137413731,1.0
5923,-25.886763730485335,21.675112522316343,-13.80810982365295,27.72755520539271,-199.31384194668902,38.83809325222579,107.14222362343368,-69.82572355932085,1.0
5924,-91.25016613839718,-82.77643078120222,-111.54480942732094,85.66183699117718,-185.63077146583137,56.15472368020504,104.62000978432498,-86.64598532499548,1.0
5925,-11.860050212178031,61.99218538309117,99.97915725454067,-81.52451948551209,-186.670274653964,63.69960984071036,98.35686099594798,-83.46704747389462,1.0
5926,-37.554177449699104,-29.14314745775141,-50.40677308276275,37.790615722237284,-175.3201683040652,84.99909686233983,98.81426206603999,-92.2637528824016,1.0
5927,-15.547448937837363,-59.46207106909724,28.873473667727833,-36.50373461542454,-187.17263148621856,64.63678310475528,102.37882692567503,-85.09498283176706,1.0
5928,-42.34267512494069,46.29773130740528,55.151996524062405,26.43312858662482,-190.02104986804173,55.06673443530832,105.0498368813713,-77.54647386882195,1.0
5929,-100.4092217634347,-44.746824170490406,60.757899587125884,69.8811092440959,-194.90232664922945,31.4534144413334,106.57502424417467,-66.09438611245243,1.0
5930,35.57333831384489,-117.74300262174657,-44.18254086950806,46.23870281587437,-191.77387835372872,42.66988767308184,103.6028904536444,-72.85108570012385,1.0
5931,-62.15239206598383,-10.169143643197437,39.327655716207246,-36.926547190811256,-194.41522778506632,42.34299415838103,108.12715789268184,-68.6672250833447,1.0
5932,-24.856909428555838,-34.67100304806783,40.51216955572482,-36.62845588446289,-186.67844291715846,52.61535822848914,99.25292268857581,-78.38300447020637,1.0
5933,-10.57316938413473,41.1146474772204,23.91757624005084,5.484334077210345,-188.64761884403265,43.06401241498551,101.38868205178042,-75.5717219440455,1.0
5934,11.582950518600803,-36.581553343231,-63.247611999120835,91.71125285828057,-179.08350931410888,75.24540873927639,98.06033431158178,-91.0709995602504,1.0
5935,69.01046001483984,14.072186588342051,-98.27751233297167,10.537346690059124,-182.85188575513882,69.85723783353602,100.909317704828,-88.12355010028394,1.0
5936,-145.82942387232916,-70.28467891787959,113.89337824284904,39.618406637561954,-192.20659870936484,45.48124171865177,101.31725707147173,-73.46129031528807,1.0
5937,-11.539431350570622,-46.72359757132304,-20.903704252194746,23.748652085963002,-192.95597392935866,54.26228869309895,105.94429279772486,-78.03800446950132,1.0
5938,-45.14086866762179,-117.8750094599113,-53.33028767725077,24.520624672347505,-193.06383200056317,40.84700722748711,107.15881689909988,-79.68385648794039,1.0
5939,27.50533004498771,90.65353990458502,-56.93547690374603,83.4344048800991,-187.39134851103037,52.2561416846258,100.52336889378233,-81.59728628199233,1.0
5940,113.57636680038263,130.48216904957192,69.15822873125259,-58.39833563720204,-187.98367433700727,57.49370479192297,102.66588001196482,-83.617032380762,1.0
5941,-18.022403779855104,-77.00822409657455,54.39954361714224,-82.37414493302614,-184.12603785184925,65.3867504873232,99.2014775304642,-83.83490688829126,1.0
5942,-70.44113708884521,-73.96836033710315,-4.079111275754882,-37.03183248622577,-187.27379200008278,61.23186417632395,98.64388524376642,-79.1740027765111,1.0
5943,10.806624525224546,33.99953080619884,-26.513003950251925,37.78693953691391,-185.25831298356638,52.331875727378964,102.20177272355643,-81.15332351603692,1.0
5944,-30.366648689507546,51.94161725398693,21.162463623146415,55.14061716627321,-181.98397552966426,66.8940645483216,101.08506665371048,-89.10787562647582,1.0
5945,-54.38843615172529,50.28319181697917,-31.40775482283415,47.003831978856205,-185.8986986348238,54.067628370869684,103.77933756149923,-84.05133344676533,1.0
5946,26.35677602316854,-58.0687880100581,-20.859000703795793,22.779939827546194,-194.58864454544084,37.2116971303668,106.78652638270168,-76.77078413201177,1.0
5947,127.46203089520544,-116.33955025365191,-144.8418578936294,17.10791641028767,-187.56993027920677,53.088626029181704,104.06268893261746,-84.9314540114112,1.0
5948,-134.42958526045686,-113.39826355668433,-90.16321779702845,87.08191906040095,-182.69307414836362,48.720240371595935,104.66108935084203,-84.50591673543028,1.0
5949,-1.6110092463410108,-34.12129434173677,-56.09092828300013,45.475766858424,-181.0208461164987,71.5385911800349,97.74387335996374,-87.8355742745101,1.0
5950,-26.108150760190153,-24.854157697787404,-65.18407277603539,93.89513979815987,-189.62342040481644,64.11725244215901,102.2890675703479,-90.08651700033191,1.0
5951,-62.86859091171713,-124.15412671794476,-78.41495115283925,28.092920534122364,-188.69191437769763,45.957306989789345,100.19176512535091,-76.52798372884162,1.0
5952,66.01013767165536,-9.899470301543294,63.072642193848914,-156.04625114328888,-189.7827696005573,65.21684164841268,102.62352804812551,-85.46237798743293,1.0
5953,-93.53619224537168,-127.06265094313002,-54.99777509179864,43.11916962101595,-187.0474107789273,61.75717946295801,99.69124146266853,-83.73967349174866,1.0
5954,-32.94629590057142,12.752250465321445,-36.26528399808647,60.602289634568926,-188.47965208886686,46.18011799747813,101.30832501331767,-79.24885807952457,1.0
5955,39.31944216157122,5.006102656593875,0.8909495394943068,-8.805605256436206,-175.55104079711518,80.48666234243706,101.44816934057597,-102.50008674095115,1.0
5956,19.068362127559237,-8.78703365497473,20.03002917512967,-13.974621292591493,-187.86606548202525,56.79035887472355,101.80775687958271,-75.13087339351603,1.0
5957,-148.0931285923334,61.484977867956616,127.32006154436526,19.39302078388878,-179.51222071407213,69.72857092211459,97.98063510166517,-84.50895729016793,1.0
5958,43.59082431776041,-59.900969613835706,132.99153650633423,-79.82248356538531,-182.61247440732294,56.16681910687961,102.48002325852767,-81.78310735803096,1.0
5959,-19.324202129596095,-126.6986673550901,-5.816947183307325,38.463048736551514,-180.6514451152267,68.76728242437378,100.48527768165893,-91.01047404908849,1.0
5960,10.195657032989375,43.53966254947903,48.770681136910824,-62.44528428998214,-185.81239213840453,50.05980472268101,101.77690034076953,-81.62075810351855,1.0
5961,-41.807424216189226,44.44490693914835,20.75166720946694,-29.091611122438465,-187.49458187439447,56.54118251752811,103.69432835454955,-83.05104905091036,1.0
5962,-1.9039509438775137,-106.86058390429758,23.189443768203734,23.907722310908223,-191.66996680562465,49.983088145853884,103.90091724396453,-76.82294079695168,1.0
5963,-57.6571756703614,-28.84682704488588,-77.03724818705223,104.1617552715103,-190.13393014878508,40.451597193828114,101.70231165900165,-73.2286938106428,1.0
5964,-107.70145980140886,-167.70756795139684,-142.4720791828588,125.4714893110956,-191.62862641562543,49.362036221992966,105.1144086854196,-79.99642518325977,1.0
5965,-60.83237185643087,-3.6446672618465237,-67.46583828836805,117.9179440869821,-184.9693417735667,50.16431540247903,104.11856994793995,-81.71650798255813,1.0
5966,-56.85381772027351,-78.29272603515363,-16.956130637583787,-20.87498999051767,-195.92410524325146,29.072346116818736,110.5986674104896,-74.62795579930162,1.0
5967,-76.34937228725241,-37.1699828882848,-47.44917091507857,87.59176996919841,-189.75132111407083,52.9824109009555,101.57493041977882,-73.15217094712436,1.0
5968,-4.9632359691455905,-46.83459307082949,-56.140727873518756,61.21031183918291,-182.3443418269567,58.546611818507344,100.5731561776142,-80.35827219366621,1.0
5969,32.13765897970225,52.28259230959513,-0.7049557224131919,8.79692128234399,-189.10147314296196,28.575124169030733,107.61131021484708,-71.73394354647905,1.0
5970,5.261178151157658,71.86168144246898,4.682757273977894,17.574660146279662,-184.07062866036802,70.24550307076083,98.73413216703617,-91.68251904053943,1.0
5971,19.43909160341026,-38.14327665835723,60.99762220112703,-111.83394030274938,-183.59151511928357,41.05819150800271,101.98743946688813,-81.23282954071853,1.0
5972,-51.079745281373576,-63.16486016724725,12.94272668274592,-33.125514052678916,-188.90134607616963,60.656679454710144,97.51722593920881,-83.1755955262716,1.0
5973,-135.35706781740592,-159.80808859489045,-179.58620361277184,210.60150443061713,-187.9298183116956,56.468715660404506,100.91113732812951,-78.25656533836572,1.0
5974,12.855858472749372,-133.57527736040083,-31.30176250020633,74.85316508017534,-191.030160335704,58.036915669605655,100.62129462063331,-83.13033036665547,1.0
5975,-82.50413386972374,-18.43140898976476,78.66342391023235,46.75723195678261,-184.54080356825207,69.01874407392492,103.06525395994109,-94.44214963048223,1.0
5976,-68.63376888996702,-69.17164338241757,-68.17790245226078,68.14306578676502,-181.9589457911158,68.62904255201612,103.0178555109635,-88.88549441099124,1.0
5977,-21.909333088065882,24.502474063611658,-27.383015312399895,29.10543837929677,-183.78978446991914,55.80907946426585,103.05124031796345,-84.60394415603203,1.0
5978,-42.50799945794277,-108.04084696446006,-78.74138781998809,84.50541520435831,-185.54118390835418,55.817472964176716,105.22228335758233,-84.47204063609077,1.0
5979,5.386525419525507,-9.958578923491125,-34.29144714245728,2.284696069317765,-183.84008273611698,59.83782799534246,100.28467721265379,-79.82774570421977,1.0
5980,40.61254755366983,-76.97312953177588,-24.85694969781813,84.62473712510918,-184.84525377058748,54.12265468611808,103.1202041458393,-82.96506950745393,1.0
5981,-109.24826589894074,-28.93186080834359,111.06491410196182,40.39788080705758,-192.2589533724806,57.7924221155297,105.02267711341275,-83.5356220483182,1.0
5982,22.393622734734176,-128.16553782223843,-48.83654104407265,30.845894186255318,-186.31575977188876,59.25085399440976,98.38645009858381,-86.6249035662581,1.0
5983,-8.127661331176956,68.67934054096085,-3.807747223647162,-4.6419267214075965,-180.88884593698597,74.72564250485337,96.92126208093326,-87.66787137349041,1.0
5984,-4.444283176657954,38.379470477334365,-42.33389544491966,47.123328038483436,-180.07068092696528,75.80584638867292,101.33913780094666,-94.72834178361266,1.0
5985,-160.88888082694982,-30.95431262130466,180.57344858196376,4.241538049060667,-184.5765305745207,65.94788764599197,100.943608616515,-85.79212800500432,1.0
5986,-60.34664027179496,-73.91129889701998,-73.37859814815681,72.8741070629227,-181.33451333656396,71.27380910603443,99.66088737982638,-87.9889455767112,1.0
5987,1.8010817564939274,-5.6134820130317395,-60.207416307861585,88.26686115868397,-192.31278386970922,42.10067399456698,103.72326849070048,-71.50201993923147,1.0
5988,38.933339972281075,18.387467391037415,-9.775081205928931,2.254297590025478,-181.52492519945827,72.12864098770778,98.4268934371826,-98.24026506921716,1.0
5989,-55.97676343204754,-66.76884105990189,-81.68083384395332,132.28540371338505,-195.2302464885572,42.543594182789406,107.23130013487396,-70.76106624348158,1.0
5990,-126.16042135101482,-175.66336358481627,-78.32933581075949,73.55303451866155,-186.57083814109802,49.83772103312261,105.119051971231,-78.58713461228119,1.0
5991,-51.42109274751687,-58.63749900691795,-23.145744313000915,8.391963317443569,-177.52057706574047,74.56573976362392,100.14972573698404,-94.26061137925532,1.0
5992,-48.851311402318856,81.20815496775653,-22.361810294673223,72.84705534797102,-184.70872743762294,55.39998434207886,101.27367198798488,-82.64794103687329,1.0
5993,-46.263406559642874,-7.884360027325315,36.99723019764342,3.1353892653501414,-186.84469166151564,65.34647130382466,98.37556781166316,-86.31156213326022,1.0
5994,-57.8205642689875,-108.0426203711366,-100.37201742008834,105.7106663285895,-174.96822756374618,102.45106447977535,94.81357930877812,-105.3791224676834,1.0
5995,-65.4316875524345,-31.22471184564367,-65.40651515095823,57.4872037218935,-178.58016013582164,84.33728592918982,95.95553697368007,-100.85976730146443,1.0
5996,-27.64276281858164,-24.711200351552844,-91.92391021126208,138.28150889823092,-181.399800743027,57.97966059167776,105.29623657736317,-83.15150528205372,1.0
5997,12.661339148624485,-92.75907478174413,-9.696121645488248,70.06826225550559,-184.00191404075355,63.651008627610366,99.37997498781733,-84.74482953508155,1.0
5998,-82.09146728392098,142.90127435610924,29.825570708796178,-11.042173981272823,-174.16314386034642,84.22337936643497,93.42867503914155,-95.04369708804201,1.0
5999,-15.803956552841658,-96.31376403863469,-91.67026411854809,41.944586574147046,-193.8164817760563,39.29715547165099,104.31594473744346,-71.14814431443358,1.0
